0 0 0 0 0 0 0 0 0 0 0 0 0 0 0 0 0 0 0 0
19 116 12 139 72 113 56 113 62 147 75 91 121 127 47 110 69 26 96 139
88 38 43 62 121 81 86 72 80 129 46 92 124 22 136 11 36 119 115 89
131 20 12 20 143 121 28 127 118 58 16 43 93 52 45 46 33 130 14 56
89 85 42 34 60 26 40 36 87 27 76 18 78 77 124 107 99 102 63 59
12 87 114 58 31 148 75 27 137 122 18 85 36 102 55 100 67 77 102 99
19 94 79 143 90 49 74 48 97 114 106 11 34 122 32 98 89 125 70 141
17 15 96 41 36 18 144 98 103 24 145 48 33 19 147 113 127 28 97 46
17 18 130 146 140 135 22 67 126 84 80 24 15 10 59 119 46 107 129 20
54 149 67 40 91 133 86 119 43 43 26 118 56 120 69 117 23 22 70 117
86 11 105 40 142 73 11 145 15 54 27 28 21 94 18 96 72 70 87 100
129 27 119 32 70 58 103 38 76 99 32 24 138 79 42 51 49 16 130 22
133 141 108 92 43 124 76 96 116 98 137 145 17 132 42 30 90 40 97 65
85 59 96 26 100 95 106 19 76 91 76 85 86 53 20 28 138 35 108 13
14 135 119 56 53 54 97 31 92 76 59 58 99 126 21 93 121 125 10 132
99 123 77 62 132 136 97 129 75 39 65 131 43 106 15 102 71 17 75 132
49 130 19 46 93 140 63 117 121 16 77 73 43 139 40 95 57 124 119 113
