0 0 0 0 0 0 0 0 0 0 0 0 0 0 0
13 95 72 130 96 83 139 72 64 145 122 49 16 100 147
22 89 139 51 41 78 61 37 87 97 97 128 87 59 140
83 124 99 37 11 27 23 96 30 59 29 71 63 139 149
82 78 14 75 15 115 103 30 110 107 99 104 81 100 134
41 96 139 20 55 133 131 42 58 41 96 116 91 87 105
68 117 93 59 62 68 23 51 116 82 139 82 13 120 92
62 69 69 20 119 126 76 28 111 137 142 136 30 138 15
67 115 97 56 119 20 44 41 46 96 119 97 104 74 35
121 140 34 57 22 65 111 65 74 27 101 47 142 13 31
12 82 140 129 88 135 91 76 84 75 93 82 70 136 17
142 121 109 95 132 83 101 101 81 124 109 139 112 82 96
44 114 101 40 52 39 112 85 141 80 101 139 147 107 128
82 149 92 123 88 120 17 118 77 74 99 125 14 31 40
122 48 18 120 97 131 87 146 62 128 80 24 68 114 18
136 26 102 104 48 92 116 81 63 13 131 57 141 133 145
111 57 16 45 85 91 18 27 61 44 73 37 56 112 146
57 21 17 82 89 44 58 143 19 59 115 70 146 55 54
80 15 131 34 29 110 41 21 131 34 25 132 52 35 119
75 82 46 11 144 134 99 123 104 100 116 21 144 104 13
119 11 108 23 70 47 68 103 27 84 124 89 54 45 51
18 145 79 68 11 121 121 25 108 123 43 115 89 65 59
120 52 15 71 11 142 132 61 100 96 62 120 33 145 126
57 42 19 121 54 107 35 62 58 48 26 140 103 141 143
77 47 25 77 108 148 14 84 98 26 80 31 115 38 62
78 20 103 90 122 140 148 105 117 133 21 101 98 135 37
44 105 59 83 67 53 73 53 118 108 138 96 19 61 145
93 128 66 53 140 79 48 100 123 85 134 139 70 138 78
104 40 113 117 109 46 38 134 62 66 74 149 35 37 140
40 133 55 58 98 123 136 54 126 145 111 52 127 26 34
104 38 87 17 88 114 29 22 129 104 17 71 123 41 99
47 85 78 90 98 92 138 59 149 83 34 132 97 63 42
46 11 86 25 43 109 108 80 70 145 127 132 12 76 45
16 96 145 120 23 17 77 85 68 18 73 90 126 117 126
116 85 146 78 19 47 54 125 63 57 21 77 11 126 55
122 67 85 51 80 23 147 147 25 24 44 80 128 142 141
61 119 119 60 98 68 19 60 43 138 32 73 21 79 143
53 119 20 120 22 143 29 48 52 120 77 111 42 95 139
41 99 49 98 122 106 53 19 43 72 37 58 125 138 10
142 73 74 13 26 40 99 68 15 13 100 103 91 57 140
145 22 115 65 75 27 16 110 14 75 120 63 52 60 107
127 17 135 70 134 16 137 70 78 46 46 60 139 56 37
91 24 108 42 22 125 72 22 66 89 113 141 16 92 65
98 37 144 33 48 89 119 50 79 142 99 33 147 81 83
63 110 21 79 110 149 30 54 44 127 53 95 99 93 48
