0 0 0 0 0
149 106 133 43 11
34 59 95 123 16
13 23 94 37 95
100 112 73 45 67
105 147 119 52 142
128 74 29 90 85
86 134 52 70 73
128 89 64 108 66
64 93 41 15 73
128 124 79 103 145
33 77 102 101 146
76 19 17 88 113
64 142 80 146 24
144 108 129 14 36
117 35 20 54 45
102 64 70 87 105
67 79 40 138 65
76 81 85 74 53
72 32 131 147 134
118 141 54 101 111
149 89 40 39 11
91 136 109 55 42
68 24 16 142 20
102 22 19 31 73
146 47 110 14 119
31 124 135 63 15
16 92 23 43 35
11 54 108 145 69
74 62 134 93 41
24 143 36 71 41
43 72 118 46 131
144 116 24 75 80
102 76 134 124 47
29 68 123 27 146
86 105 37 63 37
102 48 142 12 25
115 108 65 63 83
90 124 84 147 111
141 61 109 21 16
24 23 148 28 11
101 38 85 129 57
66 62 78 82 57
104 91 120 69 115
131 35 71 96 38
70 140 109 62 48
62 18 10 51 20
108 63 112 61 120
