0 0 0 0 0 0 0 0 0 0 0 0 0 0 0
138 34 92 40 141 130 36 16 38 118 79 141 140 92 67
89 29 125 118 54 75 142 99 76 59 108 148 110 138 141
11 106 21 16 140 62 117 145 11 30 46 74 118 90 16
112 115 70 111 145 45 125 71 19 78 69 23 44 52 51
64 62 122 58 80 106 67 38 100 33 134 26 80 111 41
48 94 80 32 38 134 137 64 20 56 10 99 128 36 124
137 54 83 65 53 49 54 129 143 101 106 26 41 117 43
80 139 61 25 112 32 46 26 36 129 34 86 32 53 25
17 91 74 10 142 86 90 71 141 12 10 56 129 14 58
83 109 145 37 122 73 65 128 131 46 19 139 96 116 149
148 32 33 55 139 24 46 67 14 57 100 76 70 136 42
15 87 68 47 140 80 27 142 75 128 104 39 59 142 141
140 100 10 146 26 68 88 48 132 70 108 86 85 138 41
137 101 99 120 136 111 59 127 25 45 101 99 56 128 119
112 16 61 37 29 65 95 68 19 26 54 137 96 90 68
80 125 75 26 137 141 145 138 91 62 59 127 145 121 98
147 51 55 133 21 101 145 91 103 143 78 23 95 24 39
134 97 70 12 13 32 91 17 100 93 69 110 78 73 132
93 54 35 46 32 90 143 45 52 92 139 95 32 54 54
97 55 61 57 86 149 18 125 30 67 133 33 124 52 116
148 92 117 125 43 55 87 74 63 112 11 45 106 114 91
72 30 69 29 11 16 140 95 67 143 87 136 143 85 56
44 64 111 13 122 140 48 78 75 115 69 28 136 82 81
22 84 23 89 61 21 112 112 116 97 16 16 79 53 114
19 139 32 88 122 67 89 145 104 64 138 64 132 87 67
73 118 82 45 103 131 84 114 137 114 88 146 58 96 132
64 141 84 94 111 92 20 72 146 108 92 101 15 37 104
26 65 145 14 147 96 93 52 18 62 62 22 143 117 110
119 72 47 16 79 79 70 57 38 69 140 90 108 48 109
16 59 88 145 111 65 56 44 128 38 40 123 10 81 119
132 46 128 62 12 79 52 144 142 131 55 142 126 69 121
83 143 101 41 138 142 143 109 49 68 11 77 15 113 40
47 132 64 84 122 36 101 81 105 18 123 99 100 72 130
16 18 77 79 120 110 41 115 92 128 112 132 41 148 41
70 134 128 64 39 55 73 145 105 99 119 32 56 46 16
