0 0 0 0 0 0 0 0 0 0 0 0 0 0 0 0 0 0 0 0
10 19 82 83 121 114 141 79 20 16 94 30 27 120 98 16 92 57 41 67
54 70 46 90 108 115 106 59 112 26 117 70 89 145 102 25 19 110 127 46
22 80 33 147 130 82 30 141 35 28 74 61 26 13 145 99 135 45 96 113
101 118 57 29 29 11 45 146 139 24 42 121 123 139 29 95 22 22 87 119
24 36 126 19 109 24 97 126 29 107 18 30 132 49 84 83 16 135 17 118
69 38 104 104 17 63 119 28 84 20 89 96 60 134 110 27 85 19 78 32
102 53 41 52 143 10 76 70 54 40 149 44 65 50 10 103 13 128 142 21
94 136 74 137 44 97 111 82 143 122 57 26 141 149 15 116 78 30 123 17
122 103 100 147 61 29 136 20 121 87 84 17 10 63 127 19 87 141 35 126
65 136 15 145 110 16 67 76 109 108 13 147 42 111 11 28 37 141 70 110
119 31 11 14 81 14 24 77 118 113 131 86 100 41 115 77 45 123 141 49
100 80 63 91 37 20 11 28 126 129 21 75 112 54 97 16 99 132 52 141
118 114 73 28 59 103 40 76 74 115 90 119 50 119 83 66 81 83 97 117
82 61 96 107 87 29 94 130 27 73 63 97 45 21 138 55 73 20 94 59
59 10 44 142 27 33 66 37 64 106 82 15 96 92 68 135 107 58 45 58
109 67 129 44 122 98 81 27 10 22 26 94 15 11 87 42 84 111 137 100
70 85 25 101 60 114 139 32 140 110 88 86 72 50 146 120 115 131 117 77
65 11 52 122 40 89 63 130 42 140 106 62 96 147 70 139 131 126 146 51
126 33 147 124 107 138 26 23 36 95 73 104 73 121 25 13 60 119 62 114
135 98 16 52 70 114 46 108 62 133 31 140 94 45 38 135 58 11 25 34
141 60 112 33 148 86 128 117 147 59 60 86 44 40 34 118 133 93 28 148
123 86 59 66 89 136 103 105 116 100 34 69 83 137 106 108 63 51 70 86
87 33 29 61 31 115 18 22 80 89 139 55 87 71 92 16 88 73 45 15
85 61 14 15 110 89 120 26 81 90 122 37 113 90 38 114 114 140 82 114
130 38 96 66 127 27 140 85 76 29 119 18 121 13 141 72 135 125 34 100
122 91 27 16 12 143 40 107 144 128 145 104 38 19 59 101 128 24 122 55
58 105 79 92 58 83 11 65 63 27 124 119 26 131 85 12 141 13 90 101
141 71 23 49 102 39 88 134 42 59 46 59 24 64 123 53 98 78 98 90
129 70 16 48 112 99 10 21 78 38 97 144 71 122 56 15 140 45 67 19
29 45 20 95 95 74 108 97 40 99 113 37 64 48 121 149 28 37 126 94
41 143 19 127 66 148 108 113 132 118 42 68 51 94 34 32 122 132 36 39
43 103 105 112 55 34 143 59 103 74 26 32 40 107 110 101 40 65 46 101
46 146 81 56 125 126 61 122 22 91 122 108 11 28 57 109 39 10 97 96
20 118 43 141 129 80 142 52 42 59 121 130 75 111 128 110 138 102 65 113
29 30 109 39 35 36 76 127 26 54 40 83 134 79 92 135 106 48 128 32
28 48 139 70 25 122 113 125 138 20 40 113 123 27 16 78 37 129 147 92
113 125 64 91 92 64 51 64 103 12 18 135 84 89 76 32 40 21 97 34
61 113 60 105 82 127 140 91 38 17 103 125 143 142 95 94 111 60 62 45
80 94 121 48 17 122 75 124 72 108 19 125 129 148 59 110 33 28 23 32
129 10 11 29 96 68 146 72 20 28 14 39 99 107 138 118 103 15 37 49
78 40 115 20 13 48 103 89 90 131 41 148 35 37 40 27 79 29 109 69
71 128 122 63 42 100 112 61 103 149 148 87 83 130 57 97 29 16 78 147
87 35 36 94 88 145 77 50 60 122 120 97 121 19 134 148 46 58 14 31
25 82 42 85 15 42 20 64 75 31 101 118 114 87 78 32 99 24 81 117
103 119 58 71 75 87 121 55 148 116 13 128 17 106 108 125 54 129 27 19
82 57 34 119 134 46 149 45 30 127 148 100 149 34 28 40 85 131 70 34
44 141 40 66 92 100 149 66 38 50 138 65 135 62 12 98 118 129 60 63
52 83 71 13 31 19 93 68 118 75 115 64 140 130 89 76 37 78 10 81
46 19 73 108 29 59 104 41 60 78 63 59 99 35 112 64 35 39 25 128
114 58 138 69 44 99 20 14 112 38 30 30 134 149 125 84 23 125 117 26
14 86 23 125 89 49 71 82 19 103 31 85 31 37 33 127 56 121 92 128
113 75 102 62 109 26 60 85 99 62 86 14 74 108 83 110 14 55 24 117
149 70 40 136 34 14 104 105 147 90 109 47 52 13 109 68 64 78 73 17
84 144 144 70 125 105 137 59 116 40 101 144 100 92 98 92 101 86 76 137
112 78 42 58 123 120 143 10 101 107 123 52 93 127 42 64 14 49 54 59
114 147 27 50 99 69 130 145 128 119 33 25 10 120 129 100 136 80 114 54
99 80 49 30 61 90 117 135 13 24 141 94 37 19 83 135 120 74 28 51
65 23 114 12 24 77 60 79 56 16 66 10 144 113 26 33 15 93 18 107
125 37 138 76 122 146 33 137 82 82 77 56 64 133 100 145 89 55 87 21
142 44 73 97 18 100 47 67 109 136 79 44 48 129 11 113 42 146 101 116
45 69 11 34 61 148 117 119 124 47 121 13 108 113 56 107 15 127 31 23
49 67 103 92 59 89 63 21 119 44 87 46 13 14 69 140 17 48 18 134
134 27 77 133 24 56 122 21 113 22 96 95 122 134 136 98 59 66 106 34
119 51 126 86 125 100 103 70 145 47 13 101 41 133 35 104 30 27 96 102
130 115 62 148 143 29 60 17 34 102 53 34 20 96 12 143 149 132 62 110
75 11 132 131 68 132 42 85 23 74 64 25 94 73 105 11 47 110 62 62
134 99 98 146 74 107 31 92 123 31 147 145 133 69 124 68 33 147 100 12
61 81 59 99 35 49 112 139 18 100 24 41 93 62 116 13 27 19 136 135
88 147 106 106 59 131 76 30 33 116 33 144 24 104 42 130 84 48 13 129
59 47 19 14 86 144 82 61 48 148 34 12 86 27 10 91 133 93 40 32
