0 0 0 0 0 0 0 0 0 0 0 0 0 0 0
60 110 18 129 34 51 116 102 72 21 30 69 17 101 126
19 149 130 38 42 17 78 21 85 141 75 121 129 54 13
94 129 80 26 107 49 38 81 132 121 43 142 119 140 37
149 144 42 145 143 78 80 131 136 48 126 47 105 133 103
139 141 105 73 146 57 133 91 11 146 128 89 111 115 61
109 26 119 103 142 82 45 59 40 24 68 71 96 33 108
70 72 82 132 84 112 80 100 112 55 39 88 29 90 14
104 19 68 144 45 119 53 70 68 60 119 94 27 131 58
100 40 30 148 38 111 62 101 38 138 49 116 126 14 40
16 12 101 110 17 68 79 140 132 100 24 139 125 45 47
31 12 31 112 146 20 64 93 144 30 66 105 61 16 69
97 77 91 23 76 69 113 37 75 51 101 59 91 99 70
103 63 32 115 27 29 112 138 129 41 91 105 38 67 68
139 34 26 96 96 110 149 115 49 82 88 50 17 24 43
129 69 97 65 128 96 57 40 31 98 80 93 109 107 114
123 141 81 48 132 44 77 133 115 72 24 55 62 120 57
115 125 15 126 145 22 44 103 35 80 66 139 46 35 105
37 121 81 149 128 110 62 30 91 122 64 102 122 118 136
34 31 83 73 62 54 62 116 90 42 118 111 116 21 148
116 51 42 79 86 12 41 22 128 110 71 78 25 115 122
124 72 99 92 117 121 24 34 87 82 30 111 100 73 109
140 26 81 26 90 87 61 13 144 25 111 10 133 121 98
108 146 98 30 90 99 89 61 46 124 35 108 53 42 32
124 56 144 131 85 13 146 27 95 125 118 40 58 55 63
57 85 130 102 73 86 57 23 105 129 20 82 53 22 73
13 136 82 110 102 128 37 24 16 25 86 38 131 92 120
72 115 95 83 81 33 12 87 39 40 11 58 61 121 105
131 36 22 149 101 49 141 140 136 84 132 58 37 104 133
61 126 47 56 91 135 60 55 147 85 110 30 21 100 26
62 107 32 139 26 131 48 103 148 116 26 103 131 107 100
149 139 10 26 82 53 46 60 115 108 93 110 149 88 114
73 119 17 106 15 122 126 104 73 103 74 64 77 72 120
88 116 124 93 129 96 35 127 145 109 20 133 87 90 44
146 13 54 148 29 90 108 27 60 58 33 83 70 60 110
91 127 70 112 70 111 10 57 90 62 54 13 62 149 62
120 122 103 89 15 31 122 129 67 69 138 140 57 95 44
18 145 111 134 145 127 123 118 139 90 67 15 12 76 95
110 101 83 118 80 69 113 26 65 66 108 129 31 92 11
141 78 32 47 118 62 42 123 114 48 69 128 146 132 138
96 48 36 119 16 105 128 32 45 145 90 103 86 107 46
95 140 90 145 80 117 110 106 36 12 100 128 50 16 52
145 26 83 117 71 136 135 61 51 118 46 13 61 83 106
66 25 103 54 142 28 44 146 18 104 31 122 52 24 61
51 101 124 110 65 73 65 63 135 32 135 49 11 27 144
16 147 14 100 117 86 10 38 81 62 50 62 94 22 129
109 129 38 16 62 52 64 102 31 11 32 130 30 14 87
115 95 139 59 65 117 21 78 12 144 142 88 142 92 139
