0 0 0 0 0 0 0 0 0 0
127 113 117 37 86 70 66 57 104 135
86 149 93 145 122 120 13 118 141 87
107 75 77 99 40 11 132 68 135 31
123 71 13 126 139 120 19 136 146 43
33 43 101 20 117 132 117 20 139 111
108 63 20 30 98 98 34 103 92 97
32 127 97 111 144 74 94 118 55 87
42 80 37 25 28 20 38 146 69 142
44 83 95 65 129 83 20 26 44 76
27 135 90 56 98 52 93 108 45 25
54 54 42 55 132 28 138 60 85 84
49 86 16 141 117 146 77 25 85 40
55 113 50 32 12 133 119 147 79 67
51 94 19 38 67 122 94 87 61 44
15 86 125 106 48 67 51 71 55 22
71 128 64 39 55 33 14 21 94 46
102 70 94 38 143 122 130 130 80 51
113 83 53 127 111 27 140 133 113 109
137 114 66 36 120 88 23 82 43 138
38 71 24 144 127 138 125 78 112 85
67 140 38 66 128 12 95 133 47 140
23 140 16 135 29 106 84 37 115 44
95 78 50 29 55 132 51 26 81 109
10 83 85 18 146 138 81 101 67 61
67 79 36 108 15 25 54 119 49 25
25 88 115 55 91 10 69 35 110 17
26 10 77 59 28 138 139 100 11 125
126 136 93 78 137 35 51 74 146 120
114 125 114 77 34 120 43 141 28 79
14 17 21 148 27 96 65 21 18 143
58 37 68 34 24 110 88 41 129 71
23 35 37 80 110 10 88 63 44 26
68 116 138 103 50 64 124 99 148 82
70 78 141 60 75 138 94 38 73 67
149 69 132 48 139 16 74 113 65 59
58 73 66 94 73 18 141 94 114 51
136 25 34 41 67 61 44 45 115 129
53 60 118 92 94 74 38 138 52 95
