0 0 0 0 0 0 0 0 0 0 0 0 0 0 0 0 0 0 0 0
118 108 38 87 69 11 147 120 139 76 25 82 41 145 121 73 21 47 33 42
78 92 89 38 33 91 146 124 68 69 117 63 11 53 39 119 63 109 65 137
31 124 122 113 11 149 54 83 72 61 107 121 28 107 68 46 113 17 72 35
134 65 26 70 21 133 89 73 74 32 114 38 50 84 106 78 91 122 51 137
44 96 10 34 16 47 94 126 24 127 80 110 101 61 98 59 14 142 40 54
43 79 93 13 39 124 23 90 53 104 118 98 75 55 66 97 145 118 33 117
105 139 101 36 122 139 31 114 77 10 125 78 131 135 104 104 78 137 149 77
47 61 118 147 137 28 55 121 149 80 137 89 66 83 71 15 97 36 39 61
20 19 58 38 121 130 10 51 147 129 52 121 21 16 149 111 91 109 15 101
54 32 121 88 64 149 82 17 130 131 92 53 70 73 15 28 17 80 128 143
18 122 60 35 136 98 73 25 128 10 118 28 115 73 64 148 92 32 130 34
99 96 126 100 78 143 102 142 148 99 26 77 142 51 57 69 25 146 73 102
59 20 88 34 84 135 31 104 10 54 108 132 135 39 124 31 66 14 64 54
64 66 107 91 13 25 80 23 58 111 116 33 11 11 87 93 20 133 62 110
14 72 85 55 59 148 87 14 147 99 83 40 120 60 117 72 121 88 138 119
124 45 73 122 117 64 138 16 23 13 137 135 149 56 139 107 39 60 115 138
26 52 52 67 14 149 32 104 143 70 69 117 24 67 134 52 105 31 51 58
24 116 65 16 114 56 33 108 25 15 70 125 96 41 120 139 136 78 11 86
132 58 72 88 100 138 74 19 63 140 125 20 26 32 82 102 147 54 72 81
119 51 36 55 138 43 135 50 84 75 32 123 144 75 27 120 105 94 78 38
75 106 25 103 66 109 88 79 67 127 24 50 33 117 22 142 70 75 16 110
106 137 146 138 137 123 56 143 57 81 84 73 84 119 131 83 65 25 76 27
56 17 45 36 79 123 38 131 102 81 120 119 15 136 39 20 95 132 80 17
139 64 40 130 39 145 142 23 90 51 63 59 23 99 92 143 93 92 148 50
131 147 13 84 119 123 85 113 64 15 34 132 19 31 105 43 73 22 88 75
129 147 54 136 24 55 75 133 132 93 88 39 63 33 98 25 133 80 116 96
97 91 49 120 110 119 145 149 100 143 90 112 135 64 63 142 41 115 35 74
133 143 16 28 62 78 85 53 28 120 66 115 10 142 77 134 116 28 38 104
94 113 10 108 52 142 134 34 53 52 96 78 147 102 27 27 55 92 13 61
99 11 125 52 75 105 123 34 79 100 16 14 79 95 63 31 75 99 126 82
99 118 112 43 48 135 95 48 22 142 97 76 148 50 98 13 37 97 147 58
80 97 84 131 24 32 116 99 64 56 131 20 70 139 65 16 128 35 26 61
147 142 87 38 115 90 138 111 65 84 95 88 111 86 11 26 113 20 125 78
63 148 97 91 119 92 26 56 106 38 108 87 28 81 57 36 13 106 133 135
13 17 113 66 111 101 108 14 16 74 54 21 139 75 74 90 63 21 117 32
103 48 111 144 12 36 43 104 138 67 136 141 107 88 91 88 93 81 52 136
99 70 87 144 28 84 34 137 143 143 24 143 121 101 52 76 100 33 143 147
128 65 41 90 61 111 135 40 67 88 115 10 116 33 24 26 139 54 109 61
76 73 85 125 44 148 21 123 54 57 127 90 84 61 28 118 63 110 128 98
45 21 11 61 45 45 131 93 69 88 84 112 14 16 88 47 149 39 149 55
72 88 25 78 65 24 105 92 95 133 61 25 69 95 120 47 145 127 104 126
145 86 39 68 25 137 37 23 144 86 145 62 120 74 11 137 96 134 66 82
100 119 91 93 146 54 32 121 95 95 107 30 94 50 12 31 140 43 56 136
32 107 122 32 149 109 44 86 129 40 18 56 132 61 112 138 140 120 51 147
113 10 70 55 138 54 101 10 28 84 45 148 34 84 113 52 128 63 65 25
111 52 144 59 26 69 33 44 25 140 80 72 41 61 80 137 132 71 107 124
96 129 49 52 98 50 26 106 149 126 117 145 104 43 31 80 145 111 116 76
119 63 113 118 92 128 17 43 43 27 87 16 30 55 19 141 61 126 19 146
123 15 103 62 97 16 104 71 95 96 123 64 122 105 56 144 139 138 48 140
60 85 106 137 134 135 81 47 13 42 112 99 88 137 11 14 48 72 40 91
131 52 136 104 93 110 137 25 12 28 111 36 20 106 55 24 57 80 51 133
105 73 47 51 24 115 89 142 15 36 38 26 78 63 136 146 41 85 72 55
43 52 116 24 130 35 47 116 19 131 148 34 72 143 87 31 78 108 18 65
124 143 81 34 90 106 97 11 64 12 135 104 22 90 134 117 69 25 68 39
68 119 114 101 48 78 33 87 105 112 137 73 136 55 11 30 77 119 131 113
15 112 133 72 37 67 144 116 37 19 148 23 113 84 29 143 23 127 107 50
76 16 110 78 135 94 105 101 76 98 89 25 95 69 107 79 53 99 80 133
76 72 65 52 44 100 32 93 136 58 111 60 19 31 85 142 64 148 91 28
49 116 95 142 69 146 29 11 118 72 65 103 80 140 60 27 16 76 54 131
115 95 121 85 30 13 85 46 34 104 110 70 46 110 142 133 43 138 96 40
36 30 133 112 81 73 47 93 75 34 114 67 32 77 37 62 45 109 101 55
131 27 85 34 59 119 118 80 115 26 146 16 54 131 109 10 78 76 10 41
129 132 134 46 99 12 57 114 26 22 10 137 77 81 74 59 29 93 144 27
87 85 14 54 30 25 140 127 53 33 23 25 97 100 61 65 139 89 14 130
