0 0 0 0 0 0 0 0 0 0 0 0 0 0 0 0 0 0 0 0
94 148 147 22 99 89 15 118 123 121 136 40 58 121 33 100 125 72 14 116
28 122 44 95 128 41 121 66 110 44 29 127 93 88 28 60 137 116 117 25
46 123 85 133 70 44 94 137 148 61 102 68 27 91 149 20 136 80 128 58
144 139 73 120 27 107 84 27 99 38 65 71 44 47 145 86 106 145 62 143
36 43 130 149 64 126 60 106 21 97 15 133 56 133 103 103 99 137 105 45
79 147 12 110 105 98 31 114 115 147 15 111 97 66 127 132 45 132 101 13
68 32 26 99 46 62 90 31 80 93 116 117 60 124 74 63 115 10 131 94
98 33 113 134 146 10 92 63 121 119 141 85 50 92 101 24 74 38 109 10
146 90 65 118 81 62 26 94 103 16 30 145 54 21 14 14 129 19 27 120
34 124 83 74 37 30 95 135 64 117 143 27 111 63 133 48 89 27 95 149
107 149 114 24 121 99 122 32 31 83 32 48 81 50 139 99 51 68 82 48
101 102 95 23 138 118 79 82 63 28 149 79 149 114 34 18 70 141 130 76
67 63 101 147 83 81 39 107 142 29 83 29 84 55 132 108 134 49 149 99
13 96 57 149 78 122 15 88 47 50 70 70 40 112 62 20 38 14 144 78
54 57 32 140 30 125 128 92 63 129 149 31 130 55 57 58 30 78 127 93
91 64 106 87 135 139 147 37 117 73 57 35 79 88 110 22 102 39 126 114
30 101 71 122 29 75 66 99 115 66 110 70 110 113 147 124 100 91 22 49
109 65 58 74 87 64 97 102 51 86 25 42 111 64 14 145 39 23 121 82
37 51 31 36 63 98 115 124 130 76 147 23 101 79 96 134 55 12 34 83
66 98 127 62 97 96 55 85 107 132 75 64 148 42 149 38 25 123 89 12
122 143 142 136 38 105 98 80 130 68 72 141 60 44 82 107 24 33 142 38
146 92 58 98 28 16 103 20 36 97 100 74 17 48 34 112 114 69 16 52
41 141 124 33 81 85 34 31 99 110 10 94 80 23 113 86 65 118 69 77
113 124 99 11 30 77 20 17 23 27 29 120 93 33 66 109 94 113 53 130
126 106 21 131 85 14 18 30 120 48 98 43 122 29 63 139 41 57 82 137
143 92 137 37 144 29 61 142 70 88 79 16 115 82 78 77 16 60 122 148
114 130 36 114 116 24 110 59 80 20 128 83 134 113 48 63 80 130 120 112
16 14 49 42 75 144 120 33 146 149 58 57 126 128 86 68 44 105 97 84
95 24 70 99 70 88 49 126 107 98 149 139 25 79 53 142 11 28 118 130
44 38 33 83 123 111 54 136 17 83 111 81 81 143 100 41 42 45 52 11
10 81 76 133 45 51 24 113 91 24 97 25 83 131 107 122 64 127 39 143
77 134 112 45 32 145 120 84 100 109 99 45 105 113 65 39 93 117 133 17
38 138 144 59 97 16 130 121 88 67 37 77 82 135 17 39 83 51 43 112
46 99 67 111 14 53 139 138 136 124 78 54 49 40 68 96 121 112 91 32
133 28 137 80 59 95 34 119 56 60 116 110 125 107 51 64 100 40 24 99
62 143 99 96 70 67 92 23 18 60 24 140 33 33 20 46 46 119 80 106
133 49 17 99 148 99 25 77 133 123 113 92 83 53 74 100 39 63 78 65
90 94 45 15 90 30 95 46 22 40 134 121 139 88 85 55 66 139 44 103
80 148 132 103 102 93 126 35 40 54 60 134 147 46 53 124 36 124 55 33
113 19 123 42 81 138 98 49 29 128 80 124 115 50 96 42 117 56 82 143
60 47 75 62 70 105 37 110 26 75 29 112 147 61 32 108 130 98 110 30
60 149 111 136 17 81 142 121 48 132 62 86 23 32 45 131 35 142 107 127
135 112 26 46 13 109 55 42 140 88 124 118 12 72 46 30 145 94 109 138
55 82 57 32 95 22 14 18 43 31 50 61 130 101 105 129 147 138 101 83
42 109 74 16 138 107 127 107 134 134 64 88 124 50 25 54 71 50 119 106
42 82 67 98 23 134 111 104 68 119 37 118 65 54 105 149 90 130 44 50
132 123 12 38 88 27 100 15 97 121 65 53 106 137 120 49 42 40 74 67
85 16 42 143 60 91 67 25 20 88 49 55 29 12 126 138 74 133 12 77
94 47 70 135 141 72 140 91 101 110 61 43 148 107 119 107 132 131 20 14
117 90 73 149 66 33 30 60 108 58 139 11 17 18 96 140 119 34 145 68
133 93 72 102 62 124 50 142 141 16 30 30 102 34 29 22 144 69 130 145
94 128 137 66 56 149 145 40 45 42 100 37 125 127 111 95 100 65 89 19
76 91 39 20 120 79 126 145 23 26 136 22 12 28 22 54 98 76 71 93
135 50 97 60 37 93 125 24 26 67 29 10 43 48 93 125 124 61 93 120
130 90 84 107 69 136 114 137 70 42 44 149 134 123 102 15 26 56 124 47
23 61 62 75 104 144 70 109 146 82 72 44 127 106 92 55 51 79 42 132
69 63 112 133 83 136 72 90 26 47 114 86 29 120 70 148 110 126 117 31
110 139 86 129 87 49 89 116 19 145 103 142 23 109 26 41 128 78 10 50
82 104 113 15 125 81 41 39 54 134 54 119 99 122 119 46 66 106 87 77
50 25 138 58 72 107 142 91 30 106 80 114 85 93 18 120 117 141 134 88
45 35 131 109 56 62 142 88 42 61 20 79 34 22 23 80 17 77 110 51
94 47 147 108 37 13 111 58 95 48 89 13 26 130 33 13 38 109 123 37
101 19 25 37 33 68 10 97 28 127 115 69 17 57 137 56 101 24 142 13
24 46 71 111 27 107 14 107 69 113 102 141 134 65 22 89 33 149 45 139
62 50 143 138 124 97 61 52 11 135 137 127 125 13 88 74 49 76 114 82
54 57 104 100 70 140 56 138 122 88 37 102 17 119 39 26 87 125 142 46
117 59 115 141 55 84 58 139 126 33 16 138 58 67 112 15 26 21 65 142
139 20 103 50 20 19 75 49 54 19 116 43 123 74 66 142 124 34 24 142
26 98 36 58 52 145 54 81 127 124 78 65 77 31 56 69 118 78 24 14
47 85 32 141 126 19 76 26 52 144 59 112 39 109 128 109 142 149 43 113
14 90 10 76 121 84 113 37 112 62 57 145 58 105 27 26 92 43 46 58
80 19 99 25 57 69 24 49 40 76 52 122 10 19 110 146 82 76 101 54
68 83 17 69 31 148 109 36 129 125 128 109 81 16 79 20 57 129 53 115
50 17 98 62 122 13 71 106 25 73 102 71 28 58 99 92 125 140 93 103
98 86 72 62 86 32 76 128 74 52 45 106 90 25 14 92 81 149 10 121
61 148 141 41 29 63 115 85 43 129 103 57 134 112 17 114 140 52 46 28
110 102 112 37 116 84 29 143 110 108 21 85 121 27 130 80 41 127 106 39
138 138 112 145 43 31 75 141 140 65 77 43 143 12 111 16 23 83 86 125
135 24 60 53 68 130 34 128 140 62 53 105 121 94 67 75 93 113 30 51
129 62 96 84 30 50 91 25 91 53 91 82 38 80 32 141 82 13 109 55
91 11 60 142 93 65 112 136 56 22 66 81 103 21 22 12 115 136 117 15
74 37 14 50 106 90 134 19 42 113 112 64 118 25 108 99 59 132 95 44
90 138 59 146 129 29 25 94 82 138 105 91 96 37 119 81 10 69 44 133
48 70 103 38 58 39 84 95 107 149 67 88 140 122 29 27 129 20 52 73
12 83 85 72 73 23 19 31 116 11 105 59 104 127 114 59 20 87 53 135
121 22 92 116 77 117 112 76 53 65 83 88 37 61 147 123 99 149 29 32
18 23 55 32 132 81 120 93 25 132 145 63 18 89 80 126 118 22 13 113
124 104 53 147 117 140 30 30 30 90 68 11 105 128 92 40 129 122 19 13
54 138 47 81 122 104 142 136 128 100 68 12 51 40 44 57 97 127 62 146
90 89 75 84 19 143 17 50 82 13 27 66 37 109 45 77 125 68 74 57
37 19 82 21 23 43 53 135 36 147 118 89 120 127 122 48 14 103 122 89
116 80 131 15 117 27 94 140 79 109 62 69 126 149 87 93 49 24 14 75
46 14 134 92 33 74 56 53 125 133 126 23 51 49 115 16 120 21 116 44
62 109 94 94 136 39 46 81 143 53 131 49 71 80 82 111 79 26 90 61
87 97 142 36 106 145 124 143 27 21 78 85 112 99 123 139 102 29 65 142
136 23 125 50 135 17 91 121 88 47 50 85 125 24 81 117 46 56 125 113
12 128 64 100 147 31 126 46 107 104 67 133 27 127 125 39 46 29 13 53
24 115 14 118 23 128 13 44 66 73 141 94 70 132 55 115 50 82 80 51
69 29 73 73 144 105 27 137 117 101 25 94 91 31 33 21 145 73 40 74
125 67 74 33 67 70 45 101 18 48 127 89 148 81 46 139 123 74 143 114
