0 0 0 0 0 0 0 0 0 0
90 49 84 139 63 31 48 22 77 39
20 81 55 133 110 52 85 93 73 45
55 26 41 121 63 75 90 79 37 61
54 61 86 68 34 104 25 50 40 121
115 99 60 74 106 85 79 46 47 147
115 72 23 105 56 83 105 119 102 123
145 37 138 41 94 100 48 12 42 103
21 62 12 48 117 54 122 28 31 68
92 106 65 31 133 58 100 137 124 41
125 39 68 109 110 108 104 29 82 40
27 141 106 83 57 28 39 55 145 141
64 114 53 35 38 56 18 79 41 73
19 87 144 130 101 98 125 43 119 93
78 98 56 130 22 62 80 57 103 107
28 135 35 45 16 40 146 93 136 41
104 121 143 25 103 26 79 145 110 36
75 31 67 77 74 111 133 91 119 55
116 108 61 146 124 66 69 131 141 14
107 135 75 51 10 51 130 71 69 49
113 149 73 68 27 89 81 34 33 36
55 63 91 139 123 32 90 38 27 74
89 114 49 33 103 144 113 104 24 66
28 54 80 108 121 47 49 129 118 74
22 81 91 110 117 124 78 62 19 30
99 115 125 74 13 127 103 63 73 111
141 73 135 59 101 60 36 30 102 123
88 75 10 19 62 41 56 147 109 133
21 11 51 33 94 41 149 78 87 83
48 140 66 140 133 98 35 130 102 31
62 67 124 104 107 50 146 106 82 76
65 14 48 18 28 14 19 117 72 108
64 134 99 120 33 137 123 43 58 148
97 104 48 77 135 82 20 91 51 137
123 107 27 117 147 114 15 98 97 122
97 111 73 23 17 54 92 110 59 83
69 36 66 121 42 89 20 25 60 123
144 117 96 57 120 119 19 135 63 62
108 101 20 40 75 140 44 93 123 137
93 122 29 144 107 123 40 93 108 63
110 140 79 83 37 22 132 91 40 113
22 100 129 37 21 65 97 17 96 12
51 63 91 143 143 13 59 102 132 40
137 66 32 100 118 62 67 24 27 24
148 31 90 110 65 89 85 108 140 65
