0 0 0 0 0 0 0 0 0 0 0 0 0 0 0 0 0 0 0 0
121 27 20 58 144 52 90 52 47 47 34 80 65 114 33 112 71 50 56 34
147 27 110 91 119 51 101 143 126 15 33 21 17 146 26 47 17 101 112 20
23 131 12 96 148 53 100 148 118 53 63 104 84 37 33 23 67 106 78 115
87 48 46 68 71 99 44 27 13 23 131 144 85 50 87 70 36 44 140 48
21 134 28 13 27 114 107 71 44 115 89 56 113 91 74 40 127 16 78 14
80 40 10 51 47 17 132 140 78 104 96 111 134 90 70 24 46 95 47 93
53 27 149 89 36 101 104 76 133 102 18 90 112 41 29 67 34 96 142 101
32 21 22 140 104 19 85 108 149 50 94 31 41 117 137 83 71 47 145 45
130 28 31 86 102 49 137 14 123 97 61 40 79 106 97 105 103 101 80 134
29 134 55 100 35 83 53 139 62 71 77 126 97 37 38 82 120 61 122 54
42 149 112 108 89 102 78 50 46 75 47 76 61 15 143 40 110 79 148 74
32 67 122 41 46 143 93 141 13 96 81 114 61 95 59 38 120 62 59 19
85 83 73 37 44 125 59 134 110 126 108 112 69 109 91 75 34 57 39 134
24 146 22 22 36 71 22 48 32 35 67 50 62 117 10 122 135 27 122 122
22 140 77 33 139 142 15 102 82 129 96 88 144 71 27 38 34 107 134 127
82 56 21 87 122 16 79 128 67 27 102 148 142 33 128 32 56 21 62 141
94 125 40 43 100 117 115 104 118 106 63 95 144 17 84 68 48 62 87 143
36 99 49 109 97 77 85 105 15 142 109 115 88 13 99 80 39 93 130 147
89 47 34 49 65 113 85 75 75 88 146 118 98 110 99 37 79 24 95 145
74 148 31 142 41 56 113 133 49 38 12 89 65 95 46 36 149 49 87 12
61 15 15 21 92 97 138 90 31 91 62 56 17 101 60 117 95 13 71 141
143 83 11 59 93 129 144 130 46 72 53 54 47 93 20 75 114 10 121 21
77 49 120 17 10 139 98 108 42 12 18 90 62 80 30 132 122 90 144 20
86 90 121 118 59 104 124 75 35 136 134 108 19 78 74 113 80 124 14 22
129 34 109 111 57 26 66 102 75 110 133 104 89 92 100 19 98 33 30 81
58 61 73 24 131 100 142 32 104 19 148 48 138 56 50 38 97 104 59 127
118 85 94 81 34 54 89 17 16 100 75 149 34 145 146 79 63 81 107 38
48 62 48 58 23 140 24 89 42 91 40 33 74 70 21 141 119 116 62 138
124 54 99 135 53 46 40 48 148 55 50 105 77 107 133 126 18 148 59 35
127 119 92 83 20 62 129 32 14 54 136 57 14 110 141 13 33 58 124 90
26 31 47 127 139 118 44 61 72 53 124 95 144 13 146 139 52 49 59 144
115 148 130 98 90 56 75 141 117 58 18 21 70 21 49 102 37 143 42 122
25 141 48 28 43 68 69 109 112 46 90 115 59 105 116 140 35 31 145 139
130 81 22 44 63 32 125 76 40 10 25 99 91 119 94 110 141 39 95 33
143 35 79 141 138 127 126 92 118 96 112 148 130 98 41 39 84 34 103 93
47 143 97 28 25 48 88 17 37 68 138 148 17 103 54 110 42 64 125 44
68 34 58 66 142 88 112 110 69 75 29 78 28 108 72 109 43 84 122 139
43 126 56 19 84 139 104 44 108 98 31 63 136 132 18 109 100 42 123 108
