0 0 0 0 0 0 0 0 0 0 0 0 0 0 0
88 39 114 116 123 145 136 109 142 13 86 149 62 42 149
11 79 107 136 60 20 15 94 43 87 52 49 130 89 119
34 110 31 67 126 39 44 83 50 112 89 24 77 48 143
129 116 82 94 67 129 60 122 56 22 135 64 42 22 73
54 41 143 30 40 56 45 52 29 36 78 105 133 40 103
62 18 37 142 20 46 133 127 49 106 109 130 81 84 50
23 125 48 110 37 25 30 91 65 85 143 49 121 141 108
89 119 120 95 122 129 77 73 11 112 94 115 50 93 136
40 67 20 36 131 60 32 46 122 67 29 135 105 133 51
18 17 67 37 146 33 80 144 101 28 105 80 126 17 90
15 13 56 114 118 113 15 10 129 30 117 85 47 135 131
34 71 110 14 59 123 142 24 136 26 64 105 73 101 77
130 71 109 43 51 62 36 49 49 84 18 113 131 111 22
26 39 38 53 86 30 29 122 56 38 21 104 41 70 109
93 12 46 110 140 88 93 21 88 35 148 85 33 77 27
127 112 92 132 52 19 34 110 43 137 95 12 131 91 85
101 100 50 66 54 124 57 44 28 71 114 141 32 102 58
130 136 60 139 78 84 110 17 77 106 139 117 21 82 84
59 85 127 95 10 89 69 83 147 92 71 109 146 79 65
134 103 140 30 54 14 85 149 81 113 126 92 29 131 114
119 68 119 81 69 96 63 93 88 95 146 46 76 114 147
63 105 130 43 128 88 34 77 132 53 44 80 149 73 43
32 39 122 49 37 16 121 98 125 17 86 87 89 103 127
34 74 139 61 68 61 76 29 136 106 112 18 55 29 33
128 66 142 102 115 84 65 12 64 93 11 76 115 34 124
41 29 60 39 126 40 101 126 27 34 145 82 66 63 106
124 113 143 80 142 53 96 134 26 92 53 108 106 46 60
29 84 35 99 55 37 134 100 68 75 111 83 70 103 77
65 120 29 61 115 21 90 129 32 149 103 143 51 110 31
146 70 17 64 114 80 139 45 27 111 85 47 145 23 108
15 24 135 14 113 36 74 114 114 73 95 33 115 145 42
103 105 80 147 126 123 45 42 73 46 10 140 126 98 77
40 90 88 38 46 61 37 148 126 140 26 17 89 15 122
144 123 55 144 97 137 90 124 147 36 70 17 32 84 128
115 108 110 77 131 23 112 12 44 68 80 59 90 97 113
45 117 121 37 30 113 31 24 97 87 123 69 122 104 62
38 115 130 96 127 136 48 49 143 61 107 67 131 85 128
130 11 145 46 54 65 125 15 118 113 61 59 111 97 98
144 136 20 28 110 99 134 44 99 95 53 71 62 89 131
54 88 112 117 91 149 102 18 21 108 22 43 40 136 55
73 71 141 69 51 67 83 30 42 85 110 17 45 116 59
52 103 46 76 44 138 37 109 60 87 85 118 56 52 115
26 40 134 20 146 70 123 54 36 22 112 54 97 66 49
34 19 106 28 24 72 142 42 52 46 126 75 116 117 70
122 53 145 16 64 55 42 99 61 26 77 34 106 105 32
91 78 28 44 26 102 85 133 121 19 69 93 148 42 122
149 70 88 20 11 71 14 143 119 19 85 112 14 125 135
10 65 100 12 71 149 121 125 94 89 84 92 127 121 70
136 11 63 132 29 55 83 63 145 91 71 122 112 144 67
107 12 38 87 128 57 37 132 99 48 136 139 87 96 31
54 77 92 82 111 23 109 58 12 50 23 131 65 106 38
119 135 35 31 47 45 15 132 142 15 146 81 86 111 56
59 78 107 45 120 129 43 66 34 91 20 39 121 107 114
113 71 123 124 63 143 88 23 143 44 103 146 58 114 24
60 148 46 15 67 94 118 122 11 96 142 43 129 123 46
31 82 144 22 148 22 80 93 53 80 133 86 125 145 17
112 74 54 83 68 26 148 35 47 47 126 84 94 74 101
37 42 73 146 24 111 132 128 138 146 38 59 98 72 55
109 133 46 83 29 57 113 22 137 104 59 84 51 69 139
98 142 108 94 36 119 109 75 51 46 70 12 37 65 66
30 52 122 31 123 106 104 10 17 58 136 79 105 139 36
103 52 43 114 14 38 28 127 18 10 76 117 57 65 49
147 35 86 114 133 126 19 81 60 130 42 129 135 122 137
134 74 88 139 135 83 113 104 114 118 128 140 117 30 42
27 80 147 36 61 62 48 106 28 90 123 129 70 22 46
78 146 143 49 142 126 26 42 39 16 62 75 30 95 54
137 97 88 108 147 135 123 47 117 27 20 28 98 114 67
149 108 32 117 106 102 11 37 96 24 116 14 73 95 89
10 19 89 82 24 75 106 23 108 140 52 142 92 121 17
111 132 113 139 19 70 48 27 135 79 141 103 17 92 44
