0 0 0 0 0 0 0 0 0 0
37 148 10 107 65 122 72 23 60 40
140 21 111 80 60 73 98 149 145 114
127 146 29 144 146 49 38 46 116 53
110 81 109 95 112 62 85 27 62 120
38 120 36 134 133 58 55 55 70 130
44 148 106 80 98 72 138 68 113 86
24 40 113 121 30 14 138 61 29 115
92 75 120 40 51 67 99 32 79 132
87 148 138 98 135 120 145 63 94 20
97 96 83 145 55 146 130 118 129 105
141 58 104 44 132 134 72 49 86 111
93 74 12 16 10 143 96 25 39 98
62 115 126 135 133 47 117 37 57 91
84 88 44 139 123 78 12 104 66 77
136 142 94 65 80 37 20 64 83 54
118 112 88 95 92 22 124 22 122 120
107 18 89 139 58 44 87 93 86 76
56 116 63 76 32 11 122 112 32 138
61 132 77 23 122 42 50 15 94 57
37 61 114 105 89 14 90 65 79 12
123 149 49 27 142 132 87 65 133 58
102 67 45 66 88 28 89 70 133 126
144 104 123 53 128 86 38 25 53 46
28 83 133 81 15 11 127 100 97 46
137 113 71 128 148 124 126 55 144 48
37 147 39 98 16 50 22 34 46 136
21 118 86 39 129 26 12 20 94 140
91 35 106 112 148 128 31 119 18 101
95 39 102 59 126 23 48 97 61 33
53 106 77 97 134 97 62 148 65 15
24 10 103 111 67 51 102 121 44 80
126 114 131 118 47 26 56 144 90 141
123 38 113 12 85 98 38 81 45 89
77 48 123 44 39 57 69 40 83 147
87 126 90 145 67 134 78 95 120 144
104 47 138 120 104 62 118 111 54 81
26 146 39 84 110 25 108 115 19 40
28 79 132 33 66 26 136 85 149 65
107 80 23 38 58 96 133 21 86 65
67 96 59 52 34 99 10 25 131 119
37 85 117 57 119 46 55 147 110 11
126 49 46 132 117 94 49 117 143 93
116 65 73 10 36 136 125 46 23 59
60 116 120 78 55 143 93 99 146 145
37 102 139 29 130 33 52 17 17 101
70 80 87 77 51 29 138 110 62 117
41 141 14 103 92 119 144 41 64 82
133 39 78 125 93 37 82 59 79 131
24 80 146 120 41 109 110 139 146 11
79 35 110 97 68 98 124 132 95 92
78 55 88 96 71 130 122 140 106 11
29 52 141 120 52 54 38 59 66 146
128 145 123 129 46 95 38 75 33 131
98 26 73 147 65 67 135 14 65 38
129 113 103 58 48 124 40 75 137 11
