0 0 0 0 0 0 0 0 0 0 0 0 0 0 0 0 0 0 0 0
125 14 115 26 149 126 58 34 25 32 66 62 135 140 23 140 93 117 116 139
65 23 88 107 86 137 94 44 90 83 120 24 25 30 86 61 54 64 115 119
100 25 148 124 130 12 116 72 87 61 98 148 116 148 143 132 94 70 69 144
88 23 49 32 20 134 28 92 123 83 50 71 63 92 141 56 37 114 75 119
140 149 108 43 99 106 49 144 125 80 109 119 54 128 123 137 61 103 127 58
60 12 102 12 141 78 85 109 62 119 22 97 69 66 125 90 140 98 67 147
125 121 58 110 39 64 52 50 38 18 38 32 61 125 63 54 49 103 132 104
40 50 76 72 37 61 19 58 91 14 113 102 131 70 71 58 72 55 53 28
119 94 50 113 74 140 135 44 34 119 103 122 144 56 67 118 93 36 133 82
39 125 78 86 53 149 46 95 85 141 144 31 65 29 130 87 28 146 76 143
73 41 51 85 144 15 91 141 103 32 13 135 112 68 43 67 96 27 129 77
56 96 38 78 83 32 33 17 143 131 73 119 47 99 12 127 109 89 46 131
26 64 51 115 38 85 109 73 137 44 69 61 20 102 106 80 75 119 21 76
149 116 50 147 62 68 53 124 95 106 99 58 92 60 70 78 94 135 59 130
100 103 108 87 50 91 110 123 25 148 73 122 52 71 116 94 17 37 42 76
34 97 149 59 140 114 120 120 114 98 35 88 50 112 88 79 105 85 34 13
30 15 93 67 119 149 77 43 108 26 105 101 82 14 56 98 131 77 136 26
45 22 85 22 38 13 109 14 139 38 67 79 32 94 11 148 54 90 83 135
128 12 33 142 93 127 30 69 18 43 125 88 56 26 63 113 127 104 81 50
94 91 44 112 96 119 11 70 93 26 89 42 111 63 53 128 143 69 148 27
29 52 35 88 120 70 34 40 79 23 84 44 147 23 46 55 54 83 14 52
123 81 36 74 16 13 30 77 79 63 14 106 29 116 70 122 49 67 68 78
63 121 31 41 81 147 102 94 99 71 105 17 65 132 107 96 39 122 55 131
125 91 42 43 50 33 20 43 128 20 20 22 131 52 81 131 143 72 21 36
128 131 111 77 66 100 12 14 81 34 136 116 119 123 34 47 100 44 111 107
134 117 136 66 110 134 131 134 98 87 126 67 148 83 117 68 142 83 25 30
18 41 94 51 85 109 87 96 109 62 25 105 81 10 99 109 132 93 74 112
64 99 101 75 22 88 16 34 79 59 10 79 12 28 99 78 86 73 59 31
135 118 33 70 41 116 55 68 140 43 103 91 141 36 145 144 121 95 94 137
131 41 109 75 109 39 96 63 13 38 145 148 90 18 26 51 50 10 75 126
135 114 93 97 21 95 22 107 143 35 112 73 93 12 97 116 20 25 12 76
48 63 64 143 134 133 32 36 15 46 130 95 43 22 104 98 119 79 144 75
139 127 146 20 26 38 31 89 105 79 118 124 39 100 129 123 65 56 140 43
17 63 56 128 63 14 68 34 24 17 85 56 129 118 115 59 76 50 96 40
139 126 48 124 133 92 143 103 136 114 114 23 135 23 45 119 49 122 47 104
127 47 57 48 120 115 89 71 11 49 79 74 15 60 115 133 62 118 130 111
131 144 122 87 129 118 81 93 42 80 76 58 147 80 44 37 58 79 24 80
17 106 109 136 26 94 129 67 53 46 79 77 106 73 113 50 66 119 43 34
111 87 122 45 100 147 25 111 41 136 113 35 51 100 133 115 125 84 76 73
47 144 101 137 62 91 20 110 130 144 122 77 109 134 81 125 126 80 147 71
144 132 92 92 110 113 89 108 80 66 91 122 79 133 69 72 19 63 78 32
137 143 59 83 36 134 75 141 119 85 62 49 11 43 135 44 113 130 44 69
66 53 35 91 46 86 126 25 71 43 136 97 128 86 18 77 33 40 50 50
98 52 134 97 30 146 145 33 141 116 125 32 94 84 78 46 49 117 41 64
