0 0 0 0 0
79 130 82 58 111
135 38 75 131 132
64 93 91 70 27
51 120 50 135 49
114 33 135 61 128
43 36 122 58 143
108 75 109 57 138
127 11 58 32 132
40 104 77 30 100
21 113 85 11 112
104 132 79 78 27
111 83 43 84 102
57 73 90 13 15
75 23 149 24 145
11 100 143 146 113
34 63 103 110 143
96 35 40 23 14
140 98 48 116 91
10 55 42 118 93
22 24 99 61 137
145 115 81 92 65
132 132 98 108 46
23 75 79 22 132
92 110 70 82 41
27 123 79 138 143
50 68 40 29 12
45 78 56 11 23
107 30 36 18 73
110 103 91 81 62
65 90 79 39 12
117 28 82 87 21
141 87 76 52 63
72 66 82 49 84
