0 0 0 0 0
38 106 61 104 39
146 94 37 94 48
30 48 19 49 39
13 11 80 98 117
138 92 98 121 79
48 103 54 58 74
88 127 57 144 146
23 33 40 27 20
81 69 117 116 61
20 96 67 53 144
133 133 107 40 142
114 106 114 92 68
135 46 116 105 132
144 10 85 60 127
83 116 24 30 13
66 118 24 120 18
137 124 12 25 103
140 63 61 15 11
82 103 138 101 86
66 73 129 101 49
121 28 76 126 87
143 112 74 88 125
84 127 20 28 22
16 13 35 76 86
145 99 143 115 38
67 61 84 32 108
120 120 148 146 28
125 66 40 118 66
23 65 61 56 100
121 24 50 39 116
85 111 11 146 116
125 51 59 76 20
47 81 143 30 41
81 49 118 41 37
76 38 23 134 38
99 72 63 43 66
125 130 135 56 70
59 115 10 33 117
144 25 140 100 68
39 18 130 61 141
117 134 40 75 145
94 85 110 110 19
148 138 51 89 93
37 65 16 31 89
132 90 84 91 70
145 94 136 19 97
43 93 105 65 73
32 119 52 65 78
77 57 24 22 75
10 137 52 138 15
13 82 42 103 62
24 53 74 135 41
121 31 131 28 100
55 85 82 133 118
107 136 21 42 122
104 40 42 140 88
98 43 121 104 55
92 62 71 58 71
97 32 28 101 24
31 50 53 38 25
58 64 65 15 77
64 100 52 15 37
15 13 145 135 61
94 131 108 134 138
132 116 11 53 83
53 147 104 137 85
124 37 19 124 114
30 131 29 132 60
85 43 43 66 47
149 16 14 81 71
19 17 80 124 88
89 146 84 111 84
144 132 92 62 63
80 13 138 103 133
11 116 146 78 72
88 126 49 81 90
54 75 129 79 80
114 89 130 94 115
74 32 34 133 111
48 26 120 81 107
69 80 120 110 93
37 149 29 64 78
93 72 126 20 61
122 56 49 137 98
63 116 65 28 69
113 105 53 24 120
109 14 45 138 19
128 91 104 93 44
52 16 114 127 87
144 76 104 98 92
35 87 99 100 12
143 148 75 113 18
30 104 95 72 118
39 149 128 95 50
133 87 89 148 81
89 69 75 105 23
147 51 123 71 10
56 143 22 60 116
104 15 140 44 30
110 84 71 72 42
