0 0 0 0 0 0 0 0 0 0 0 0 0 0 0 0 0 0 0 0
98 81 30 77 71 49 124 42 114 140 62 75 57 132 142 52 28 107 97 34
81 33 50 88 72 49 47 15 116 87 17 96 69 85 128 91 124 15 130 63
118 100 132 148 65 143 62 97 80 70 22 89 16 42 86 85 79 87 14 41
130 10 65 130 24 113 132 126 30 121 58 114 76 19 116 31 146 71 91 30
43 130 116 28 79 93 100 73 129 50 143 21 83 139 34 75 55 34 77 118
13 141 66 135 135 35 120 130 88 122 33 35 102 48 18 84 110 23 83 64
69 72 90 69 62 143 88 97 20 37 122 110 38 38 94 137 56 39 23 16
32 33 117 20 14 36 29 139 107 131 79 118 139 78 27 25 22 72 88 54
134 96 65 118 94 74 14 118 90 92 26 62 49 73 36 108 98 86 52 56
110 133 68 29 23 122 108 40 90 131 112 138 24 118 77 29 85 57 85 40
43 56 58 25 66 141 130 93 50 19 144 143 12 120 17 77 147 75 101 129
40 67 23 30 131 104 81 101 66 122 75 53 51 96 90 48 20 83 88 58
36 106 104 22 87 76 99 34 104 115 97 95 140 86 103 40 59 13 145 148
71 121 95 101 130 91 14 90 143 146 32 10 128 11 11 149 84 123 145 95
55 127 125 88 142 149 72 100 147 58 40 136 85 68 43 72 42 125 34 143
52 28 119 110 75 73 106 117 96 67 100 53 66 103 132 95 60 72 129 149
89 111 87 74 65 124 129 93 52 97 40 52 112 19 10 50 35 93 142 120
113 126 126 30 30 96 37 31 52 146 74 64 33 116 90 126 147 22 67 114
39 103 114 44 17 108 147 93 70 66 60 102 68 25 130 72 51 82 101 87
73 16 115 96 89 20 20 44 139 30 119 67 116 112 116 117 50 50 117 81
145 88 109 90 20 37 127 24 129 86 83 13 27 77 146 24 79 47 56 29
114 149 97 144 30 108 114 143 25 82 98 56 57 56 12 86 45 105 118 77
59 48 126 92 86 49 120 85 104 117 42 51 123 45 47 44 120 38 86 60
126 146 63 48 101 125 94 112 35 138 56 86 100 18 100 107 127 94 32 119
57 63 91 83 21 14 148 24 85 70 48 107 49 27 15 93 125 21 84 118
143 148 70 139 27 102 23 143 74 86 89 108 101 62 15 84 11 106 67 12
36 82 73 142 28 105 15 18 97 92 71 75 113 135 121 58 121 25 87 61
138 46 87 95 16 135 66 147 96 69 138 140 127 145 58 80 50 14 65 47
106 111 137 32 22 135 86 32 40 20 46 13 109 46 120 62 61 29 79 73
127 61 120 66 41 147 22 50 118 57 94 61 143 89 40 74 41 49 86 20
30 133 23 41 103 80 20 114 16 65 81 87 64 98 27 112 70 64 16 135
42 144 53 94 73 135 88 55 77 86 113 128 27 117 117 71 116 126 13 106
23 38 10 99 32 83 56 45 11 25 104 32 110 97 71 43 136 83 111 42
