0 0 0 0 0 0 0 0 0 0 0 0 0 0 0
136 92 26 61 124 25 37 128 113 88 64 48 110 142 71
36 146 70 54 72 145 25 143 107 86 78 44 148 76 109
76 68 124 31 15 96 149 107 129 101 47 124 63 96 125
105 11 139 123 93 19 148 119 142 45 13 73 130 18 92
56 127 82 135 109 106 93 60 128 40 134 144 103 61 66
141 107 99 115 138 33 135 63 35 123 109 114 63 145 106
22 55 131 103 24 10 62 113 11 99 15 16 14 125 88
92 134 147 101 21 57 60 98 118 105 129 132 76 92 23
72 144 127 65 102 28 74 101 105 97 81 145 26 69 53
98 75 149 42 139 115 33 36 140 139 115 82 90 74 22
11 60 128 27 132 26 106 86 104 109 69 122 78 101 114
34 96 127 139 144 19 112 52 80 23 38 138 13 90 102
130 104 111 133 90 117 85 121 15 137 66 101 96 148 126
89 106 24 88 47 59 30 65 105 47 143 119 126 132 135
110 16 106 97 33 93 36 113 130 142 42 69 22 55 132
116 98 14 108 148 123 119 126 28 75 59 52 131 148 16
57 109 125 54 34 13 79 138 45 46 145 25 121 29 81
45 41 128 61 31 116 13 132 112 36 146 61 72 23 36
69 128 81 76 127 44 122 68 78 10 50 63 149 49 143
50 44 68 21 99 72 134 119 65 23 47 42 56 118 36
73 91 115 109 84 111 128 118 123 14 100 129 77 140 48
66 135 91 26 131 15 117 149 92 88 20 148 48 26 51
67 90 111 42 103 91 12 12 68 74 131 29 94 58 94
147 104 65 93 68 87 19 140 80 53 64 104 55 141 141
49 10 89 28 20 126 126 111 76 128 80 85 55 112 124
89 95 12 15 27 141 77 122 19 12 23 45 128 48 126
32 56 53 127 12 98 47 93 44 121 50 50 85 129 116
41 60 139 113 74 115 140 147 79 82 78 116 59 58 70
23 121 66 38 89 129 145 97 56 10 62 79 140 144 14
128 118 75 103 136 89 137 38 112 145 85 32 80 123 98
115 52 57 145 97 91 27 92 75 119 53 122 28 109 110
35 58 37 128 90 91 102 92 21 117 96 129 32 133 49
140 137 120 101 137 117 126 140 66 81 58 35 75 14 124
112 51 71 72 142 44 134 78 113 57 42 15 141 101 54
89 102 109 116 125 44 134 49 19 133 83 12 80 128 33
95 107 118 43 84 18 137 15 10 37 15 78 32 86 78
57 130 71 134 122 62 85 117 57 64 126 112 30 49 43
70 61 59 137 28 93 19 118 98 100 19 126 101 13 123
113 31 118 52 133 118 123 126 41 89 63 36 44 81 17
77 64 108 115 61 35 21 12 53 87 52 70 68 25 117
53 118 65 118 47 75 41 135 57 72 71 109 25 116 133
22 133 12 87 71 49 119 52 19 115 55 131 57 137 12
18 90 103 90 68 146 42 134 52 114 102 143 129 120 23
18 49 115 130 125 37 55 144 34 69 33 25 75 98 93
93 88 61 26 33 67 41 21 117 65 41 94 140 46 30
74 112 119 144 131 55 62 54 104 67 70 38 12 24 39
134 137 135 110 102 72 114 116 70 92 87 58 14 118 123
55 69 18 40 59 60 38 136 85 118 79 42 142 22 138
111 60 51 74 148 63 58 119 111 36 70 49 145 45 80
37 76 85 81 67 113 138 43 143 147 29 73 97 108 47
105 116 130 75 146 132 17 74 136 121 35 106 105 15 95
51 65 21 102 10 66 43 51 58 56 56 83 123 131 31
144 54 105 122 149 101 110 47 105 45 57 41 78 64 12
23 124 39 15 41 30 114 40 126 51 107 80 75 51 73
16 77 55 109 144 28 110 116 84 78 72 74 132 31 11
42 119 127 55 137 58 26 144 49 62 87 11 52 69 22
31 81 32 51 113 27 68 136 37 61 43 137 99 63 133
124 24 134 60 88 78 100 149 24 92 127 31 120 114 23
141 99 68 134 10 138 10 79 111 139 124 117 32 120 104
121 94 21 14 14 146 57 44 88 61 127 103 133 149 69
108 84 98 96 117 77 86 96 56 82 24 62 121 59 114
149 31 29 31 69 133 23 130 129 13 139 15 113 88 71
17 11 83 49 14 20 61 24 17 54 15 74 37 122 86
123 95 23 82 111 54 105 146 88 47 42 36 89 122 45
61 101 16 74 111 109 128 79 122 57 67 40 96 95 13
87 41 115 139 92 23 119 35 145 35 68 52 70 79 79
21 104 63 85 57 51 89 115 52 84 76 76 119 66 52
27 80 142 28 135 45 69 42 101 83 67 128 106 101 101
17 118 92 13 33 116 33 118 52 10 98 125 96 51 47
129 145 66 20 22 117 78 101 101 46 115 142 36 22 125
116 73 104 122 35 72 120 18 23 57 16 124 138 136 30
17 43 27 72 147 39 22 45 62 136 93 42 58 60 37
120 60 25 145 14 95 62 94 100 39 142 115 104 48 105
18 109 73 100 41 58 11 11 88 124 138 82 130 58 24
20 35 69 122 136 68 75 63 82 94 25 111 118 28 88
54 107 13 94 14 36 14 57 119 128 19 85 74 127 52
132 32 12 142 31 86 109 89 44 90 97 99 71 85 142
65 144 71 131 147 124 144 45 50 124 111 15 138 48 24
18 60 19 128 122 99 39 145 135 117 59 132 112 20 82
37 130 114 79 88 15 112 113 66 140 49 13 54 10 85
37 65 100 59 142 103 131 141 57 43 27 15 78 133 41
90 34 61 97 124 34 23 126 88 53 64 33 127 74 41
142 103 99 103 103 142 15 128 71 97 133 26 53 83 13
114 73 26 63 126 67 86 125 62 51 67 84 69 17 41
77 124 87 48 57 76 95 41 55 100 10 71 130 18 129
131 10 127 99 104 77 81 100 31 113 83 63 45 18 147
15 134 30 46 104 120 20 83 112 53 143 114 99 12 21
143 113 15 124 57 112 92 131 32 17 89 37 45 94 38
98 132 19 83 51 19 104 38 109 19 49 75 29 18 93
12 30 66 110 87 79 42 43 54 36 77 86 89 48 83
93 48 114 112 12 101 143 125 149 18 93 95 116 131 80
16 67 88 71 71 121 108 106 31 149 144 56 23 103 65
42 41 133 47 65 116 18 17 62 10 134 25 99 21 46
132 114 125 22 110 27 115 147 136 80 132 65 10 96 82
100 139 123 89 78 97 128 72 47 47 51 40 94 56 26
140 89 107 118 21 123 49 119 47 20 76 73 71 70 41
43 82 128 133 94 68 13 133 17 85 22 123 54 18 92
87 131 117 82 149 57 24 45 64 55 79 32 116 108 25
28 71 96 96 95 111 69 31 119 69 147 95 67 110 112
126 95 120 40 141 64 124 133 61 30 49 133 105 33 26
87 39 60 81 121 15 54 132 76 58 127 112 40 12 144
99 99 93 131 105 28 15 64 52 104 57 143 120 85 15
109 40 35 104 101 93 99 90 24 117 24 89 61 83 66
100 32 91 106 137 120 57 57 102 61 110 74 143 90 129
66 62 142 92 98 51 70 27 51 28 52 99 80 143 57
65 116 13 91 118 72 134 54 21 12 21 20 14 130 69
31 136 20 76 96 103 42 18 20 137 16 77 69 132 117
112 107 111 118 129 89 114 33 134 10 107 111 65 97 121
21 44 46 125 15 49 80 49 62 118 86 143 39 77 78
10 129 145 22 79 33 34 117 102 50 66 125 13 25 29
145 24 25 118 70 105 77 144 16 29 99 41 37 39 146
13 66 16 18 120 12 56 34 44 56 133 136 139 27 124
56 86 133 123 13 67 114 62 132 146 14 48 15 96 89
45 81 60 27 119 126 50 16 71 11 119 11 134 109 133
121 80 91 103 113 33 91 137 19 126 122 16 12 107 110
46 12 47 126 57 48 149 40 96 98 37 86 95 68 86
123 85 43 102 21 109 51 80 133 111 23 55 113 139 141
13 105 43 127 21 110 12 135 147 93 132 57 147 30 73
95 31 80 117 141 30 98 93 95 98 112 53 105 53 38
72 13 49 82 143 87 136 97 28 99 50 116 108 124 132
58 57 46 58 38 22 90 96 55 88 26 45 55 125 59
43 45 18 121 96 83 54 12 122 76 30 91 87 131 146
35 72 11 79 51 128 112 43 89 20 117 47 144 123 29
144 134 34 83 19 60 12 57 42 70 57 63 75 127 37
12 68 136 98 26 76 118 112 82 133 76 138 47 58 89
128 54 135 92 13 45 78 87 96 99 113 100 145 142 121
67 84 116 111 117 115 22 95 96 41 62 27 35 101 59
120 92 119 132 103 112 26 46 143 15 67 106 33 75 74
71 43 26 15 131 136 14 120 33 23 134 14 15 35 107
49 43 23 23 79 70 131 93 45 111 79 81 85 20 94
52 28 66 135 53 107 111 135 96 120 23 91 44 115 12
91 30 109 64 11 143 55 40 73 73 102 17 38 147 76
50 41 110 124 92 56 141 19 23 26 74 117 43 74 12
147 102 127 13 131 94 66 121 141 100 84 58 107 38 88
40 77 73 98 27 109 124 64 49 50 131 87 128 91 105
77 131 98 66 22 102 139 83 47 140 47 25 71 35 101
149 85 92 20 94 108 88 117 129 109 29 77 136 39 42
67 114 60 28 137 29 89 82 136 119 145 29 40 16 38
36 143 116 125 128 24 137 88 36 25 110 51 72 132 125
32 144 121 51 132 90 70 45 31 91 10 57 21 18 148
135 83 102 137 18 109 84 24 96 70 43 81 81 85 140
75 68 73 147 96 41 95 137 47 78 147 113 90 82 139
58 43 135 74 32 117 50 30 48 110 95 147 136 69 54
75 131 15 135 83 64 107 49 134 21 56 146 88 70 39
24 44 137 111 93 127 74 102 70 110 138 78 129 132 80
29 134 43 110 22 138 36 126 110 63 60 14 22 119 79
35 51 120 68 117 20 52 136 33 109 134 35 55 142 86
120 39 29 128 142 26 42 16 139 98 101 104 137 134 123
139 130 106 41 103 92 102 116 67 89 88 81 24 89 109
83 80 87 110 110 128 43 83 106 101 54 87 48 27 51
18 116 63 127 79 90 36 78 111 73 100 58 56 83 104
148 43 110 101 117 99 18 109 34 69 39 38 45 62 38
61 25 28 92 27 32 42 123 115 119 104 120 83 86 61
87 105 70 143 100 121 59 143 84 81 110 76 34 83 81
53 33 20 84 58 86 24 111 104 79 83 129 101 105 107
128 101 122 104 36 39 11 73 38 49 119 143 100 20 92
15 38 11 68 47 113 27 47 77 58 30 59 24 149 126
112 39 50 17 89 120 43 36 136 149 29 54 132 143 55
35 96 15 90 101 82 26 113 113 65 69 100 93 53 30
89 77 25 30 76 148 53 39 58 67 54 40 25 14 109
