0 0 0 0 0 0 0 0 0 0 0 0 0 0 0
30 54 143 70 49 149 30 100 52 79 37 69 59 137 53
88 91 92 14 78 89 61 102 53 17 136 142 124 53 59
93 95 65 119 115 146 149 147 11 97 17 76 145 92 47
57 113 68 85 112 44 19 75 82 87 122 18 88 73 96
143 112 142 84 49 82 91 95 124 40 18 21 47 125 113
89 88 71 87 82 104 91 122 91 111 105 90 54 57 73
107 98 94 27 26 62 29 119 11 63 123 59 88 75 66
121 32 35 111 25 131 13 74 125 11 19 115 38 145 15
104 105 75 127 73 89 83 24 21 147 50 32 35 66 108
63 18 54 83 33 21 73 35 55 54 127 114 59 56 96
145 57 95 17 42 78 86 78 92 97 53 58 15 16 52
139 86 12 82 108 26 140 39 38 46 110 42 122 143 24
126 75 125 111 27 42 111 149 79 72 127 27 91 89 53
144 98 73 83 104 123 97 125 88 92 45 115 68 33 87
138 36 87 99 10 68 146 95 103 106 95 131 88 101 85
100 70 17 138 137 130 123 82 56 17 85 86 87 118 104
42 84 77 83 49 94 75 24 108 68 142 67 96 41 68
115 124 142 73 121 20 21 62 69 68 126 65 98 39 44
67 87 132 48 80 125 26 46 94 32 65 106 57 65 63
57 65 136 117 57 43 54 57 20 69 28 48 40 138 84
110 57 29 38 135 10 22 141 50 43 46 125 141 132 148
69 106 22 28 148 112 131 20 144 25 35 29 15 25 130
111 48 16 129 114 14 18 130 32 46 19 73 33 80 89
60 145 43 131 76 113 36 89 16 94 126 74 38 144 81
26 18 81 51 64 47 92 138 104 138 133 146 19 52 100
27 68 140 61 52 100 101 75 103 84 84 51 90 120 28
34 61 110 44 83 41 36 27 142 127 30 49 42 114 128
81 45 28 98 135 118 43 11 35 35 100 58 145 138 68
119 27 100 106 31 78 41 55 58 149 12 34 17 126 147
146 121 125 67 141 72 48 52 90 11 128 42 136 143 141
104 40 127 22 10 19 119 72 93 110 130 22 83 81 130
31 120 68 41 14 124 145 136 52 111 67 12 67 82 85
66 131 58 147 56 46 36 63 65 92 24 113 118 93 137
55 104 88 24 144 64 121 111 106 131 144 10 39 95 72
141 96 144 49 17 141 92 69 109 40 12 83 19 36 81
66 124 58 58 110 91 144 97 108 103 114 55 83 33 68
80 44 76 89 31 68 46 31 117 13 53 91 121 133 136
140 108 32 78 33 93 129 38 40 11 116 144 57 111 30
71 69 118 54 45 145 84 65 50 74 60 96 64 143 28
57 43 52 81 82 108 95 83 99 143 86 146 143 64 77
108 71 50 20 37 110 64 95 92 94 22 88 97 128 58
73 111 50 84 146 99 147 133 28 135 84 63 115 70 100
27 77 125 39 143 140 115 68 140 36 66 103 96 18 96
55 68 69 117 40 145 24 76 40 49 130 120 105 57 35
55 68 68 69 132 56 17 91 79 97 78 104 26 13 26
139 26 81 146 111 117 80 69 60 64 101 101 38 111 92
76 93 50 124 80 80 114 93 37 134 104 98 148 117 36
117 32 14 126 95 135 39 30 41 77 17 125 80 40 125
43 23 108 42 34 52 125 117 36 74 137 58 110 143 85
130 82 15 116 84 92 71 24 124 113 93 47 36 113 59
132 51 53 93 93 109 35 60 140 52 62 43 99 67 35
146 56 32 31 57 126 109 75 143 93 59 70 31 63 109
11 130 135 33 136 52 69 47 120 89 98 119 75 85 41
12 77 135 46 22 100 104 43 36 51 30 149 102 22 26
93 78 38 144 29 111 110 72 73 35 77 50 50 120 37
17 93 99 84 18 20 142 11 107 110 106 46 60 112 41
97 62 140 36 30 102 79 132 48 109 108 45 34 77 105
22 87 58 137 116 18 24 105 70 41 104 58 50 73 136
94 86 15 42 122 101 137 111 109 118 139 56 114 110 133
88 119 106 110 99 117 43 135 147 83 117 138 109 79 43
102 87 103 63 84 134 35 129 124 124 147 37 15 124 61
55 101 69 93 123 102 11 115 32 108 35 93 115 105 110
92 33 83 48 53 81 112 95 72 19 113 86 38 41 28
16 120 131 56 143 53 65 128 147 132 50 94 62 32 51
76 36 109 44 56 119 93 140 29 97 18 81 121 81 120
35 15 19 102 54 109 41 147 17 134 26 17 51 47 21
78 21 76 141 138 126 56 78 129 97 103 102 91 145 103
140 47 86 55 43 101 108 19 37 118 10 110 130 116 69
38 68 81 23 56 138 25 116 54 137 35 130 122 101 33
126 22 61 76 68 86 17 145 144 118 116 119 138 124 28
17 92 18 96 60 127 50 30 67 57 102 65 139 147 21
86 58 45 124 65 22 81 62 98 145 117 98 60 87 10
142 127 25 107 146 123 115 134 62 127 22 26 101 139 21
128 129 115 95 61 38 35 103 20 69 144 130 118 125 95
17 127 39 63 78 113 139 116 54 39 18 88 125 133 87
119 126 47 26 112 48 113 50 142 75 35 15 31 121 139
61 103 20 52 41 54 109 115 24 84 35 15 104 35 12
145 110 60 94 84 68 83 21 40 138 60 50 72 110 103
78 121 65 28 27 105 116 42 61 25 75 72 43 87 94
23 116 104 102 122 106 34 109 50 33 80 40 147 69 79
17 121 36 77 110 62 115 104 103 94 28 139 134 84 19
136 37 64 97 25 35 138 116 92 118 121 143 141 84 78
97 21 23 119 129 60 43 89 67 132 26 75 112 18 139
51 83 12 16 133 138 83 28 134 64 45 142 57 65 49
132 14 66 36 143 46 72 100 60 66 11 114 116 70 136
50 104 81 118 33 35 46 32 15 47 99 12 30 110 84
93 136 56 116 23 112 121 114 101 23 53 122 121 44 148
24 84 49 147 29 11 63 42 139 120 91 32 10 128 109
17 80 85 80 139 30 102 147 86 10 72 138 134 43 76
84 146 116 84 135 72 26 142 134 51 55 36 92 142 55
