0 0 0 0 0 0 0 0 0 0 0 0 0 0 0
115 68 122 113 10 116 134 111 32 37 51 141 45 52 136
29 57 145 24 131 65 121 73 111 86 80 47 128 82 87
139 16 38 19 50 110 116 127 31 17 91 11 92 120 32
77 102 28 52 57 133 142 117 81 84 23 121 75 131 108
38 133 36 94 98 56 86 40 149 99 143 95 144 92 12
37 129 129 71 41 97 37 19 81 111 56 10 97 97 34
127 62 45 55 16 64 126 99 39 14 144 130 72 96 42
16 35 82 69 57 140 125 104 31 69 14 123 41 89 138
73 141 115 107 116 65 135 95 122 56 87 88 15 11 73
83 28 66 124 111 136 101 64 123 139 41 39 114 123 104
45 84 49 119 65 107 100 104 141 55 100 98 39 78 45
141 89 21 49 119 24 23 108 45 118 145 124 67 10 31
37 118 16 75 96 88 27 126 14 93 110 130 47 122 46
84 148 67 63 77 141 111 70 115 100 30 127 28 66 144
35 135 142 11 109 17 144 136 36 47 109 118 20 115 51
41 47 78 148 48 20 87 74 62 117 136 119 49 49 139
57 102 57 36 92 111 50 149 42 79 116 105 67 32 123
105 67 135 62 29 32 85 86 32 99 29 68 149 68 18
50 39 33 115 97 148 33 113 55 29 77 110 60 57 140
61 108 44 41 79 125 19 20 24 63 46 107 116 147 109
121 58 121 92 87 81 76 34 110 90 55 104 81 40 50
57 20 60 134 79 35 21 69 147 47 133 88 110 63 102
59 48 89 113 145 99 78 119 76 42 99 144 138 62 87
98 103 143 27 133 71 104 88 15 118 127 118 94 92 104
52 82 96 132 123 31 19 125 119 110 23 60 41 51 16
137 63 117 114 55 142 77 32 141 80 146 89 37 21 68
61 92 146 116 100 112 18 112 14 42 88 36 66 111 122
40 131 114 100 38 39 56 46 65 138 100 63 58 64 15
141 27 140 65 100 147 82 142 85 55 87 100 134 113 68
44 97 89 65 50 139 37 97 55 25 42 102 87 128 63
127 135 126 24 52 67 112 87 35 127 122 90 49 13 149
116 50 23 17 25 106 19 118 59 30 32 78 33 91 40
130 128 49 40 97 126 121 46 127 91 82 137 100 107 22
96 74 67 85 21 91 133 123 140 93 98 117 82 148 42
97 89 136 144 21 103 50 36 65 25 92 20 53 75 137
137 112 134 138 124 147 30 102 79 112 112 43 100 49 20
31 89 98 17 111 122 39 12 129 147 119 27 51 22 25
76 94 30 119 141 91 105 13 83 99 12 103 127 39 30
125 76 108 27 149 54 22 124 134 145 15 42 30 69 47
107 97 116 52 25 79 121 85 91 20 19 138 54 144 101
113 73 34 47 23 25 112 130 23 97 122 66 48 49 26
135 29 28 147 135 44 120 64 10 44 102 100 143 148 90
62 102 131 130 128 90 27 29 126 131 14 17 54 57 21
44 32 105 14 59 54 100 118 84 65 15 127 10 21 135
88 100 135 128 39 30 28 19 97 35 83 130 23 83 27
12 91 51 130 111 85 64 132 24 125 145 126 82 132 123
14 104 54 114 52 28 80 47 66 89 53 74 121 15 103
71 52 69 87 79 46 114 21 18 27 81 75 78 66 37
26 16 49 38 68 71 45 39 113 73 98 28 66 124 96
145 112 147 90 32 112 38 20 64 39 86 130 26 39 59
43 130 111 146 95 94 140 79 22 87 68 34 41 122 18
148 63 126 136 69 90 133 138 77 71 38 12 22 17 137
33 149 49 74 97 57 19 12 58 15 18 79 26 101 136
79 102 19 49 13 127 116 115 29 112 12 12 28 42 45
93 30 68 127 89 46 41 20 61 51 103 105 149 59 61
75 62 76 102 43 118 82 68 38 134 26 78 81 139 142
125 16 66 98 137 109 135 89 24 59 52 96 13 64 22
87 25 149 111 143 113 12 62 66 120 77 35 30 78 32
50 106 57 127 104 134 114 74 53 79 47 88 82 78 23
78 84 62 98 70 103 57 133 122 18 131 115 100 69 12
48 22 100 41 87 40 130 137 74 83 14 18 121 117 134
118 43 95 90 97 89 10 23 61 105 34 47 149 78 91
87 69 83 18 83 94 67 24 76 136 80 83 113 116 82
125 71 97 42 120 16 125 30 149 133 102 25 71 130 113
18 46 49 111 47 79 19 15 15 133 114 149 124 32 123
144 29 126 36 92 131 71 37 114 15 122 54 114 93 76
117 135 73 97 55 72 83 77 21 18 16 145 19 25 38
112 82 63 18 149 126 75 74 120 56 85 21 100 17 48
67 29 12 134 78 38 111 16 28 132 147 74 31 105 13
23 149 123 75 44 16 82 108 99 101 148 58 35 130 99
41 147 58 99 134 57 78 105 140 28 113 31 113 122 55
24 16 70 128 119 33 34 137 135 129 45 52 45 35 128
74 72 14 32 105 87 95 33 65 98 84 60 49 28 127
90 36 69 69 16 70 56 64 88 64 136 73 34 58 119
141 82 31 56 80 73 101 72 14 65 70 57 125 60 19
83 44 67 49 50 139 54 27 110 145 147 84 92 19 118
34 52 37 49 116 61 70 72 21 37 136 63 84 98 143
137 65 54 80 46 114 142 12 36 50 87 53 19 11 22
97 17 125 73 129 78 143 136 59 49 104 111 41 116 32
16 131 142 44 148 119 121 98 19 70 87 119 107 62 94
111 126 19 37 82 12 17 68 31 131 99 71 43 24 36
80 80 85 108 122 81 75 13 89 103 104 18 139 33 30
53 121 49 136 46 24 139 35 107 135 60 146 37 82 13
118 127 80 119 22 126 125 29 67 70 25 12 37 127 54
115 13 66 145 124 76 26 94 92 33 31 107 145 133 20
47 38 33 61 70 50 40 62 42 68 69 23 134 118 90
131 142 103 11 39 26 57 44 123 93 118 121 125 27 97
37 90 118 23 33 34 123 40 67 34 86 136 99 104 78
145 139 26 14 109 131 85 24 148 12 22 23 87 132 48
58 62 110 24 69 93 68 129 68 112 115 131 80 56 89
98 145 130 133 135 143 72 145 64 129 92 136 36 48 78
49 132 14 82 82 133 84 136 147 123 44 26 124 99 94
135 101 111 96 22 128 83 33 61 115 143 66 51 81 20
124 32 134 139 66 104 62 61 101 36 102 57 44 88 79
29 60 115 27 44 135 74 141 81 44 48 89 127 74 149
103 139 85 36 18 53 116 33 98 124 147 81 49 42 10
72 24 21 113 135 35 24 43 140 117 18 50 66 117 129
133 77 24 117 79 66 51 117 128 35 103 143 45 141 90
96 65 31 91 96 113 70 121 69 29 105 16 74 104 55
95 11 36 40 123 92 28 128 59 92 109 63 110 72 45
78 134 124 114 85 48 107 43 30 49 104 58 89 113 22
78 31 118 16 34 40 72 38 106 101 27 89 92 12 79
76 36 29 41 44 70 44 74 112 87 10 72 125 120 105
32 112 110 14 66 36 48 94 139 85 43 37 139 130 125
106 32 89 64 46 62 68 92 100 112 105 142 56 108 100
96 26 34 115 78 64 13 134 31 54 11 21 135 32 33
102 117 72 71 20 36 88 69 130 51 121 13 107 51 126
83 128 14 27 138 40 114 78 12 148 104 86 132 39 86
107 38 146 42 70 65 47 94 144 94 24 38 14 89 46
121 130 138 24 134 93 15 24 141 71 65 39 131 146 40
133 120 137 126 36 91 83 123 76 98 132 127 96 126 112
148 121 74 66 138 81 95 20 141 25 110 137 44 101 70
140 134 144 68 102 112 14 110 48 129 36 145 57 49 127
82 120 83 18 142 136 69 27 92 125 139 94 132 12 11
13 129 115 48 18 138 75 124 100 10 14 117 136 64 117
84 129 76 20 108 11 149 47 111 142 57 112 29 11 106
67 140 94 146 60 97 146 60 144 112 134 56 34 148 121
108 131 108 93 115 93 92 34 48 128 66 79 123 116 137
148 82 127 34 97 135 148 58 115 65 95 84 108 13 138
139 134 113 126 97 104 100 58 72 65 23 17 116 80 115
