0 0 0 0 0
141 112 39 107 113
45 19 96 93 133
123 47 134 119 107
121 147 84 147 121
58 64 147 42 101
144 10 146 141 103
114 85 89 67 63
55 140 116 55 96
95 136 62 18 17
132 142 35 81 139
54 59 138 138 84
108 34 148 12 106
147 122 132 17 16
80 32 64 90 142
60 89 117 88 55
122 32 149 42 99
15 114 28 23 62
145 38 111 136 33
74 93 130 17 137
28 144 52 72 20
103 110 27 131 109
43 101 81 67 135
27 61 20 35 124
45 110 95 14 17
14 32 76 75 14
26 67 25 90 45
58 77 129 57 80
86 95 90 49 136
112 101 45 61 56
80 67 106 71 147
125 34 140 20 66
135 48 35 82 45
88 31 99 91 140
137 25 84 70 108
83 25 131 26 109
140 15 126 31 89
10 54 77 102 85
113 27 115 13 87
124 31 61 46 62
148 58 19 106 93
129 112 104 33 51
91 112 74 51 70
107 64 84 132 88
46 15 79 131 42
124 140 66 68 54
66 70 23 17 123
133 100 145 92 72
115 114 135 117 38
147 26 36 57 138
51 133 18 23 18
105 146 86 26 55
114 135 141 81 27
139 97 61 141 133
117 50 45 103 136
113 69 130 130 62
83 87 136 55 145
91 148 61 89 57
67 122 64 123 116
93 63 60 62 89
45 114 120 16 98
103 76 93 121 91
69 112 136 75 65
47 141 136 59 41
82 88 22 60 56
103 78 137 28 81
99 60 136 101 81
61 44 134 139 48
79 40 31 46 136
64 44 113 34 12
91 35 131 123 38
11 23 22 114 134
22 55 68 136 14
38 11 91 60 30
39 63 67 52 30
115 117 82 88 17
52 66 49 52 37
81 22 11 147 97
40 140 138 106 25
29 19 130 23 17
142 67 79 18 48
12 17 83 85 37
112 144 134 55 24
23 42 35 27 78
29 16 30 50 92
49 94 93 42 49
100 133 24 115 118
72 27 47 130 125
31 118 82 79 50
69 37 88 123 60
127 71 47 73 92
122 70 140 30 10
22 38 76 96 109
149 109 113 14 114
14 50 86 27 51
73 110 116 71 41
82 147 71 90 57
109 140 28 148 71
138 87 107 144 34
57 81 138 144 129
92 131 26 84 26
29 34 68 58 63
107 83 96 93 119
72 148 112 68 67
128 42 14 114 94
43 53 136 128 91
63 106 68 16 16
29 83 78 20 33
121 24 109 132 73
142 14 148 114 42
92 117 20 14 21
99 122 112 141 136
129 87 110 146 39
85 37 128 37 23
85 57 89 118 50
67 89 57 50 86
111 117 114 54 120
129 24 15 124 44
125 103 52 31 66
29 106 67 84 121
57 43 123 56 79
61 139 132 13 140
57 84 15 101 16
47 25 16 37 59
23 97 50 55 35
72 115 14 71 136
139 34 66 112 90
86 11 124 119 47
36 97 16 48 58
23 17 44 144 131
51 14 57 39 70
81 15 64 58 30
14 137 14 78 30
78 95 16 47 81
147 126 104 16 45
88 55 39 103 28
86 127 113 134 121
104 70 113 125 66
113 73 142 130 143
136 46 113 115 31
132 10 57 74 73
