0 0 0 0 0 0 0 0 0 0
16 37 114 121 128 145 38 41 18 100
47 146 80 145 58 60 88 126 111 124
36 107 129 73 82 56 91 31 35 38
20 38 111 39 81 98 127 105 23 24
72 27 34 98 21 58 20 148 40 119
138 70 115 104 28 117 100 39 70 91
27 38 76 69 101 65 112 39 141 69
121 35 139 29 65 113 107 24 74 84
138 138 11 79 14 16 12 50 32 53
51 77 64 89 60 60 64 146 141 70
100 88 106 55 23 85 121 143 96 102
111 143 97 48 66 133 130 115 121 82
59 105 46 21 44 29 79 80 47 33
134 148 120 126 12 32 109 58 49 121
119 36 70 89 113 137 37 88 81 124
38 10 105 18 21 50 79 47 118 145
80 10 105 104 80 90 115 138 143 122
95 82 45 64 59 133 24 59 15 94
27 99 98 104 53 31 29 92 49 85
137 94 70 138 61 111 104 124 133 12
56 136 82 131 30 100 85 35 72 95
131 55 108 137 110 23 17 88 47 24
32 20 94 143 35 15 119 43 50 52
73 81 31 57 26 62 97 86 13 22
105 57 105 146 63 116 16 30 32 64
111 146 139 113 32 147 11 60 88 117
36 144 83 43 45 90 106 104 87 71
98 109 102 109 26 146 143 105 39 145
46 70 10 80 14 95 73 42 26 27
118 56 148 121 68 138 101 95 143 25
42 97 36 124 100 84 71 27 20 69
149 11 127 140 59 70 133 128 64 126
74 148 97 121 146 45 67 123 24 62
51 24 135 119 149 138 137 110 23 102
77 85 132 117 84 28 14 101 22 82
146 95 147 86 115 72 14 111 148 101
69 34 10 64 104 86 80 117 40 86
67 83 143 83 106 84 138 57 53 29
117 51 25 97 84 23 73 79 62 63
97 68 50 96 24 82 72 39 50 10
64 73 142 100 98 125 80 124 16 39
44 127 88 28 144 27 80 39 61 122
95 83 145 81 33 79 74 74 121 105
57 24 63 19 144 52 45 137 104 143
37 139 109 147 60 32 147 75 103 146
41 51 44 41 21 42 52 100 119 78
101 15 73 149 25 21 40 45 47 56
105 108 140 109 72 115 48 113 114 57
119 135 30 76 128 14 141 56 23 28
78 128 61 31 63 53 11 138 57 64
33 26 109 91 108 80 146 123 56 57
56 65 136 138 104 109 98 64 46 80
96 132 23 35 93 143 121 47 34 13
34 14 124 128 81 67 108 132 119 60
85 50 97 12 70 18 142 106 103 130
35 40 104 88 144 31 67 144 69 147
97 117 96 147 113 138 55 140 25 42
22 55 36 124 72 33 111 117 82 134
97 90 32 111 28 62 114 38 106 69
123 30 97 106 42 75 35 60 94 137
88 80 92 142 34 27 144 95 12 28
25 86 119 93 78 130 100 67 112 102
110 69 114 24 115 81 83 35 26 24
102 68 81 127 44 51 101 30 89 77
