0 0 0 0 0 0 0 0 0 0
96 99 58 12 149 45 83 41 137 43
149 13 80 51 125 64 12 104 57 10
148 37 109 127 95 140 79 135 51 132
50 28 90 94 79 114 39 142 94 23
95 79 124 95 147 127 101 58 88 46
126 79 68 63 111 128 52 47 149 26
47 85 47 24 125 128 30 102 136 118
136 85 77 45 107 19 14 56 135 103
67 133 92 40 37 111 39 23 47 100
71 29 116 128 44 26 72 77 15 45
135 19 126 14 50 119 59 34 81 111
60 70 50 71 21 101 74 40 13 70
38 127 122 117 35 141 135 115 149 149
149 33 74 46 129 31 33 10 102 90
110 14 141 122 10 102 24 134 126 85
121 73 30 31 41 60 70 145 55 91
111 72 18 101 146 112 132 37 46 147
66 110 76 90 15 81 148 101 34 116
73 124 23 80 61 119 77 59 23 106
91 21 68 107 139 65 114 86 40 48
74 90 117 67 145 13 20 114 76 12
29 88 43 86 103 123 121 88 56 137
78 58 56 60 34 114 91 145 98 131
114 119 114 10 49 50 27 71 85 125
132 131 144 52 83 94 138 115 87 25
135 46 95 68 73 115 30 70 60 103
81 149 127 137 17 102 47 149 106 58
76 148 108 46 141 113 114 108 62 124
42 48 136 140 15 130 56 43 33 123
20 61 78 51 72 46 61 85 75 136
100 55 62 111 18 97 10 73 98 53
59 62 82 134 100 31 63 134 118 57
35 86 30 130 113 27 79 11 119 40
25 61 58 143 44 53 101 21 103 41
127 19 93 32 16 115 55 114 108 104
99 19 48 47 101 14 69 40 98 100
70 127 59 28 79 111 18 40 147 33
38 143 39 29 92 92 48 56 97 144
88 12 141 45 11 87 89 68 108 69
65 72 32 147 53 59 36 62 121 116
123 35 44 148 131 72 63 126 65 137
38 47 108 127 125 96 27 98 52 141
76 41 44 81 59 138 52 140 84 123
40 44 70 69 148 19 106 88 21 54
15 104 128 135 64 140 59 148 23 92
94 121 88 123 45 86 81 30 69 42
29 149 108 37 75 61 95 60 100 59
89 68 86 69 114 141 110 21 41 65
38 47 80 117 30 49 131 138 134 62
60 117 148 132 58 17 39 131 80 89
126 128 102 67 53 68 67 96 85 78
125 145 57 118 13 74 131 78 141 111
62 91 40 135 119 53 75 49 18 49
104 78 137 12 128 33 50 56 123 87
140 75 80 94 127 83 29 91 88 109
101 103 109 37 73 31 14 28 49 12
115 77 125 61 23 47 30 39 27 53
109 130 36 114 148 131 41 107 128 74
11 130 73 94 135 123 31 91 91 116
149 141 110 126 61 103 15 102 25 53
135 59 73 40 145 93 71 34 14 129
12 47 63 31 46 56 96 105 85 84
67 27 84 43 72 56 122 138 18 107
28 135 129 136 29 40 131 78 88 18
135 47 19 59 96 37 15 30 20 89
104 117 63 50 111 25 110 112 106 46
73 149 145 23 42 42 25 25 99 119
116 17 20 40 105 28 36 108 131 71
22 138 17 108 110 74 28 86 73 40
115 49 41 81 77 85 139 78 62 111
142 99 57 19 142 64 23 69 54 23
17 76 69 35 31 100 74 71 57 74
46 137 46 145 16 108 131 83 97 122
49 30 77 71 147 16 73 56 129 30
98 90 118 63 78 137 82 143 52 17
30 134 74 137 89 61 117 138 82 131
148 91 23 79 24 123 117 10 70 112
77 96 90 98 27 45 65 29 58 129
29 19 139 124 58 112 77 96 148 103
96 136 124 35 59 60 95 12 74 21
147 46 94 69 78 27 59 128 102 126
71 79 128 20 115 109 38 16 117 53
50 144 26 65 33 31 104 16 134 126
33 36 20 49 57 75 74 38 116 105
52 123 143 42 103 49 26 100 118 104
66 75 49 132 15 87 134 136 103 54
51 144 104 69 54 72 54 79 32 93
74 10 111 44 28 10 37 94 61 22
75 67 112 145 69 55 44 22 127 37
149 96 23 142 104 58 44 116 66 131
116 137 116 133 114 17 19 96 33 21
65 40 30 48 146 78 30 129 53 94
43 40 11 80 89 117 96 125 96 60
123 74 102 59 138 102 17 33 113 56
70 76 125 36 37 131 113 85 46 11
135 43 121 52 59 34 13 103 71 15
129 121 149 64 113 65 143 102 94 31
20 124 42 39 142 20 72 27 48 123
110 126 29 36 126 73 24 48 135 75
126 85 137 84 117 130 15 71 83 15
144 135 71 126 137 124 47 24 94 50
19 40 77 32 92 124 105 85 104 101
119 115 53 149 70 124 115 89 62 115
148 68 16 37 41 24 149 116 71 119
148 95 139 82 33 119 69 71 104 111
63 115 86 79 149 10 66 87 39 130
25 132 143 129 37 133 60 106 126 78
68 48 53 17 114 61 81 100 103 11
25 96 30 61 97 125 78 56 27 62
129 108 34 22 39 123 101 51 61 86
107 23 130 57 75 81 92 22 38 76
27 71 62 141 69 94 16 85 63 78
33 110 50 69 54 53 42 111 95 78
84 96 138 51 81 78 72 95 49 104
12 52 25 41 86 137 128 19 39 62
92 18 21 86 116 121 108 42 137 37
61 90 59 145 60 52 129 113 51 88
15 77 24 59 10 79 73 24 97 66
38 24 53 143 75 110 143 142 55 85
78 93 117 134 51 32 117 28 35 34
47 102 121 12 129 26 111 86 114 148
89 93 34 35 14 43 114 97 119 73
107 144 94 108 134 94 101 59 131 143
47 119 120 13 97 75 35 109 107 77
61 97 90 122 10 107 98 72 35 64
141 94 32 31 98 14 12 103 97 38
117 28 79 68 78 98 43 75 126 108
112 55 58 54 54 141 133 135 40 77
114 109 22 55 121 66 47 67 148 18
30 133 128 21 41 59 122 48 45 56
