0 0 0 0 0
100 125 26 146 126
66 145 10 62 141
61 17 132 12 142
116 93 46 134 113
105 121 139 58 134
55 69 108 53 121
102 11 74 53 69
149 61 136 148 121
78 114 29 51 104
27 48 30 124 114
41 132 76 55 22
53 146 45 148 102
135 25 90 30 78
73 100 34 53 143
131 148 127 38 61
90 102 24 97 142
143 86 24 59 70
140 53 119 129 106
59 22 108 111 124
51 82 15 40 87
92 126 14 101 65
12 18 136 32 106
117 33 93 115 10
19 136 24 47 71
34 61 130 42 83
31 127 10 59 59
84 28 17 119 119
133 28 27 33 37
102 85 26 140 95
112 49 117 120 103
62 129 94 36 129
18 133 76 107 142
61 40 144 139 32
93 123 85 53 79
49 52 66 72 46
10 141 117 47 115
15 40 56 139 114
146 142 22 31 79
