0 0 0 0 0
136 133 112 34 116
72 145 34 30 134
75 45 72 29 61
136 21 80 61 148
90 115 141 78 113
58 15 10 103 22
77 104 11 140 134
131 34 60 10 40
19 119 16 67 76
49 87 127 145 99
13 137 78 34 126
44 28 83 91 46
26 99 10 53 33
135 98 127 57 109
54 123 136 105 63
103 35 132 72 50
91 94 93 96 110
83 133 49 138 121
113 67 11 11 61
95 27 132 34 65
102 13 114 116 147
58 93 61 77 122
81 12 87 86 110
16 144 113 67 29
143 39 34 103 91
112 11 88 116 76
129 75 130 18 67
67 99 11 51 47
40 82 99 142 88
145 49 18 35 38
120 63 80 77 99
126 125 109 55 87
67 81 74 34 26
81 107 120 138 131
86 57 16 134 15
58 81 20 100 25
93 138 51 132 86
84 52 96 98 40
86 24 131 134 53
26 114 62 92 143
128 36 63 13 52
53 16 75 24 148
65 37 124 99 43
104 137 128 93 110
39 97 115 123 149
91 37 118 55 10
138 29 18 148 84
66 65 108 50 33
76 96 124 41 56
65 58 138 59 112
56 67 136 114 62
79 43 121 36 58
142 104 86 95 82
116 31 38 64 11
75 122 29 130 18
145 13 109 11 148
120 43 56 56 117
15 130 48 22 143
78 94 63 101 145
143 144 122 102 63
48 125 134 124 114
132 60 84 17 91
53 65 84 68 120
116 50 84 107 134
140 146 145 87 49
80 48 91 46 69
62 132 74 111 20
54 58 20 93 100
49 74 83 11 70
39 136 15 77 63
91 138 95 61 55
90 76 14 84 12
12 52 24 14 12
104 72 94 128 76
21 28 16 92 40
84 28 78 112 109
43 66 32 53 57
37 129 45 41 139
52 48 13 55 22
33 127 94 57 130
137 76 110 87 38
10 53 47 11 105
107 124 131 34 68
40 148 75 105 10
149 145 60 58 54
125 42 125 140 82
71 26 119 119 66
23 59 71 79 140
69 132 134 64 115
75 77 129 37 114
116 132 36 145 97
130 33 13 111 104
108 121 47 106 18
67 50 117 21 28
75 13 145 40 81
118 125 86 37 34
19 13 33 145 114
105 93 76 13 57
93 13 40 19 140
12 41 102 107 85
140 66 73 136 132
63 95 84 20 46
23 37 108 138 55
71 145 117 56 13
20 66 146 127 68
107 24 118 127 128
24 146 102 108 52
68 52 73 106 68
97 144 97 96 140
101 128 98 121 84
149 146 120 123 24
82 115 145 57 64
135 58 148 86 117
22 67 144 47 62
86 51 110 22 132
37 45 107 53 105
76 81 21 48 97
130 126 134 48 138
14 108 132 29 56
137 25 69 136 20
65 108 99 135 129
40 122 47 100 62
131 84 35 82 88
128 23 58 103 40
116 129 68 107 16
61 146 137 121 137
36 127 147 112 45
142 65 18 88 78
75 82 77 25 11
135 23 95 41 18
30 72 12 117 83
113 149 110 147 72
53 26 110 139 44
138 70 122 103 64
30 137 114 113 46
127 13 129 139 10
104 74 54 35 98
115 44 16 47 71
111 77 36 82 65
33 86 92 124 33
141 118 138 22 128
78 52 43 72 54
35 133 118 81 99
135 42 24 33 111
118 106 95 63 26
40 114 130 112 95
20 110 18 52 102
130 66 116 19 14
116 59 79 149 66
66 101 46 73 113
112 42 77 108 142
134 59 64 53 66
41 126 144 23 123
105 29 37 135 44
85 31 88 133 99
29 148 112 25 59
101 96 96 135 105
102 85 76 94 71
35 87 85 119 132
43 21 58 101 143
12 98 35 115 113
148 39 73 108 60
75 123 80 43 17
37 15 97 36 53
23 117 61 125 100
76 125 136 129 34
47 57 110 59 105
126 90 37 129 134
130 147 88 97 143
71 48 20 16 117
