0 0 0 0 0 0 0 0 0 0 0 0 0 0 0
47 69 136 129 67 115 62 39 61 99 26 59 91 75 108
127 13 80 124 49 101 49 22 30 103 11 126 89 43 120
34 101 103 96 142 130 15 146 139 45 60 34 66 40 23
103 125 95 102 37 136 57 121 19 18 123 149 15 103 19
74 142 133 131 28 50 62 41 17 59 49 88 22 46 19
109 145 15 128 96 52 63 34 71 63 99 57 113 96 52
20 123 88 33 98 39 25 140 11 88 106 126 141 16 73
61 21 61 104 99 27 86 136 123 29 24 94 61 106 40
71 56 20 74 60 148 53 140 100 84 13 118 32 18 107
29 127 28 30 22 129 63 133 108 62 143 39 52 106 136
26 134 148 86 63 139 81 78 89 36 107 14 49 26 58
15 128 142 112 82 125 12 149 127 101 106 23 143 21 78
124 124 130 44 73 120 42 70 144 109 70 69 14 25 117
28 142 16 132 69 112 104 121 146 85 104 92 56 42 59
143 25 143 94 32 21 147 114 58 96 42 17 53 83 57
113 75 111 100 65 75 110 130 14 28 14 54 56 102 75
143 79 141 127 39 75 138 93 147 30 63 83 70 12 35
20 85 53 106 10 12 59 56 79 78 105 57 93 135 117
55 125 114 114 84 85 108 95 133 38 30 60 50 105 130
90 131 94 94 70 10 139 83 75 78 110 115 44 121 54
23 36 90 80 145 20 144 135 77 72 105 116 63 143 103
132 40 55 122 146 149 125 18 86 39 107 148 60 21 81
104 84 93 26 89 99 91 35 139 47 21 119 41 92 143
78 36 142 122 147 87 58 64 79 61 144 21 64 98 59
87 23 123 49 21 78 46 130 73 61 70 27 107 58 113
23 129 10 49 123 98 45 124 90 125 105 143 149 107 145
79 66 20 59 72 52 111 52 145 11 47 149 21 125 138
122 60 62 63 74 105 84 132 54 91 60 82 27 60 112
143 142 139 36 138 76 36 52 114 62 31 141 24 117 12
39 87 85 42 88 88 127 60 35 149 99 48 62 144 92
76 59 97 134 60 121 138 149 62 131 14 25 26 71 79
96 91 58 83 71 108 16 32 62 57 42 25 46 49 26
149 87 137 27 66 46 134 139 57 61 149 66 22 10 59
41 114 80 29 62 87 87 98 119 67 89 128 138 137 118
101 69 131 29 86 147 14 18 10 101 28 135 114 39 32
24 79 75 134 38 107 15 83 13 51 125 123 23 85 41
24 41 96 74 26 31 62 135 59 46 59 73 72 33 73
148 127 30 94 149 58 130 41 55 56 132 67 42 20 135
44 122 124 58 138 109 67 50 143 41 58 12 116 60 133
113 61 113 105 74 13 16 136 33 20 21 94 81 15 36
110 137 100 134 43 72 35 33 148 44 26 54 20 48 29
116 144 91 57 107 104 127 76 78 77 18 99 66 57 110
115 65 100 21 15 60 72 117 52 43 87 14 59 63 84
115 69 116 18 92 56 95 106 127 102 31 64 33 13 66
96 65 113 11 148 125 42 79 40 39 138 102 97 85 104
137 24 36 105 70 64 100 14 106 37 14 131 60 23 118
76 121 116 63 139 107 84 65 35 40 74 133 54 123 137
121 40 121 111 20 123 89 74 20 57 134 139 92 16 41
65 30 86 67 80 84 53 55 32 42 89 102 149 34 111
36 71 127 114 33 146 80 92 127 137 48 27 86 39 31
131 97 65 93 17 114 127 79 145 130 73 138 75 52 94
66 49 86 23 44 129 78 139 66 148 83 147 89 43 106
56 64 107 102 140 71 117 39 103 110 70 42 129 20 96
110 29 26 40 52 98 140 147 53 43 53 33 75 48 145
22 58 43 30 145 118 37 26 116 141 47 28 123 148 13
65 121 61 97 60 84 136 142 139 130 128 78 80 77 38
147 102 63 94 120 101 85 102 101 133 79 134 38 48 17
88 108 123 144 144 109 114 133 30 115 142 76 116 136 74
23 70 59 21 36 23 74 33 127 16 67 43 98 71 81
12 49 125 42 14 21 132 71 75 21 13 19 87 121 73
47 60 48 64 34 120 62 80 98 97 70 65 79 49 77
44 87 16 26 144 68 39 62 143 32 23 115 99 88 57
148 11 17 74 14 117 67 101 89 96 32 146 41 63 113
81 61 45 111 122 102 29 80 135 118 88 20 87 72 92
94 129 45 58 140 19 147 65 133 76 124 44 51 128 92
38 124 149 54 49 135 23 79 115 66 145 27 130 79 27
24 77 124 82 70 99 56 19 90 74 74 115 20 16 82
141 42 74 123 90 17 42 93 26 74 132 145 124 68 59
104 119 127 56 68 92 64 89 127 95 120 16 47 146 81
21 41 56 148 31 11 50 83 68 23 22 87 98 85 25
140 24 86 143 134 36 89 42 147 79 15 95 44 64 13
52 137 94 117 73 123 103 64 123 31 146 140 97 124 87
18 137 71 133 25 124 112 92 35 98 30 48 26 90 140
101 12 21 90 143 45 41 75 97 136 13 130 136 33 123
76 85 80 84 123 129 49 99 33 117 98 15 74 41 145
44 111 132 47 105 35 94 66 99 100 126 32 100 99 74
114 99 135 46 94 67 137 26 73 107 123 105 104 96 111
79 76 87 117 41 146 84 112 47 123 22 51 38 91 56
68 80 110 88 74 146 96 143 134 125 44 86 90 79 64
77 63 70 100 145 132 32 93 125 113 120 129 64 117 38
17 94 55 75 36 29 133 94 124 143 146 76 78 81 65
47 95 91 24 14 19 36 125 123 37 129 123 90 105 50
16 70 56 149 11 49 74 116 124 61 110 126 60 35 120
26 92 73 109 65 62 34 15 146 116 89 36 105 122 117
49 147 58 51 106 130 58 122 19 17 149 10 65 19 123
75 99 106 77 93 51 38 76 11 86 15 53 78 90 28
10 101 13 17 25 78 44 97 71 18 88 117 131 70 55
89 18 68 119 74 113 18 64 31 57 77 133 79 38 71
11 143 42 53 136 53 90 86 144 95 93 76 27 68 125
95 21 38 84 123 128 82 121 51 52 144 118 64 24 87
65 131 30 43 130 88 102 74 89 58 98 78 129 145 22
71 99 133 55 40 29 130 102 25 67 44 30 143 88 123
68 113 94 100 124 65 36 110 21 54 142 134 84 80 55
24 140 73 21 94 101 139 89 117 64 107 56 79 46 37
35 123 38 63 45 108 83 129 49 105 70 74 22 148 111
105 22 106 82 102 49 112 138 12 105 129 78 21 126 95
136 93 145 104 37 75 71 103 129 31 12 54 84 42 110
61 33 60 105 143 91 40 43 58 21 62 106 132 60 125
141 35 20 91 87 80 58 76 83 38 132 37 106 25 19
110 89 90 130 81 76 123 109 86 21 99 48 111 129 34
16 82 144 108 44 58 114 28 44 14 30 79 134 93 106
141 121 131 115 47 113 25 62 58 63 146 65 136 66 56
89 127 82 43 71 103 128 16 77 119 40 46 13 26 140
135 81 87 137 33 41 96 148 81 33 40 43 29 135 51
133 97 26 106 27 142 106 73 17 126 87 114 79 50 104
122 138 78 111 142 111 81 89 121 75 134 57 55 112 99
120 33 104 91 144 127 60 90 82 123 144 28 32 91 131
75 41 104 41 107 47 33 40 116 17 36 84 112 110 74
144 12 136 57 18 122 76 105 84 55 128 122 45 125 36
143 122 76 77 126 85 11 119 121 115 61 54 109 117 41
51 63 92 24 86 121 55 66 135 40 145 109 24 128 139
32 60 92 65 41 113 51 92 120 36 54 124 119 61 86
115 24 13 139 37 69 25 34 34 41 81 104 32 39 98
102 27 36 31 131 19 80 145 50 125 52 40 28 111 37
13 103 148 74 112 24 58 149 14 123 79 76 74 43 98
138 77 132 61 72 27 68 37 116 145 140 94 34 73 55
124 61 119 104 33 137 80 66 78 64 141 57 57 24 137
18 14 40 125 145 74 85 132 78 48 61 122 43 10 21
45 63 61 115 147 51 82 84 103 90 31 135 137 126 13
64 148 142 139 129 29 43 42 84 72 65 97 12 127 112
55 113 79 72 45 133 70 122 97 145 76 109 137 45 73
82 107 128 142 83 135 62 98 17 129 104 71 108 35 122
65 57 18 18 95 82 117 64 48 100 67 93 100 48 18
16 141 111 14 19 82 147 16 22 99 69 66 96 109 133
24 149 42 131 22 93 118 109 124 104 22 65 32 101 74
105 148 65 104 58 101 62 143 137 122 70 11 98 64 131
123 54 88 88 98 72 36 21 59 79 101 34 73 117 18
108 18 97 107 84 118 121 61 141 57 79 124 41 97 94
73 109 75 144 57 87 97 134 132 30 48 42 140 140 121
33 82 34 30 10 10 40 27 23 136 107 18 74 21 61
