0 0 0 0 0
102 97 95 34 69
81 147 37 100 82
46 42 113 47 83
112 63 141 16 15
41 85 132 105 97
126 37 119 135 133
90 119 122 70 106
13 115 13 67 13
105 64 52 52 79
69 133 72 145 141
114 28 38 58 47
65 33 130 125 129
31 52 12 83 49
25 84 69 130 87
30 23 71 128 106
55 14 18 112 101
147 120 79 28 79
109 25 49 113 125
20 69 121 29 20
98 17 132 61 122
16 101 20 113 64
33 56 122 134 15
92 60 19 112 20
46 48 134 83 133
13 26 18 100 54
54 108 93 117 46
135 106 95 60 20
132 34 117 81 31
122 46 13 117 87
147 66 36 29 70
51 110 115 84 51
104 105 125 142 31
33 43 68 45 75
123 26 147 108 82
130 148 59 42 149
24 145 57 88 60
89 23 136 52 78
31 93 78 38 58
148 115 26 75 135
139 65 49 145 41
56 149 110 77 73
143 21 52 57 81
36 145 136 143 59
140 126 22 135 35
36 106 115 39 90
41 142 90 139 25
108 117 127 11 54
146 17 73 146 133
80 133 149 14 28
34 141 93 54 128
101 11 147 120 20
75 19 110 14 97
129 105 98 21 78
145 74 114 60 126
94 81 33 56 39
135 89 125 72 138
33 128 21 127 138
117 31 25 106 59
47 20 107 71 49
12 36 55 130 83
91 31 126 25 105
108 114 88 56 119
116 50 139 26 117
135 32 15 112 92
94 63 77 145 75
38 131 141 113 68
59 133 113 68 39
25 43 58 36 60
14 136 96 124 86
10 92 80 129 67
107 147 46 112 74
75 38 33 111 56
33 42 69 90 27
44 35 80 85 112
137 94 23 17 53
85 52 94 131 58
41 46 82 137 83
119 96 100 69 122
123 65 100 72 88
112 81 123 14 125
123 44 43 130 56
91 15 30 121 87
76 47 42 128 24
119 135 82 38 18
135 38 15 102 72
121 111 48 23 115
137 84 130 29 122
78 46 131 119 51
124 116 44 108 102
17 104 122 77 136
67 49 83 48 137
103 38 47 16 31
111 128 79 53 60
81 53 17 41 50
129 72 48 71 126
54 109 96 79 94
68 114 105 76 36
40 19 110 135 118
123 35 108 120 78
56 91 14 139 103
82 57 106 20 140
110 38 124 23 122
125 63 132 60 92
33 20 53 24 11
121 103 102 46 14
94 13 109 58 69
66 144 72 112 84
64 142 71 141 108
96 124 109 38 121
103 19 131 80 88
112 36 141 11 145
89 36 102 56 66
91 34 49 35 15
145 99 130 132 53
20 71 129 45 112
59 116 53 36 31
97 77 53 105 64
125 90 142 57 96
25 138 41 33 102
120 83 105 102 45
