0 0 0 0 0 0 0 0 0 0 0 0 0 0 0 0 0 0 0 0
56 12 138 75 18 114 54 25 79 132 61 140 93 68 39 75 26 90 47 48
45 146 141 35 119 12 25 78 62 120 70 94 95 47 54 88 68 104 25 141
37 127 99 97 89 62 125 140 83 20 101 116 48 13 113 107 127 74 15 22
90 92 106 78 62 76 117 39 22 54 53 62 117 80 46 42 93 94 121 94
130 36 70 102 148 132 124 10 108 84 85 132 20 25 19 140 94 19 110 147
84 93 120 50 92 132 149 55 50 147 90 146 117 34 76 50 69 112 44 37
24 88 27 49 87 43 82 142 77 92 13 101 25 16 80 22 136 72 124 49
42 25 121 104 105 46 73 49 32 54 14 20 74 120 31 141 124 46 51 82
28 100 89 61 84 139 115 68 120 125 90 93 91 141 61 82 11 99 118 114
28 10 54 84 19 84 124 121 17 148 47 30 51 123 67 130 11 50 16 96
75 58 137 32 48 141 61 67 148 112 23 58 55 82 13 33 59 82 70 116
101 140 79 141 128 23 49 116 36 27 41 49 93 11 85 138 26 122 89 70
116 137 148 56 135 118 135 82 18 104 30 112 75 36 27 60 84 109 82 68
15 123 144 14 141 85 90 54 60 28 106 80 47 133 149 10 145 65 51 55
123 25 131 84 37 140 15 44 101 53 54 69 37 148 123 118 144 136 39 19
81 97 83 121 58 121 146 69 62 122 22 37 84 24 136 95 54 146 96 57
16 118 54 97 119 31 61 128 93 96 31 66 138 59 144 63 82 135 84 66
125 64 45 69 128 87 18 93 21 143 63 77 57 63 33 92 48 16 52 47
96 66 96 126 144 104 53 52 146 50 13 23 74 120 101 121 132 28 61 60
20 60 137 111 35 61 97 146 87 116 120 65 102 85 112 63 73 25 48 14
95 64 60 19 53 104 132 69 126 106 147 87 53 97 47 25 100 71 84 43
137 51 84 121 134 19 125 46 18 145 64 68 23 21 129 21 142 62 50 130
31 81 53 63 126 41 140 84 142 99 45 53 58 59 22 108 146 57 49 131
20 120 92 136 134 118 81 72 102 120 80 73 141 72 49 53 11 11 105 36
65 28 32 57 145 93 89 95 78 57 129 81 74 45 141 40 60 64 48 110
85 145 147 25 23 113 106 91 101 99 84 86 96 71 121 32 98 101 51 75
35 135 31 101 90 10 57 107 142 31 56 46 89 46 110 22 87 45 86 116
45 81 114 127 84 15 52 130 45 27 76 13 78 118 97 72 143 31 79 126
77 43 137 107 81 11 74 80 60 116 112 50 109 121 115 112 15 11 56 51
22 117 117 20 95 81 44 148 23 148 116 121 105 56 94 69 43 69 21 135
55 49 111 116 36 78 117 131 45 123 125 141 148 98 83 33 107 123 59 71
29 62 31 28 149 22 74 45 43 55 91 119 55 75 60 42 31 25 76 127
17 106 71 143 147 116 114 127 87 90 60 29 39 34 112 54 87 70 34 48
149 53 68 137 124 124 34 31 45 125 74 103 44 54 130 134 56 86 101 43
64 34 77 71 46 98 75 121 44 63 38 17 75 17 49 94 147 31 38 14
142 123 110 42 42 29 30 148 32 12 113 22 14 59 137 40 53 75 105 84
122 25 57 138 117 89 17 88 95 28 121 36 59 29 54 140 37 58 56 72
13 70 89 22 84 57 76 54 39 13 85 126 148 40 51 37 44 105 20 49
146 93 20 24 100 34 84 56 119 74 125 131 129 65 105 10 42 111 61 95
76 132 46 36 47 118 113 103 29 10 90 44 130 122 54 61 36 126 142 85
27 83 71 59 83 103 74 18 82 113 116 23 67 66 116 69 13 131 23 124
61 58 120 28 143 147 48 86 64 130 134 82 91 141 126 108 146 134 67 131
103 35 140 40 136 98 33 149 141 11 128 10 100 42 133 72 86 123 15 38
58 32 51 147 20 35 115 61 134 119 142 17 101 34 142 93 40 18 115 127
28 60 26 16 147 89 132 85 45 46 67 107 104 75 89 70 68 94 35 110
125 79 57 108 63 80 69 18 13 86 115 88 51 44 99 110 51 40 38 92
73 102 106 52 111 60 69 56 10 10 35 12 79 24 108 116 143 83 110 120
64 91 102 26 144 104 68 121 141 129 82 85 134 79 77 68 29 37 25 25
48 94 64 131 67 30 25 102 13 80 36 82 12 94 23 40 41 70 112 74
103 133 37 129 108 112 85 106 30 126 46 10 112 59 19 132 139 10 102 81
73 29 20 119 17 56 32 136 57 121 80 48 59 11 43 97 114 80 139 31
148 129 46 149 70 77 149 52 67 42 19 102 13 101 41 79 21 10 84 88
26 30 13 77 57 13 24 124 131 118 61 48 126 100 133 49 57 148 18 134
115 55 109 47 118 109 82 56 63 148 137 93 149 20 58 72 13 26 66 43
114 42 121 91 18 53 117 121 92 111 61 136 36 69 82 63 100 117 77 69
128 36 55 128 129 14 61 16 106 15 30 132 16 122 47 56 125 40 76 119
22 72 79 49 53 125 88 81 11 135 95 32 91 140 139 101 130 118 59 81
67 46 81 95 81 116 32 28 39 36 46 61 67 78 98 23 12 67 22 67
138 108 102 90 128 125 23 112 16 35 12 54 33 25 110 77 131 106 53 70
107 136 107 12 22 89 121 124 44 146 30 57 147 71 39 114 111 145 35 113
70 50 95 66 109 47 31 87 128 148 20 115 25 53 72 122 20 77 46 51
20 81 146 17 139 42 144 73 79 80 103 138 145 129 141 103 52 64 68 111
139 103 108 129 139 41 79 109 44 93 67 31 128 113 137 148 55 73 142 98
115 58 121 15 115 122 76 131 30 28 110 75 92 26 129 142 86 149 58 132
20 21 91 127 127 63 137 68 45 83 72 68 54 22 25 93 20 145 86 21
117 49 113 37 43 84 108 147 10 65 36 146 50 61 62 44 75 117 38 81
41 47 118 89 49 146 20 120 119 92 57 45 51 142 102 146 23 118 69 113
89 53 73 103 36 106 116 71 105 84 92 62 120 48 88 43 59 75 40 109
133 93 76 148 102 117 37 18 117 29 117 90 32 104 126 37 33 31 137 94
81 75 142 23 80 41 71 42 128 40 27 85 77 140 48 139 105 81 38 113
30 30 145 30 129 100 111 89 72 55 128 107 55 124 10 128 81 103 93 92
10 114 78 48 11 74 98 127 18 66 146 62 16 129 92 15 54 65 39 109
124 14 63 72 137 45 129 93 106 131 108 140 37 30 70 55 130 48 112 31
144 74 135 37 56 50 120 149 130 70 60 67 33 67 128 56 48 39 106 35
120 137 41 67 99 65 100 48 44 135 142 81 33 115 20 147 13 105 107 29
111 139 131 25 64 124 65 111 41 134 72 105 64 13 145 41 135 92 89 18
40 15 102 133 67 100 83 58 109 75 86 65 146 45 136 16 26 83 15 86
134 92 138 106 53 100 79 31 138 74 32 135 144 43 74 93 39 52 113 99
23 94 138 93 26 23 62 29 26 122 47 99 67 76 122 102 124 148 28 133
129 148 29 11 110 126 64 88 67 69 89 36 26 92 48 84 87 63 140 57
27 146 117 81 36 78 37 50 135 118 134 123 31 108 92 18 121 107 93 37
17 102 78 33 100 99 113 36 137 111 77 75 68 28 37 93 25 79 22 23
49 102 112 111 148 115 15 81 33 130 15 61 106 76 10 50 35 139 128 85
55 81 46 131 62 122 48 90 110 49 44 67 70 149 105 23 123 51 120 93
108 100 38 94 123 17 91 39 81 56 23 147 32 72 27 129 44 114 112 33
104 18 120 42 20 23 69 11 59 50 52 45 19 149 77 109 131 102 40 14
73 99 74 42 146 59 61 145 25 121 67 86 83 56 17 70 66 111 143 76
72 59 119 80 79 29 140 128 77 20 123 108 133 76 28 41 129 58 108 126
141 131 73 62 65 134 87 113 36 51 76 26 48 107 34 113 27 86 122 145
147 39 95 143 14 143 116 56 115 100 126 13 114 87 89 24 98 91 86 125
