0 0 0 0 0 0 0 0 0 0
15 74 74 126 54 42 105 84 148 16
31 128 124 71 133 75 73 68 33 72
112 93 89 135 47 63 27 72 137 149
16 87 135 122 36 19 32 18 104 21
108 101 66 90 93 67 97 74 71 121
46 24 110 61 130 126 148 41 23 42
81 41 80 43 29 126 14 82 78 104
17 102 45 17 54 53 143 42 139 24
144 65 135 134 105 115 76 115 43 87
71 75 63 33 147 21 58 133 116 126
132 137 10 84 49 104 56 40 110 90
117 112 141 118 28 131 78 55 143 36
74 22 61 78 21 117 87 94 135 64
42 63 121 60 142 88 25 59 72 61
94 43 62 122 19 83 73 41 45 41
66 89 108 62 60 149 48 61 130 120
139 56 149 62 130 89 28 108 60 75
43 111 67 61 113 119 96 90 84 103
119 51 106 113 139 138 55 38 42 128
45 119 95 128 44 104 82 49 73 59
138 109 99 118 111 28 98 55 127 38
113 34 100 28 46 89 10 11 58 77
112 70 133 61 99 18 28 55 136 57
103 108 107 100 14 35 74 72 133 116
97 117 103 119 56 77 116 32 43 43
131 90 38 26 75 47 98 77 128 120
73 55 102 92 97 57 41 79 63 91
36 48 60 57 72 51 75 80 117 66
132 94 99 49 88 37 41 93 81 96
51 18 114 139 118 124 76 103 17 56
137 132 144 92 116 18 76 123 14 141
74 58 23 45 76 129 105 107 147 12
73 15 126 117 45 131 58 91 128 106
57 63 15 86 132 110 103 47 34 25
23 14 77 58 59 113 10 128 108 21
126 70 65 78 59 108 16 117 123 31
52 31 147 48 48 82 50 17 79 26
134 60 135 95 26 38 22 149 70 71
133 142 83 147 77 95 42 57 88 103
32 40 105 121 136 141 77 129 17 128
129 10 126 125 45 38 51 140 95 17
101 145 71 112 12 137 116 29 59 79
27 56 23 140 38 71 93 128 136 26
149 11 26 71 15 87 98 118 32 88
134 47 33 137 143 85 28 31 40 31
85 101 22 27 103 90 106 127 83 38
121 35 124 51 57 34 121 107 75 10
83 114 61 14 57 44 111 123 110 28
117 18 138 28 24 89 48 86 55 59
73 122 25 52 77 87 19 115 15 109
51 54 74 110 123 79 93 121 24 27
95 39 41 107 17 28 33 120 62 17
85 141 21 122 19 133 130 97 124 139
41 51 131 56 145 20 94 78 107 45
41 119 134 32 143 26 77 111 114 72
65 17 37 69 135 31 90 82 37 87
144 108 46 81 86 26 96 45 90 66
25 137 36 96 70 137 70 76 104 57
57 101 15 69 134 69 29 27 73 21
70 117 128 115 89 121 60 119 49 121
72 94 123 93 127 90 38 105 56 26
83 23 136 24 32 23 22 145 35 16
89 56 99 143 33 83 23 84 97 76
84 19 104 31 80 146 62 104 90 63
116 52 62 75 113 52 22 49 124 12
57 130 70 54 86 41 68 56 129 16
122 85 41 101 98 131 118 53 110 26
79 149 19 149 104 90 123 33 80 82
93 99 117 35 82 33 97 23 29 79
44 19 102 37 148 26 31 38 77 59
85 30 22 110 146 49 107 63 126 82
66 47 32 29 38 24 40 33 118 16
146 18 30 118 77 45 83 13 104 22
125 30 73 138 108 21 145 110 93 86
15 66 64 74 95 146 82 147 53 14
92 142 116 32 123 119 133 67 25 55
15 31 101 31 114 124 110 45 117 148
61 105 12 149 90 16 13 38 14 24
75 46 146 46 116 27 22 28 144 146
40 140 17 101 52 23 53 29 30 45
65 115 98 120 65 115 58 125 76 39
90 122 104 12 30 143 95 40 106 94
117 51 136 128 58 134 122 92 12 122
81 128 75 76 30 123 126 26 12 79
113 49 39 142 42 19 32 78 100 114
30 13 19 100 15 136 136 132 119 43
114 141 88 72 109 71 56 76 32 146
137 55 129 129 92 60 109 71 143 23
107 58 45 89 24 147 123 21 130 28
26 98 145 119 110 99 135 132 128 96
149 64 117 123 129 16 141 50 45 23
123 115 80 56 118 23 48 108 101 112
59 10 104 117 81 54 148 142 14 45
30 25 133 43 16 147 126 57 146 111
92 25 71 103 148 30 82 121 24 112
144 64 49 91 88 65 56 32 80 142
128 68 78 91 117 53 89 46 105 141
119 139 12 104 17 117 71 18 16 92
55 73 28 72 77 137 115 82 133 62
36 108 116 140 56 129 149 17 71 84
31 79 88 133 59 129 52 53 85 64
15 149 26 58 148 31 94 110 67 70
97 27 100 22 88 79 95 37 69 46
42 100 34 17 101 74 65 56 102 42
111 10 104 124 86 29 27 75 137 90
20 114 52 128 53 136 52 112 135 11
35 20 119 42 16 32 82 131 110 132
132 135 117 24 109 133 23 135 69 11
45 71 145 136 26 82 107 94 138 33
110 121 134 55 41 106 139 91 117 37
143 116 17 93 12 12 42 124 143 104
90 55 134 90 146 15 131 93 23 32
97 69 16 129 121 57 126 118 58 74
78 143 96 75 39 57 84 139 115 67
40 77 94 75 35 85 102 126 123 55
70 75 127 57 129 144 134 43 121 84
95 82 20 103 56 109 89 131 15 93
123 104 82 73 120 11 105 37 45 58
56 141 141 82 29 55 50 40 133 15
81 102 66 34 10 43 42 134 69 84
124 67 87 52 64 148 57 137 109 118
77 145 137 147 89 39 96 131 38 35
141 14 134 69 11 128 76 121 53 123
113 138 143 129 83 118 107 44 76 116
55 148 97 13 105 138 57 132 97 143
68 42 105 41 95 13 12 125 35 38
149 133 148 30 141 146 42 121 89 23
119 39 44 23 88 27 124 18 138 105
118 34 89 71 74 17 58 18 77 109
16 149 69 50 110 79 107 92 67 133
128 12 123 16 97 123 22 21 87 20
128 114 49 71 31 69 136 140 115 97
19 14 50 49 21 127 73 105 54 54
143 88 20 117 132 49 22 117 102 127
136 49 39 124 134 144 17 85 113 121
68 40 16 141 24 32 116 144 81 88
81 97 145 87 23 110 113 95 36 34
96 39 111 107 43 91 147 115 78 38
51 124 115 93 106 36 26 51 27 76
113 148 48 89 145 28 23 86 51 16
91 13 21 132 138 126 130 49 116 146
27 85 97 99 138 33 140 86 33 56
136 37 132 93 77 110 90 57 53 93
105 67 15 103 113 74 123 11 36 22
139 23 66 125 110 56 45 94 117 101
117 49 89 63 96 125 48 122 96 129
65 55 135 35 59 19 100 50 94 56
18 10 107 36 38 120 50 46 109 72
14 134 122 137 66 68 20 69 88 81
44 102 125 22 84 22 37 86 119 114
79 128 137 35 67 106 133 94 84 35
59 58 20 70 23 26 30 28 49 145
129 26 14 28 145 111 92 17 138 111
69 55 79 63 126 43 65 31 131 48
82 100 138 34 74 77 141 122 64 98
59 147 98 41 49 47 20 81 53 68
36 93 144 97 56 41 117 67 107 38
135 67 90 145 78 71 30 121 27 147
143 21 107 61 95 54 117 136 140 16
142 118 136 111 101 148 79 65 49 89
