0 0 0 0 0 0 0 0 0 0 0 0 0 0 0
79 50 24 40 139 17 52 40 117 145 95 54 135 148 37
14 26 91 120 45 30 41 103 104 44 133 109 147 18 42
74 141 47 70 125 100 33 17 20 118 125 147 20 68 10
112 116 131 86 56 83 19 116 81 125 131 146 66 14 30
90 89 32 103 67 60 113 148 148 131 19 95 115 68 64
62 59 57 128 144 84 20 125 72 113 81 41 62 72 120
22 14 41 141 24 23 13 43 73 70 76 117 79 110 78
29 52 59 67 25 13 69 46 66 129 83 114 27 39 138
142 127 107 46 68 100 33 136 64 81 126 110 90 95 40
67 42 43 50 121 145 11 108 131 118 86 128 16 93 145
90 131 126 149 48 73 17 11 57 111 108 106 113 79 139
50 69 54 87 120 94 122 128 86 119 72 145 33 14 99
148 22 49 121 43 17 120 44 60 40 113 72 15 26 69
83 112 102 104 61 93 142 114 10 56 88 13 64 26 148
138 140 25 87 44 67 36 37 16 34 103 125 81 145 94
110 77 95 113 79 53 89 140 54 102 43 93 89 63 69
94 67 122 117 78 60 83 46 69 84 36 56 72 126 147
19 43 63 36 15 85 133 135 131 67 16 63 132 119 66
17 42 100 31 33 29 67 19 97 14 84 84 25 10 123
122 90 52 61 68 72 42 110 122 39 79 116 40 147 43
34 41 124 117 89 96 135 84 87 119 62 49 55 98 116
90 108 23 142 143 123 62 111 87 88 82 59 70 62 96
85 18 26 48 29 137 32 57 23 107 128 82 40 62 35
121 49 18 86 58 55 66 148 96 102 48 40 137 31 25
142 64 94 51 29 108 29 131 136 106 86 59 148 81 117
85 83 138 74 132 126 104 79 85 16 44 102 131 137 22
93 63 120 145 59 105 87 139 114 149 88 26 142 80 94
83 70 114 78 115 87 145 48 37 78 90 38 60 63 49
38 97 80 55 38 94 29 96 76 105 114 91 81 63 136
95 39 119 114 84 38 42 23 101 18 108 48 114 20 111
114 107 85 61 110 78 105 28 87 103 140 43 33 110 56
49 63 42 29 62 78 77 115 45 72 114 60 128 21 106
39 105 63 130 92 74 51 91 107 15 32 131 127 96 99
62 46 82 49 127 114 140 25 61 76 108 114 113 131 118
74 62 58 53 47 112 36 123 66 61 69 127 105 63 22
109 148 49 115 50 127 106 29 32 70 88 96 43 102 31
143 11 134 96 58 27 19 74 26 10 101 31 60 31 146
104 142 129 64 118 126 56 41 21 127 98 54 56 106 54
132 17 148 46 136 84 125 138 125 69 50 146 21 13 37
139 101 16 26 56 17 106 126 131 32 75 17 44 39 16
12 76 24 113 21 46 98 60 141 41 14 12 107 119 99
146 141 86 119 110 39 79 35 73 12 138 38 95 73 27
76 45 128 84 106 65 42 70 142 59 62 93 17 144 147
20 31 18 112 142 48 91 27 119 111 59 129 68 16 125
93 25 146 74 39 99 32 115 123 72 71 64 73 48 38
136 78 119 125 47 48 141 36 111 44 136 16 24 18 71
55 147 129 115 14 41 59 20 86 48 127 109 92 59 43
53 125 96 21 104 10 44 147 15 148 131 18 29 92 139
48 37 19 97 65 54 47 127 19 39 114 115 49 51 126
43 53 141 105 44 39 26 131 115 96 105 140 123 120 52
69 59 39 139 22 35 69 110 112 29 90 65 29 89 68
73 100 63 17 95 22 75 106 100 135 61 108 37 64 99
