0 0 0 0 0 0 0 0 0 0 0 0 0 0 0
135 11 27 89 139 55 51 42 26 89 14 13 109 13 101
99 118 97 70 49 44 21 126 50 63 127 69 134 63 67
124 16 92 21 19 122 55 123 112 90 74 128 99 103 143
36 19 109 16 72 76 128 146 120 64 101 48 146 70 10
12 98 17 21 108 129 25 64 96 146 122 36 39 53 124
60 115 15 14 51 82 61 129 147 21 103 17 97 73 16
48 11 11 98 100 143 97 71 32 26 117 70 70 21 84
104 124 128 39 139 67 131 104 114 99 68 33 52 132 91
139 144 12 101 98 145 145 77 137 62 41 87 82 33 148
64 40 50 101 92 13 62 74 128 137 113 135 51 94 102
125 112 64 149 41 15 107 127 67 83 20 70 107 101 130
19 81 93 70 99 44 131 18 90 25 42 126 63 97 78
134 135 37 16 148 73 63 77 61 51 125 27 137 117 70
87 63 83 79 95 40 76 136 132 59 16 91 136 130 33
95 56 67 78 79 118 54 22 132 130 52 108 86 111 56
46 88 116 34 127 129 46 40 40 88 130 19 98 80 139
125 50 137 24 50 112 58 78 145 19 81 141 127 132 127
25 80 117 19 46 134 95 87 51 78 15 130 122 14 10
96 117 11 36 132 118 96 76 51 77 77 10 15 60 70
143 115 40 94 32 138 67 95 143 112 41 15 117 138 97
38 80 102 47 145 149 93 18 132 55 110 119 67 134 100
30 53 79 87 45 137 30 132 98 23 95 129 106 83 74
46 128 116 59 110 32 57 78 128 97 129 140 93 98 146
119 112 137 93 120 36 12 141 26 10 82 28 132 148 145
125 109 35 39 119 119 23 95 48 43 116 39 115 134 88
37 18 31 27 97 76 87 28 137 139 28 80 48 120 138
99 59 100 137 24 121 30 23 43 60 104 19 104 51 57
119 49 31 46 26 144 100 43 30 133 134 40 59 51 69
123 139 60 116 26 59 62 65 71 131 58 64 22 63 139
95 129 58 63 71 25 71 63 127 19 63 85 19 82 50
72 139 143 93 125 79 72 82 149 51 99 73 117 103 12
97 17 36 84 14 38 107 147 21 44 119 94 49 102 22
116 121 58 78 48 130 81 43 102 142 25 80 67 59 50
60 66 112 11 110 105 39 65 37 53 31 96 148 93 113
135 37 140 136 46 135 96 125 61 42 67 80 79 99 51
110 83 46 19 136 54 135 32 22 129 79 115 19 99 131
24 124 27 112 45 65 70 52 78 113 91 83 60 93 15
76 78 29 113 33 137 99 43 15 99 56 100 57 73 52
35 74 65 33 69 144 32 16 115 29 133 81 29 24 110
99 106 79 31 74 110 109 57 48 60 46 48 48 126 35
98 64 29 80 97 130 15 20 37 18 112 134 134 97 84
36 85 101 88 116 25 106 33 66 128 140 114 145 36 64
110 59 36 75 53 119 72 112 118 90 55 87 109 97 15
13 56 114 28 55 76 65 59 44 77 77 25 19 99 77
12 115 75 91 127 49 127 39 50 18 73 126 30 143 69
147 140 21 23 109 76 101 53 87 92 22 138 135 23 47
122 22 106 130 53 60 87 95 116 127 37 127 40 143 36
141 116 139 81 131 44 144 72 99 28 18 98 119 83 57
17 11 114 116 73 99 93 50 15 138 102 20 32 120 37
21 88 121 112 142 77 34 112 13 31 126 133 84 50 22
82 26 61 12 74 147 32 33 105 134 92 76 62 50 23
18 87 30 103 114 75 68 71 123 84 22 22 110 65 95
83 118 62 90 40 60 62 35 40 18 131 55 100 10 135
115 123 137 21 29 103 119 129 142 129 60 104 118 72 68
67 14 108 132 132 147 75 44 48 129 94 98 70 49 19
35 89 128 16 36 120 30 41 130 65 91 11 55 35 44
96 89 144 122 57 35 66 59 71 108 97 140 128 87 110
18 106 142 138 71 21 142 14 136 89 54 113 75 86 105
10 17 27 132 82 101 19 147 105 131 124 70 134 21 76
41 32 49 51 127 20 12 77 51 109 86 68 119 15 19
34 40 139 146 37 46 96 44 102 124 64 61 38 146 16
136 52 147 121 37 24 90 148 133 49 143 75 97 119 56
65 67 42 47 12 121 101 105 88 120 84 54 52 68 115
71 21 45 61 33 21 50 101 37 112 114 135 111 27 82
126 122 99 104 62 131 42 146 93 14 55 125 22 91 128
10 65 146 53 37 127 70 48 12 59 51 92 15 101 125
148 138 32 146 82 27 64 121 96 26 83 146 138 19 67
124 117 95 109 76 103 76 54 34 127 76 74 89 138 122
133 39 97 109 95 128 21 11 83 18 82 92 23 87 74
62 11 39 115 11 68 50 137 120 72 72 82 28 64 83
99 58 53 124 45 147 48 108 90 30 144 137 74 18 39
142 30 44 137 82 39 124 100 141 136 95 131 27 27 124
90 123 70 64 148 18 58 45 14 86 19 70 85 38 110
51 44 116 100 54 73 41 47 101 43 65 137 66 90 46
107 82 135 115 102 77 110 50 68 43 105 87 47 106 52
22 16 14 20 91 96 38 112 10 74 137 146 13 16 77
118 98 26 102 58 144 138 85 65 81 56 29 26 139 120
98 121 78 102 36 140 116 147 25 87 133 148 88 56 69
91 40 141 132 109 104 107 143 139 113 65 147 123 92 90
134 86 53 23 50 55 99 49 26 16 129 99 83 85 107
14 58 129 112 30 16 50 136 55 34 147 84 41 26 40
66 47 128 12 98 39 47 28 69 71 136 12 141 44 139
124 56 135 73 81 84 15 49 35 19 119 79 80 33 131
89 69 71 88 65 123 16 136 59 92 76 21 144 112 35
80 104 45 132 47 44 82 148 83 55 24 134 144 134 57
15 71 81 35 112 56 34 115 99 129 81 144 40 90 99
102 46 22 95 111 59 92 44 120 116 97 32 108 98 129
117 149 38 28 97 52 73 72 125 65 133 72 77 101 127
14 82 132 138 40 101 79 144 138 57 93 54 50 93 64
50 113 80 139 83 147 126 30 128 10 30 13 55 24 109
53 133 98 79 52 56 20 96 101 71 12 113 51 148 139
65 149 121 76 134 143 29 54 129 149 22 100 95 132 23
28 79 52 115 134 55 50 80 69 92 49 93 109 21 117
88 79 17 43 108 126 33 14 104 14 30 103 109 125 86
45 70 95 40 86 98 65 60 113 136 39 71 32 69 19
22 38 29 42 90 81 83 17 149 114 52 25 82 111 58
124 105 38 69 73 89 32 106 92 120 122 72 108 36 143
82 136 60 87 17 14 143 57 138 99 75 148 139 112 16
17 11 125 129 74 105 70 56 37 48 102 90 35 48 33
147 130 24 91 139 137 51 41 67 32 37 115 136 118 93
128 22 99 26 34 139 52 103 97 95 67 93 98 103 104
135 51 21 43 114 124 33 123 59 64 30 84 130 34 54
86 149 136 149 92 109 75 18 94 99 77 92 73 40 101
138 76 37 35 128 89 137 10 12 134 61 100 15 43 61
60 132 64 31 135 29 123 20 89 91 146 60 24 75 62
108 91 67 36 140 81 97 86 84 72 141 114 136 61 130
41 64 21 115 36 123 53 14 56 62 96 40 78 146 43
108 61 57 27 33 72 28 103 66 44 14 141 61 144 95
39 65 63 73 80 131 37 88 24 44 25 12 86 85 86
22 121 69 47 145 88 140 26 66 23 44 46 120 68 28
