0 0 0 0 0
91 122 89 109 110
14 49 80 137 56
92 128 76 103 65
126 15 87 18 117
60 24 18 109 10
82 140 82 29 12
131 90 119 106 136
14 26 99 35 117
104 85 55 40 115
25 102 27 25 127
114 34 137 134 64
17 90 75 28 80
30 79 145 111 128
55 14 116 65 80
68 128 149 101 95
61 79 128 44 80
50 92 116 45 145
15 103 69 81 66
11 127 62 97 25
130 130 138 141 101
75 93 126 70 12
112 55 20 148 14
79 62 124 75 118
131 123 67 41 22
126 145 44 20 63
95 23 104 96 49
88 132 85 58 52
132 139 23 25 115
21 15 26 71 13
115 140 87 77 103
14 106 84 16 53
51 128 124 145 23
106 119 106 135 43
56 103 125 90 94
59 16 130 95 42
30 112 81 61 51
120 67 125 35 125
95 88 67 95 144
62 124 53 52 95
114 145 119 126 39
100 90 77 133 78
73 47 107 75 97
84 23 105 76 141
12 61 142 37 88
64 80 104 14 34
84 125 145 101 121
12 76 82 69 61
53 29 14 68 149
129 134 90 12 143
45 100 66 75 143
103 127 146 82 91
134 24 60 148 81
69 26 128 10 75
119 135 31 128 69
16 56 60 45 127
24 76 43 17 128
124 87 44 105 55
16 142 109 120 70
141 36 58 40 133
61 133 21 61 75
83 48 23 71 51
43 125 87 13 69
114 15 134 64 131
18 115 114 109 83
48 69 40 10 92
73 36 41 113 109
48 96 31 97 22
24 106 123 119 90
13 42 146 140 131
92 92 130 80 123
108 104 138 17 35
34 54 58 20 38
48 37 48 19 134
19 112 122 41 92
54 101 74 58 25
66 76 144 112 57
44 17 56 128 112
106 89 107 45 35
92 102 47 138 87
14 95 147 62 146
76 100 77 103 102
30 49 46 62 53
30 69 74 50 13
144 30 85 135 149
40 118 123 33 69
29 120 111 89 81
123 27 145 99 103
80 59 88 99 140
145 103 49 138 117
144 14 50 105 100
129 12 104 51 77
87 122 85 13 142
108 14 144 21 90
148 10 141 92 118
114 65 104 33 38
67 30 110 117 118
40 40 130 35 147
140 44 100 146 147
105 91 12 41 119
23 91 56 131 61
74 110 24 123 110
141 50 41 52 110
103 82 69 68 92
44 75 53 85 85
97 141 140 16 20
69 129 23 42 116
79 133 101 49 138
12 49 137 115 110
89 58 66 104 100
49 95 44 147 146
