0 0 0 0 0 0 0 0 0 0 0 0 0 0 0 0 0 0 0 0
17 41 119 85 50 110 24 59 75 82 56 23 40 118 127 87 57 57 15 97
56 88 76 43 64 90 41 122 147 117 123 112 109 113 11 149 27 139 84 96
95 92 84 61 116 103 114 121 69 73 96 51 108 91 53 68 72 40 108 139
52 121 31 116 132 120 108 39 111 66 69 105 118 23 58 110 61 132 18 44
34 119 94 109 52 41 52 122 39 129 107 85 70 86 119 29 56 64 118 118
11 109 63 106 70 116 39 48 73 93 39 102 125 112 128 62 32 126 102 87
19 85 124 40 77 91 105 108 80 70 22 17 87 118 104 12 85 93 39 46
114 118 125 105 145 48 60 20 29 104 96 129 84 11 130 111 46 119 40 59
103 28 122 133 135 133 142 100 77 90 120 61 16 50 24 94 77 45 117 36
148 87 89 39 114 121 114 144 147 136 48 40 131 135 44 119 96 15 73 29
136 82 16 91 142 44 13 25 55 54 29 103 92 23 84 104 84 117 43 138
52 32 58 66 110 140 94 19 144 148 124 112 139 81 23 92 76 80 65 40
135 140 96 113 44 22 65 104 130 61 29 86 36 78 27 104 89 47 29 131
81 95 69 32 70 26 146 115 126 51 94 19 135 44 148 25 76 50 82 122
134 86 13 60 41 27 34 35 11 124 30 110 99 141 88 29 55 36 43 64
75 117 136 134 100 68 105 39 68 114 109 69 102 81 25 103 95 82 92 97
90 117 11 67 141 116 98 92 77 58 143 144 72 26 55 15 36 125 30 116
45 27 88 113 22 143 137 141 28 37 26 103 141 96 138 112 12 30 120 122
103 66 71 24 26 82 30 36 66 44 100 90 74 115 127 39 105 140 146 61
112 55 101 64 24 148 142 125 132 49 76 54 30 14 109 42 80 65 39 39
35 104 84 27 16 88 25 83 13 108 149 57 64 136 119 46 99 28 50 71
70 34 21 78 101 123 133 137 97 132 15 33 118 43 140 35 143 120 91 14
16 116 105 55 50 14 123 48 114 131 127 148 82 29 93 23 71 102 10 143
54 36 41 61 131 40 21 50 36 36 105 88 23 119 30 136 75 115 100 139
20 74 41 17 64 36 91 48 23 18 131 71 25 138 130 39 122 43 56 70
125 75 69 140 131 127 131 44 31 112 93 97 128 116 98 13 118 34 59 10
106 15 125 66 149 114 129 26 68 88 71 140 16 34 30 21 24 125 52 108
138 68 25 81 44 67 43 129 69 93 56 68 18 22 141 52 60 144 48 38
11 55 133 81 101 47 34 54 85 126 32 14 147 53 142 146 103 145 77 98
80 11 50 40 127 10 49 11 132 71 131 120 16 36 71 30 114 110 77 70
97 23 47 138 46 62 141 68 24 32 128 50 110 32 99 132 91 92 38 55
66 102 65 54 137 81 14 61 102 138 13 60 40 51 78 128 96 111 91 69
29 80 50 18 47 15 52 61 43 130 134 13 120 111 25 80 16 113 27 107
149 88 144 15 100 78 107 29 149 84 27 46 120 25 37 109 133 147 13 30
80 83 85 85 45 68 71 114 127 100 149 83 83 55 15 30 146 59 117 144
124 30 132 70 137 108 52 47 14 64 132 16 116 106 17 100 108 17 50 50
39 42 135 45 141 112 141 33 136 15 48 42 119 52 121 77 77 85 28 23
130 79 92 28 115 147 145 52 63 30 61 27 70 13 25 20 72 129 134 79
44 97 86 106 99 38 40 90 143 119 26 54 67 104 17 126 68 108 122 103
71 29 45 67 47 12 66 12 86 54 121 27 67 140 96 128 108 40 141 27
54 54 28 113 123 95 35 49 43 17 103 16 137 28 69 97 37 88 71 10
27 75 13 40 83 82 56 89 38 37 78 53 51 70 39 38 92 131 76 139
108 39 79 61 52 126 124 73 117 89 124 144 114 92 36 75 122 28 45 117
26 69 18 92 72 40 71 68 57 89 19 16 39 114 69 66 132 91 113 88
111 101 43 31 67 126 40 100 21 111 95 113 143 103 39 133 90 118 136 24
55 120 94 134 135 33 127 120 145 86 114 94 36 43 126 94 97 106 102 40
52 60 142 100 101 56 52 85 137 78 139 59 109 21 135 48 81 66 78 51
111 75 82 57 16 70 56 140 66 104 94 131 32 124 119 22 14 98 29 141
55 78 96 23 135 77 60 99 60 119 19 115 51 106 104 87 34 85 141 10
90 120 20 123 62 145 18 124 100 48 10 46 125 79 52 49 90 143 52 71
65 68 79 57 36 123 25 62 42 66 23 98 148 115 53 84 44 14 74 51
15 47 36 142 98 32 97 72 78 69 116 134 61 148 94 16 10 79 142 138
125 34 103 81 73 141 135 96 107 117 109 39 23 143 135 33 17 98 101 41
112 112 128 87 39 138 112 16 137 33 56 55 76 51 58 128 37 36 146 139
104 116 43 24 113 19 73 10 53 147 41 95 93 120 41 103 56 21 60 101
20 143 22 78 104 13 90 76 18 10 95 104 73 48 39 137 98 97 21 102
58 90 55 73 102 11 19 138 105 40 88 53 85 14 10 101 75 54 40 126
116 13 19 138 72 61 125 120 135 120 81 122 64 19 49 137 97 92 25 38
114 120 96 17 68 54 82 80 105 102 120 29 38 91 10 113 85 62 45 47
29 134 101 114 102 23 62 52 123 73 84 10 77 27 134 144 86 87 10 73
58 74 63 13 94 13 126 118 136 14 44 46 142 41 32 53 125 38 27 47
125 54 14 96 21 89 40 97 57 46 118 102 138 39 76 128 29 117 98 136
147 54 104 36 83 73 105 119 51 90 71 61 12 30 118 55 132 145 32 72
63 140 119 140 32 108 81 91 11 12 132 23 116 50 86 89 91 95 52 133
71 13 71 66 45 109 124 90 130 134 50 45 131 124 114 50 110 74 64 69
41 101 63 19 60 34 66 39 15 142 23 95 95 46 71 130 134 30 70 124
35 41 33 77 74 112 130 81 61 12 26 119 16 75 110 72 91 67 40 29
59 120 21 105 17 57 87 26 53 112 54 41 13 14 62 39 49 87 36 99
123 123 21 121 107 124 21 42 44 85 93 27 100 20 109 41 10 11 133 101
50 33 130 71 90 119 29 87 136 77 12 74 104 43 142 92 47 133 17 66
85 10 36 12 70 40 42 107 29 103 120 120 23 35 16 139 40 109 38 148
70 95 18 45 109 101 135 11 79 147 59 147 71 105 17 38 31 38 103 142
111 33 62 72 36 89 45 20 62 83 102 45 110 113 108 72 10 129 71 128
54 26 16 96 80 20 141 143 113 108 10 39 21 13 27 136 144 23 22 100
114 75 28 88 102 48 62 96 19 62 62 129 112 92 148 54 49 73 13 13
143 126 133 122 103 62 18 139 77 109 128 127 122 101 79 120 60 126 114 133
132 46 149 61 91 37 71 41 93 79 142 88 17 104 100 16 137 66 70 128
38 126 64 144 85 102 86 27 66 133 145 37 22 129 86 76 136 116 135 69
19 15 67 76 25 133 117 81 31 112 74 144 109 88 17 46 140 116 98 99
30 54 114 79 145 22 70 103 114 60 69 119 23 62 147 66 54 148 112 103
145 50 72 58 137 92 137 76 30 56 107 60 145 29 143 68 26 18 132 92
25 144 77 92 64 90 68 22 15 88 11 100 129 101 74 85 35 101 130 146
146 86 52 18 72 94 91 10 144 103 28 124 102 138 115 131 66 65 138 101
136 29 146 42 49 91 51 57 19 48 147 58 55 17 78 65 19 88 17 18
54 145 106 35 121 98 148 123 35 57 81 119 92 67 86 128 149 18 124 107
141 72 60 101 50 74 103 71 95 57 16 57 132 50 40 134 140 67 127 136
34 15 121 29 45 99 120 133 63 120 118 127 149 93 137 141 110 36 100 69
91 144 85 22 16 13 21 52 15 80 41 141 18 81 41 12 102 13 135 76
111 59 119 11 115 53 133 26 41 126 39 62 137 60 59 79 141 138 52 56
10 39 36 90 37 123 44 61 50 115 50 113 26 68 69 35 134 147 148 131
112 39 110 76 114 83 135 109 36 80 69 131 142 143 59 54 148 87 56 139
64 73 146 85 19 75 53 74 75 67 88 128 139 25 121 125 96 96 70 26
126 18 112 114 24 51 39 136 66 26 35 22 126 77 56 67 127 138 39 90
62 105 67 142 42 109 16 98 40 92 107 113 95 22 49 75 149 79 131 145
60 48 39 63 132 100 82 115 43 95 144 23 94 82 82 28 55 109 46 14
136 70 127 80 75 56 74 91 113 23 60 19 109 68 37 120 125 86 25 105
23 146 18 77 120 72 99 128 131 58 82 79 90 44 127 131 63 128 107 67
62 62 16 104 15 44 124 42 107 84 88 89 143 134 26 65 75 126 107 106
20 66 103 46 105 52 32 34 47 106 42 44 134 33 14 121 112 36 143 141
133 73 11 136 138 133 68 93 78 132 48 138 36 117 144 69 23 37 144 28
109 127 55 25 91 140 100 148 108 116 15 47 32 79 49 61 89 139 57 113
126 84 34 136 52 142 65 122 38 35 64 56 24 27 69 100 89 135 16 126
77 79 83 132 92 145 83 17 20 48 32 54 67 62 18 58 60 17 127 129
94 49 16 141 43 145 10 111 11 53 79 108 67 117 135 56 69 86 55 106
111 146 148 62 37 15 97 74 23 69 19 45 77 147 39 38 100 62 76 10
79 102 88 134 24 51 113 109 23 149 40 46 68 122 24 113 57 33 84 30
104 22 62 54 86 29 74 58 75 134 131 53 26 14 140 59 101 109 121 147
135 94 85 41 78 97 22 146 41 13 98 43 24 48 149 24 102 89 108 131
37 147 22 71 16 115 109 89 92 146 24 75 128 146 136 64 67 97 38 132
42 105 131 70 110 65 11 90 143 72 74 146 10 69 123 90 15 43 137 22
70 99 110 110 88 22 114 145 72 122 42 40 81 116 56 93 101 83 17 84
132 35 79 78 24 102 64 88 114 25 75 139 72 119 100 141 60 16 61 116
72 126 140 96 62 26 25 11 31 106 46 112 67 12 14 137 17 146 78 86
85 35 80 132 64 15 30 73 32 129 36 122 15 99 84 48 85 145 37 83
94 72 72 62 33 139 90 132 71 64 40 23 65 41 10 47 37 129 120 32
131 45 65 83 139 122 39 45 20 31 20 45 81 114 56 97 117 16 140 145
116 48 29 138 16 135 78 89 30 56 50 117 73 39 92 98 42 22 69 45
92 29 34 108 134 59 88 125 77 135 32 86 96 85 44 137 113 84 78 141
107 38 89 36 25 136 101 41 47 24 98 144 109 145 113 27 18 91 130 76
87 55 114 15 98 77 75 76 132 24 45 105 25 39 22 113 32 125 55 51
