0 0 0 0 0 0 0 0 0 0
15 30 115 11 31 78 70 32 101 146
89 71 115 93 121 142 134 142 33 97
133 115 45 76 22 101 109 49 141 55
16 64 18 114 124 73 126 125 66 111
16 114 23 50 70 37 54 130 65 113
118 32 135 147 86 100 123 142 135 23
87 55 129 61 75 73 57 143 133 33
17 24 65 82 136 64 110 63 14 59
70 76 67 57 99 47 105 97 143 11
141 25 85 112 54 85 87 117 121 29
12 133 147 124 89 16 28 40 128 57
58 79 71 53 44 101 126 38 82 101
125 85 72 18 130 55 48 16 73 89
118 38 116 88 143 26 98 18 58 17
23 40 11 109 41 34 32 53 76 100
124 11 32 42 84 41 23 49 37 35
77 29 123 23 145 54 77 41 31 136
34 83 37 115 126 54 104 86 75 71
16 50 116 95 73 148 131 145 22 122
81 33 88 135 30 10 110 93 123 104
135 126 33 125 148 139 109 21 86 76
139 132 20 139 40 51 22 72 101 120
11 120 106 56 126 10 100 32 94 77
23 28 140 118 35 52 132 127 39 70
53 148 126 11 116 99 61 30 41 138
56 16 113 88 55 26 11 91 80 50
95 78 76 32 65 130 27 101 94 66
127 83 107 137 16 46 19 61 80 30
57 51 65 131 100 60 53 73 43 148
11 127 43 103 127 97 77 44 148 10
112 136 110 19 68 112 81 23 148 122
144 26 18 41 112 22 93 124 30 17
48 27 94 100 42 91 37 31 59 50
