0 0 0 0 0
51 52 62 50 55
68 116 13 13 63
23 138 125 111 71
97 101 101 51 76
87 130 23 114 120
135 12 81 124 65
102 145 35 145 95
93 51 142 93 105
48 55 45 26 12
62 115 115 43 13
35 17 30 51 129
64 147 86 129 133
144 57 111 136 77
118 50 21 53 50
12 131 24 44 115
106 53 78 65 100
27 41 98 74 89
75 66 80 113 109
33 82 113 52 125
25 31 18 94 138
18 14 27 42 40
53 94 73 14 35
87 74 101 131 32
85 23 15 121 48
41 90 20 50 16
58 105 73 141 28
31 62 54 10 116
122 109 136 66 101
84 86 81 143 100
132 61 125 107 124
117 65 28 67 34
129 127 145 130 51
125 67 64 109 59
126 51 29 137 37
104 77 116 102 128
81 10 82 144 32
44 33 87 109 125
144 87 25 115 37
53 107 89 15 118
30 116 76 95 30
122 135 135 137 19
95 107 146 17 104
130 114 128 44 53
29 29 26 31 122
133 56 109 97 39
115 46 53 21 126
96 53 114 140 137
117 104 40 33 76
63 17 81 43 15
87 138 97 61 96
20 105 62 18 149
23 116 60 64 49
78 16 57 144 26
49 85 149 149 144
53 125 33 71 130
86 51 149 131 140
18 26 40 22 66
74 84 100 64 55
132 53 131 144 90
137 126 131 113 21
80 126 96 57 55
132 126 103 25 36
115 65 57 91 64
136 124 125 82 93
