0 0 0 0 0 0 0 0 0 0
44 45 80 141 67 129 32 74 104 20
119 97 48 141 149 39 112 59 69 135
64 119 139 124 131 118 105 128 115 115
19 116 110 32 140 146 132 49 78 12
54 122 14 94 27 18 47 32 23 14
66 15 98 104 81 147 18 19 78 81
11 147 107 73 99 83 126 91 10 128
136 79 138 89 13 106 147 73 32 38
32 56 84 110 85 128 128 97 98 37
17 28 94 17 38 71 135 69 116 93
109 39 114 132 90 15 13 148 68 21
72 61 72 146 49 122 125 53 99 49
28 123 53 88 124 81 58 112 66 94
78 131 139 22 48 114 65 55 42 146
11 85 125 86 23 92 38 57 103 72
93 87 55 80 142 36 61 118 92 27
127 59 29 25 89 127 128 95 135 124
146 143 36 59 116 28 85 119 41 88
93 80 10 138 72 146 128 38 133 149
71 55 129 45 21 87 134 144 36 48
103 61 50 23 141 66 148 50 89 48
102 55 94 147 101 137 60 26 67 25
63 57 34 138 71 87 139 17 115 131
19 138 128 102 29 113 118 53 39 127
47 132 103 94 84 125 144 57 112 109
91 43 91 19 147 87 143 49 124 34
100 143 11 15 59 97 123 113 126 15
54 34 65 66 24 31 129 149 82 123
125 144 52 86 109 104 109 108 88 120
102 10 41 78 139 122 66 47 70 104
67 79 29 135 30 98 83 135 137 59
57 142 55 103 85 100 82 67 46 80
132 29 66 130 13 24 141 17 94 24
125 125 30 28 44 81 29 108 102 113
101 93 138 120 54 141 129 76 44 51
103 74 55 95 109 97 20 43 147 120
62 147 102 110 56 27 18 18 80 140
47 140 105 10 91 80 85 131 21 39
105 49 21 113 123 81 40 10 56 91
147 113 98 51 93 133 131 94 33 109
127 51 63 94 57 62 123 115 44 91
11 20 60 48 99 48 119 18 99 10
43 104 107 124 50 43 135 136 128 108
86 45 34 56 90 129 21 67 87 145
43 58 80 45 44 25 38 30 41 143
101 122 24 128 29 64 91 140 22 14
90 25 72 27 142 17 130 80 111 90
124 108 51 22 97 30 140 58 22 65
117 141 145 25 48 141 44 137 61 64
66 11 128 110 65 87 45 132 112 32
64 79 139 78 21 126 91 133 102 89
68 11 28 16 38 88 112 99 96 61
30 62 117 115 92 13 70 27 101 71
145 143 62 126 73 79 94 75 66 29
40 112 28 97 23 93 14 115 61 75
148 30 21 135 124 32 29 21 71 129
40 91 28 81 147 31 22 123 111 107
109 149 38 74 54 95 50 12 107 117
44 126 13 71 102 119 36 36 131 112
47 129 142 109 25 110 47 74 128 72
65 126 56 143 12 51 50 67 96 11
140 62 147 148 33 149 80 98 35 86
125 135 20 76 87 124 112 77 109 116
54 19 35 113 117 37 55 50 67 127
77 111 38 37 114 80 99 77 86 15
79 19 46 146 115 80 139 54 85 143
68 83 14 53 29 146 49 32 117 34
120 35 93 134 25 126 79 132 49 136
99 72 128 63 60 60 141 128 36 119
72 28 53 82 136 14 30 31 77 38
82 13 13 116 28 132 141 125 48 21
142 76 50 89 144 36 126 96 25 21
32 15 111 31 15 104 35 61 109 19
34 106 45 75 136 99 145 117 49 33
42 25 17 30 142 71 108 21 38 41
13 42 115 41 91 104 32 49 37 42
34 134 100 52 51 14 102 53 126 55
106 13 32 42 101 22 107 38 47 90
148 70 74 71 85 49 41 74 21 25
27 14 139 143 41 149 81 35 101 49
118 81 123 74 77 135 113 37 136 13
54 93 149 72 81 22 127 67 43 98
65 39 44 121 94 115 18 118 148 39
66 47 66 102 35 116 120 147 38 149
58 55 21 13 98 23 122 79 145 72
62 131 103 85 63 44 30 132 62 118
110 136 140 127 106 54 32 13 23 103
97 136 121 42 146 120 129 45 97 116
86 43 58 107 65 55 116 55 120 15
115 83 63 110 116 13 24 102 43 62
77 39 127 34 132 123 45 22 87 142
135 79 71 32 87 36 54 24 101 39
111 51 129 80 41 25 35 75 85 33
32 50 145 48 14 117 105 54 101 96
112 73 26 72 146 113 137 44 114 53
61 45 72 102 141 103 97 110 124 146
47 130 86 111 64 86 112 132 47 100
36 46 53 17 71 130 99 125 113 78
104 53 61 36 66 74 109 139 98 74
108 49 107 93 42 72 44 36 120 149
113 90 95 109 147 28 104 143 81 78
49 137 115 97 122 110 94 86 12 59
65 14 121 49 75 33 71 96 55 72
108 144 126 38 85 22 124 41 59 109
128 126 70 111 81 101 112 66 120 120
147 132 115 82 111 47 146 68 106 137
17 71 131 123 114 76 82 42 101 133
18 128 25 132 52 139 19 55 106 111
51 11 56 15 63 66 47 66 82 65
37 94 22 48 46 132 39 14 81 34
28 143 96 10 33 69 100 45 28 60
115 120 106 50 129 50 69 33 50 45
80 55 26 35 84 61 11 124 43 93
99 21 93 102 126 134 35 75 50 96
69 122 13 107 123 106 69 55 105 116
102 25 11 62 101 81 93 22 48 128
50 30 110 11 59 135 45 83 146 147
109 144 33 11 117 20 57 13 118 38
68 21 52 15 140 81 90 91 130 109
90 95 108 72 27 118 132 81 52 16
35 76 14 120 40 94 14 20 93 96
145 128 73 149 137 142 79 34 15 123
38 77 143 62 112 94 61 113 24 14
10 59 113 128 16 141 18 106 77 40
94 97 47 52 127 24 115 119 135 99
49 87 81 99 92 50 51 54 74 147
113 140 97 148 66 92 140 140 18 111
51 87 21 114 95 15 113 49 127 102
61 27 121 73 10 101 76 136 63 140
23 30 131 142 87 87 133 47 89 34
75 79 33 140 124 133 39 77 43 29
17 108 26 116 62 115 34 16 95 66
60 51 43 120 136 118 98 72 120 114
67 134 110 138 130 120 24 116 59 71
39 55 56 19 108 102 67 85 21 44
19 147 79 129 110 90 53 104 37 60
18 116 57 121 67 64 133 76 115 146
119 88 47 99 82 112 142 54 144 39
132 62 132 79 68 147 93 20 25 85
108 125 105 72 11 103 29 50 112 52
