0 0 0 0 0 0 0 0 0 0 0 0 0 0 0
47 126 48 122 84 101 37 89 54 88 119 92 30 45 144
97 79 77 23 138 130 48 138 89 113 54 37 86 83 96
22 144 43 62 71 133 127 100 133 124 136 136 64 104 90
129 101 53 127 58 149 121 100 45 144 119 56 11 61 45
18 29 52 81 149 102 53 143 106 100 138 55 86 15 85
24 97 113 140 88 118 84 19 31 64 107 66 80 94 66
100 135 112 20 145 42 73 131 53 36 73 101 86 73 31
121 135 11 101 83 97 58 116 28 142 48 118 89 53 44
58 128 27 55 76 73 51 79 55 117 101 133 142 89 33
22 39 115 23 138 20 75 76 137 105 107 98 75 128 148
142 61 11 124 96 119 33 83 116 56 120 41 55 106 81
111 103 39 60 102 43 141 138 59 141 54 95 101 135 55
134 19 78 119 78 50 140 38 19 99 124 107 27 126 29
16 104 12 131 95 47 15 13 17 31 23 82 67 131 63
48 29 88 78 74 35 29 68 51 99 139 105 120 45 84
90 137 98 140 87 52 42 87 133 42 106 12 68 108 133
64 63 55 33 76 65 91 115 26 132 32 97 83 28 47
75 34 108 115 55 45 59 128 61 149 129 148 106 123 54
93 28 107 74 85 122 97 112 49 129 105 66 31 93 43
71 69 121 123 145 71 26 130 149 118 22 44 35 35 80
72 72 98 71 94 84 133 106 79 39 141 84 121 91 49
135 121 102 39 133 100 96 89 116 83 10 96 38 66 93
38 147 16 36 51 58 85 114 19 60 97 100 76 42 101
31 71 32 29 116 122 114 66 15 138 61 123 37 51 58
82 41 60 18 65 129 86 56 33 43 76 123 39 135 106
140 61 36 15 88 33 148 27 73 15 107 120 115 47 24
16 107 43 38 33 128 139 43 22 47 20 34 36 105 117
40 40 134 144 82 19 134 135 134 148 143 98 77 108 55
76 80 100 30 112 67 116 76 126 121 67 105 37 13 124
108 116 36 136 82 48 31 40 137 131 132 56 78 79 114
29 110 32 53 16 75 43 30 66 12 123 30 134 125 53
131 81 100 27 110 136 56 57 31 92 57 24 93 134 70
94 53 23 37 52 97 63 118 87 94 108 67 89 96 74
43 73 48 149 38 135 51 146 27 94 117 140 30 20 79
142 124 103 129 74 104 16 91 122 116 13 115 11 20 45
34 138 27 143 28 65 33 25 93 137 116 149 140 99 136
106 96 123 40 56 58 112 69 103 147 103 64 40 103 75
63 104 141 22 129 11 35 116 147 67 114 30 125 21 34
105 80 23 126 128 62 84 25 13 31 21 10 79 44 34
128 117 96 93 21 115 143 149 149 16 117 88 113 36 140
112 70 114 40 141 115 112 47 100 120 30 143 46 96 13
35 58 54 21 96 99 70 56 122 101 55 41 41 14 137
33 37 128 144 20 61 91 27 128 65 49 105 133 88 130
45 103 137 18 58 116 65 15 83 84 115 140 97 81 68
62 76 90 14 15 83 42 36 123 112 50 131 52 144 126
22 83 127 118 124 49 140 50 27 52 35 142 125 92 50
97 54 70 99 125 111 58 34 38 88 10 94 116 82 47
22 57 90 83 81 148 32 48 98 96 92 41 22 68 17
71 119 145 22 50 132 82 124 96 61 100 35 31 45 112
102 84 128 76 83 78 26 97 93 45 149 130 98 107 131
103 107 119 61 83 82 135 132 10 10 105 144 20 49 77
112 31 124 16 57 149 95 76 125 33 67 52 94 49 51
104 131 111 70 139 55 90 45 29 11 146 147 107 140 67
30 25 104 69 61 33 30 10 129 85 47 64 28 34 134
87 64 54 138 43 40 86 52 42 76 22 82 72 24 88
47 102 21 47 95 23 61 68 31 78 126 80 37 63 123
108 35 112 64 31 118 134 60 123 55 31 72 17 106 70
131 13 108 10 104 38 33 147 50 10 31 97 39 52 123
117 77 99 88 18 142 64 124 105 20 113 112 131 29 110
26 64 130 101 52 30 122 53 11 142 74 146 68 42 81
26 27 47 91 13 26 145 30 134 142 26 92 97 124 13
43 35 121 99 101 18 74 31 47 53 68 90 148 82 28
84 116 90 58 78 81 60 41 40 134 122 83 133 24 53
66 77 21 62 131 28 113 87 83 100 24 41 32 10 111
32 136 43 11 44 120 124 82 121 47 13 92 25 138 119
71 20 21 138 148 92 10 22 109 50 27 111 69 24 142
33 86 84 26 28 54 71 116 109 128 38 147 127 100 121
91 26 97 43 136 33 122 126 41 119 111 12 54 16 93
125 127 98 70 102 88 69 145 26 138 44 114 147 148 131
26 23 104 67 110 107 53 65 64 134 25 47 117 66 120
69 126 36 45 21 19 114 129 61 80 43 56 27 142 75
29 35 125 128 32 115 129 15 146 30 64 48 34 113 129
17 125 27 130 106 40 10 143 122 92 39 26 52 73 124
109 126 139 16 117 94 128 42 97 23 58 18 27 62 82
70 112 121 79 85 17 134 147 118 69 21 29 92 114 27
143 102 32 88 39 67 72 80 65 50 120 22 52 32 46
19 37 98 80 109 114 64 57 126 105 89 46 148 135 27
40 49 45 133 63 27 39 116 60 101 51 74 104 22 106
55 45 135 97 112 103 135 67 108 78 100 48 89 101 130
112 69 65 73 16 108 105 100 89 17 81 62 83 90 97
55 142 107 89 88 101 38 34 122 100 77 40 26 137 11
66 84 144 125 39 13 50 131 98 92 62 131 103 82 141
118 112 53 14 28 57 33 91 136 68 71 19 78 97 42
50 111 104 13 24 91 89 21 135 30 28 97 38 142 100
37 120 82 15 26 59 112 33 92 89 138 68 112 84 137
128 42 11 37 50 24 74 35 141 109 115 39 95 87 71
144 82 29 79 64 110 60 44 88 74 67 64 126 68 61
135 148 126 67 122 54 76 70 32 33 39 125 107 119 29
95 21 142 18 18 73 19 71 81 144 93 36 114 125 76
59 100 57 101 11 33 122 115 127 79 102 50 117 52 75
14 135 116 130 70 59 45 95 126 100 25 35 121 37 11
72 53 131 89 127 94 71 119 21 113 126 115 119 147 26
91 25 149 26 125 105 107 122 145 28 27 116 131 132 95
130 22 40 41 106 118 134 149 78 129 115 110 102 65 43
123 23 17 10 31 117 72 49 84 89 16 141 100 11 17
148 43 149 10 14 78 120 55 103 33 139 12 14 24 97
124 43 105 25 141 113 145 104 30 60 77 98 72 73 37
110 122 107 31 129 50 77 115 73 111 75 19 73 138 63
108 65 115 106 40 46 96 15 74 133 64 23 131 85 89
74 106 148 142 36 25 118 62 95 28 74 88 107 45 23
