0 0 0 0 0
26 46 39 15 41
65 42 108 137 147
64 31 37 70 10
19 135 36 21 120
11 16 112 83 122
98 13 121 132 103
144 105 12 148 37
105 53 60 101 21
54 18 147 146 79
97 149 115 89 61
121 52 54 133 93
76 118 126 132 104
99 26 107 81 39
35 14 147 77 119
54 47 141 91 122
149 65 126 52 46
140 141 147 10 13
149 148 106 124 28
88 55 72 122 10
136 68 96 70 90
109 103 78 79 86
34 86 112 112 18
114 16 11 42 82
136 65 105 22 13
92 30 93 58 31
127 100 24 33 104
104 105 106 127 135
55 81 146 142 50
137 20 21 149 102
117 48 20 89 126
83 76 129 73 149
111 73 41 60 20
104 124 20 38 144
18 105 98 131 125
140 57 22 120 114
46 109 121 120 146
47 81 69 122 119
82 35 21 15 12
39 65 82 30 132
74 11 30 119 129
71 56 82 38 16
29 62 18 88 127
37 40 17 98 99
85 35 77 120 97
131 43 90 87 53
102 99 113 46 21
135 38 49 29 25
33 102 28 107 78
32 61 44 146 35
78 35 87 116 92
127 48 103 49 69
63 13 22 136 83
