0 0 0 0 0
142 149 146 43 21
139 31 114 118 79
66 149 90 58 13
61 80 40 123 65
50 77 21 131 101
139 120 106 32 85
87 44 117 102 86
107 141 21 11 137
19 130 134 21 58
102 149 133 138 83
143 89 104 89 75
94 122 20 81 78
13 120 26 78 27
38 30 85 117 35
100 90 93 98 129
103 51 68 106 143
96 111 104 71 34
143 123 138 109 101
78 96 50 133 115
60 148 25 63 97
75 36 89 85 133
142 27 38 65 85
137 58 127 38 108
55 111 118 96 134
118 72 101 64 15
129 68 29 138 19
148 107 96 135 134
93 69 98 62 85
69 72 29 62 139
39 129 116 61 107
130 70 99 144 144
137 132 74 30 37
63 57 52 40 18
99 85 19 124 148
88 91 63 103 11
145 93 71 105 37
61 88 60 110 57
86 71 51 42 55
101 114 117 119 136
54 108 39 124 30
146 24 128 99 34
25 128 83 140 26
15 35 111 144 134
43 37 73 120 126
37 32 43 76 79
97 86 38 36 114
149 92 65 74 128
88 48 143 139 138
65 81 20 12 56
36 72 115 138 61
82 33 94 51 24
49 18 82 105 136
73 37 73 57 38
97 54 57 72 18
140 107 104 137 38
63 97 125 67 22
96 22 132 10 71
67 23 29 40 39
127 102 90 43 72
108 77 90 104 111
57 98 148 22 20
35 131 93 76 147
143 15 53 92 61
36 39 61 128 92
103 73 44 145 119
62 53 130 27 86
55 90 20 128 10
79 82 20 148 57
28 55 33 50 114
43 84 62 81 106
68 66 141 125 79
122 120 18 77 45
146 23 147 149 43
48 104 99 40 91
116 143 65 110 39
124 86 68 112 88
42 24 103 24 128
108 11 146 102 126
75 51 67 25 113
55 76 120 96 71
24 69 62 93 110
108 124 25 80 76
36 60 56 57 93
53 25 94 29 97
16 127 99 60 101
66 101 97 36 76
35 89 135 37 91
51 24 47 51 23
129 81 23 69 90
134 80 21 148 47
132 97 99 64 66
136 136 104 55 115
58 65 105 21 17
86 15 99 140 79
39 19 39 76 13
96 148 144 100 45
93 102 141 45 79
12 140 143 87 24
62 78 85 31 35
14 87 51 41 123
15 57 129 99 49
84 54 42 148 25
73 18 51 42 56
77 23 67 122 70
42 142 66 118 34
47 111 63 118 84
77 87 53 96 121
114 101 142 142 71
62 111 14 21 28
127 56 60 125 87
133 13 110 69 117
28 90 125 42 117
83 138 126 16 80
73 101 129 45 68
42 108 52 133 127
38 74 29 135 28
64 94 57 16 120
11 111 125 71 126
52 134 134 30 70
124 149 43 97 101
12 76 116 128 138
15 141 18 87 120
31 56 38 115 22
77 37 47 83 28
11 133 121 134 88
77 149 41 42 96
130 22 84 76 103
85 95 62 91 77
124 27 30 138 56
54 149 114 89 100
63 65 49 54 133
87 107 35 17 40
15 134 103 70 113
117 24 40 80 63
49 47 66 118 28
54 142 68 60 71
43 145 59 50 96
36 119 99 67 107
107 110 105 74 115
91 91 31 96 25
50 81 76 32 40
140 42 73 30 132
13 103 105 76 133
31 25 32 59 88
40 32 123 90 38
24 52 83 12 131
30 132 72 121 140
57 106 86 101 55
93 32 39 11 135
82 148 116 108 124
76 31 88 130 128
132 18 61 69 51
55 34 97 28 69
134 71 140 67 54
60 85 51 57 37
15 60 20 73 137
39 72 105 48 10
32 54 65 109 24
29 29 129 148 26
101 101 55 69 36
