0 0 0 0 0 0 0 0 0 0 0 0 0 0 0 0 0 0 0 0
21 107 89 95 114 90 105 47 56 134 89 68 96 19 19 85 116 97 98 63
65 15 109 132 63 31 141 43 32 36 96 128 38 91 55 128 54 77 26 111
145 15 39 139 52 18 45 149 49 45 62 109 15 138 31 97 85 64 112 39
129 98 21 84 130 106 39 141 139 22 51 112 75 85 144 96 139 101 65 120
101 67 121 140 22 34 92 116 15 59 68 133 116 138 50 140 51 33 106 32
136 58 94 71 75 82 136 69 95 70 51 123 45 12 60 113 121 105 48 112
90 112 136 66 106 52 92 18 45 106 116 105 137 71 29 22 83 118 65 31
127 42 48 54 36 54 140 98 53 123 69 137 128 126 83 147 61 98 32 110
120 93 72 35 129 106 64 110 109 71 30 103 127 67 75 77 141 90 113 139
81 110 22 95 84 78 16 113 11 19 124 96 101 144 79 90 63 85 103 56
57 102 83 144 58 147 145 120 97 42 129 129 11 67 137 122 85 90 147 92
105 145 62 112 143 117 69 32 65 13 67 144 63 63 53 140 102 97 26 52
143 84 98 47 87 88 108 12 16 68 130 103 21 90 93 143 117 105 38 133
106 43 141 120 84 20 106 134 122 65 117 53 96 128 121 147 117 52 25 114
89 51 68 118 72 35 109 138 114 23 74 147 25 35 73 62 51 64 75 143
51 81 136 87 89 126 148 51 72 128 140 47 26 14 35 111 143 109 46 14
26 100 85 65 88 97 147 72 50 56 14 47 76 80 14 87 29 128 148 60
121 57 40 92 43 117 132 87 134 101 42 84 36 114 24 25 71 88 105 94
144 130 112 131 127 66 57 89 55 57 126 90 125 125 87 70 51 30 86 92
52 73 36 105 85 67 64 149 118 11 141 20 29 62 71 106 149 131 109 78
107 141 133 50 108 64 132 90 80 145 118 113 124 81 117 62 146 74 142 149
67 84 34 134 65 55 133 116 82 132 82 52 114 106 70 147 132 105 117 98
23 40 54 69 42 82 38 29 67 108 69 96 119 87 44 127 31 40 40 97
130 149 56 11 37 37 149 64 22 52 82 114 122 133 37 125 149 23 21 132
149 148 136 40 23 54 31 136 34 96 136 118 18 61 14 35 94 12 85 144
14 21 61 133 116 135 125 82 130 36 64 125 23 80 86 124 33 148 29 53
38 80 113 62 41 75 63 82 36 135 110 36 46 146 106 134 147 14 50 77
110 65 117 86 21 81 105 96 29 76 48 102 141 40 82 97 78 85 61 31
122 114 46 132 91 24 84 66 101 13 96 37 49 84 54 86 81 79 74 110
49 57 45 59 25 27 42 117 102 149 103 108 54 86 134 91 117 117 98 76
82 119 69 125 62 11 24 109 57 120 33 23 85 101 145 20 45 64 127 133
129 19 97 73 33 103 64 77 20 51 59 34 120 125 47 44 75 98 70 109
92 64 148 62 129 10 139 125 12 121 94 17 123 101 95 42 115 111 75 50
11 67 48 63 133 131 41 21 140 51 72 97 111 78 122 61 88 56 50 69
68 117 125 85 140 74 92 56 109 75 95 148 85 24 30 111 103 128 50 86
39 56 142 29 106 72 106 112 133 83 26 122 67 76 14 14 140 12 115 122
33 35 75 148 68 53 88 141 49 114 114 26 106 58 114 144 93 44 78 76
83 28 123 83 148 31 11 84 123 34 57 146 116 58 63 68 78 99 135 20
77 20 77 29 114 12 100 82 30 56 132 116 40 78 11 114 55 106 106 37
38 58 91 36 134 51 138 127 90 148 110 82 78 61 77 101 104 18 79 124
74 57 103 41 22 130 111 130 129 21 10 125 116 73 85 81 85 126 26 108
31 92 114 148 49 70 65 57 33 10 52 66 34 52 146 67 104 12 24 40
95 82 138 88 149 95 106 127 22 137 145 25 85 42 37 131 15 32 121 14
58 106 15 128 36 137 42 141 13 107 89 129 88 104 20 25 38 23 116 91
149 68 117 59 19 35 108 78 39 97 15 26 99 64 46 100 129 143 29 114
123 41 35 131 149 101 98 147 137 133 134 70 80 110 89 16 57 86 45 24
145 41 121 83 50 147 144 149 55 49 17 99 87 96 128 27 84 130 56 123
70 130 49 130 129 126 129 44 88 94 134 66 46 73 26 91 48 138 39 101
122 133 112 46 107 73 145 47 106 52 134 55 124 87 73 34 135 96 107 130
147 15 23 28 37 125 47 116 17 22 11 88 19 24 61 140 86 137 20 25
104 44 12 81 92 45 83 127 134 37 97 116 14 41 73 103 148 46 88 24
97 92 43 60 82 21 109 86 99 103 62 13 55 145 114 109 120 147 49 110
116 50 104 81 33 25 40 127 27 121 116 99 84 13 83 43 17 89 46 114
117 46 106 132 55 101 133 82 45 148 80 92 12 17 141 56 12 74 25 93
127 127 129 118 13 107 21 33 26 103 24 132 63 38 137 100 57 55 23 96
28 45 27 139 101 96 121 87 70 56 94 44 109 139 19 107 116 114 66 19
72 18 143 103 86 27 72 133 11 148 87 55 110 148 41 35 91 104 131 85
96 86 114 51 140 110 21 43 47 80 84 98 30 109 28 52 85 64 131 28
100 85 136 96 39 81 137 55 88 19 62 104 37 113 10 110 90 38 30 117
71 77 55 22 70 26 113 109 101 126 139 88 62 52 100 95 13 120 110 65
136 45 54 115 96 22 111 87 114 99 19 125 83 138 121 82 148 75 48 78
118 78 76 75 79 58 80 45 137 34 134 121 131 32 118 133 128 123 47 124
22 90 103 112 139 74 76 125 102 82 67 30 115 44 34 139 70 15 121 70
55 99 134 70 148 49 148 114 23 126 75 23 95 23 71 89 77 52 95 57
56 74 35 100 86 60 76 121 57 25 74 13 119 71 66 68 22 114 10 66
142 136 145 110 143 124 80 100 81 17 134 148 14 17 45 18 83 34 55 82
16 20 101 44 37 117 64 57 102 48 144 73 134 30 31 146 20 26 42 47
15 79 14 25 55 24 40 40 117 32 110 86 90 88 37 60 64 24 15 35
68 34 18 99 88 11 50 128 131 122 18 61 108 89 71 40 25 146 43 23
132 33 78 149 115 111 138 60 24 106 24 69 90 122 22 36 134 123 86 147
53 59 33 43 141 88 111 148 31 111 51 91 120 70 33 29 104 83 111 25
87 90 60 23 114 34 35 99 143 55 12 144 111 136 143 99 142 138 58 96
39 68 34 51 44 32 49 114 132 75 142 126 55 116 113 106 31 144 68 12
144 109 17 82 143 148 60 53 20 120 56 91 35 75 102 137 19 106 65 28
108 10 23 16 88 122 54 42 27 13 56 42 138 60 79 11 92 38 73 27
44 63 64 22 32 117 64 35 51 85 145 68 122 104 53 32 126 134 120 144
31 130 53 95 107 107 60 129 46 42 66 48 130 134 19 84 140 73 131 103
53 112 22 107 70 31 121 123 84 98 138 104 74 118 14 109 35 40 27 34
43 45 119 79 115 26 124 115 31 33 143 68 138 126 134 99 117 144 97 105
143 77 36 91 41 119 94 51 81 21 51 13 13 36 81 48 138 24 84 18
30 30 148 87 26 29 59 107 44 50 42 51 51 80 33 37 66 44 35 73
71 116 78 41 134 123 100 144 64 28 104 55 24 66 128 141 125 62 135 60
50 91 82 143 42 81 65 133 117 86 105 146 44 102 65 149 40 64 145 109
110 118 60 136 20 51 19 139 76 133 115 10 128 45 132 14 137 96 64 26
92 115 13 71 75 29 15 64 45 132 59 48 126 34 27 136 91 120 69 43
147 146 84 92 138 144 72 108 32 113 71 16 47 145 82 49 145 74 100 99
125 76 120 55 104 104 37 112 55 128 18 44 18 107 59 97 123 25 49 95
139 58 90 124 80 112 50 33 56 130 94 71 146 46 88 146 103 93 37 31
94 108 79 47 138 29 89 78 66 43 34 57 25 64 39 88 45 134 90 56
92 82 119 29 131 142 126 33 32 50 58 77 52 124 100 117 128 14 98 110
21 106 119 80 86 136 128 74 111 127 128 20 102 35 145 92 59 64 132 16
32 11 74 14 106 18 135 27 13 38 59 102 22 139 135 31 132 143 143 57
99 33 69 18 46 36 134 61 59 33 60 131 32 49 109 147 53 104 36 77
106 109 111 44 51 33 125 11 113 77 27 113 10 15 129 99 88 25 93 119
76 92 57 52 36 133 130 135 39 62 136 82 86 79 64 128 24 22 93 85
73 82 92 67 54 39 131 42 75 74 148 103 112 106 127 118 137 27 143 82
31 86 75 91 97 64 133 14 66 84 43 20 77 127 45 107 84 64 49 130
100 13 54 103 130 53 119 15 137 33 93 14 122 82 134 99 10 103 71 60
76 21 127 147 99 93 140 41 130 13 76 122 132 120 71 106 97 58 122 66
55 117 133 46 95 146 128 132 55 59 107 96 134 133 22 32 31 32 128 37
29 79 90 98 109 57 67 84 100 13 69 71 122 130 92 106 53 109 52 47
75 32 71 137 108 116 120 24 28 59 10 26 133 109 91 124 50 128 141 128
94 121 142 143 31 138 110 117 149 38 146 54 92 148 96 73 119 74 127 129
58 139 20 28 70 26 102 33 74 123 82 54 80 50 65 107 133 106 11 10
43 37 139 30 28 111 71 134 76 129 124 58 50 123 16 97 26 118 53 29
47 95 25 17 64 134 45 126 136 30 46 144 116 29 67 123 35 20 80 35
86 128 30 25 39 107 37 46 142 81 88 14 47 105 31 145 123 136 87 114
80 111 131 99 104 133 38 69 56 127 12 137 49 70 138 49 127 10 127 122
22 27 126 125 85 65 80 104 28 67 17 140 141 118 141 149 145 91 53 82
105 124 129 111 121 99 91 53 58 102 85 144 69 97 146 137 94 76 80 77
58 65 80 21 23 139 86 49 127 128 59 10 100 124 29 57 30 124 23 127
35 65 127 62 12 70 54 125 37 46 43 96 31 139 53 103 149 24 39 17
63 139 15 65 139 106 98 71 27 61 50 96 10 25 18 144 141 126 76 139
119 142 116 108 34 85 100 31 111 44 101 137 125 133 143 118 16 10 20 124
21 36 62 95 119 95 101 46 149 127 114 18 12 147 42 73 75 22 33 16
83 69 136 110 110 70 76 100 83 128 55 49 33 109 76 45 61 140 96 138
105 99 61 92 100 54 124 59 103 69 60 121 148 18 15 140 85 69 145 55
116 93 107 100 67 47 11 58 123 70 97 44 30 10 99 26 21 88 67 26
73 26 145 138 79 137 96 32 54 103 144 60 24 42 61 41 27 143 41 93
69 118 51 67 39 24 103 147 125 105 71 63 145 32 51 21 67 81 130 26
71 124 81 40 93 66 116 45 21 147 24 126 111 20 103 14 92 88 24 12
28 131 106 49 23 41 130 106 114 134 135 67 30 121 117 59 147 19 123 126
41 130 72 148 136 11 47 34 116 17 60 11 144 88 69 129 20 115 88 28
40 40 124 77 113 35 149 111 26 64 119 98 112 43 37 29 81 124 147 40
95 133 13 80 52 74 94 102 141 131 49 113 44 134 95 70 33 67 149 146
92 97 137 142 126 82 25 78 12 72 52 116 89 42 32 69 108 134 126 113
105 46 131 26 102 30 122 37 46 23 97 79 70 75 25 141 74 69 130 125
116 64 18 119 13 54 65 100 142 35 115 57 108 145 22 14 120 45 25 143
25 144 47 139 43 108 131 97 139 27 59 41 144 76 148 119 56 56 90 91
126 42 98 55 120 129 124 104 113 70 119 44 92 143 16 81 77 100 56 63
84 16 34 98 23 120 121 86 143 138 32 33 137 89 120 73 136 137 51 106
132 75 140 27 63 45 83 80 92 18 37 27 131 61 103 102 65 147 104 32
144 134 98 101 129 138 103 94 147 89 117 125 100 12 43 109 97 101 42 118
33 108 43 85 58 107 109 42 125 50 40 90 136 51 113 54 45 109 59 22
53 16 14 35 32 117 108 43 127 39 98 66 85 88 77 79 12 124 120 121
108 72 86 133 137 18 125 49 43 128 12 114 51 32 29 85 45 85 93 50
16 149 76 43 91 31 92 68 116 134 12 115 144 68 20 78 132 142 98 115
12 100 142 13 147 53 132 117 88 26 25 47 42 36 53 65 58 106 109 84
33 76 58 129 117 52 143 26 103 10 141 124 91 111 140 15 27 11 80 47
27 17 135 16 128 109 46 13 43 50 119 30 119 102 135 38 16 11 42 122
