0 0 0 0 0
36 66 103 106 127
57 11 55 132 41
35 67 20 135 39
82 41 103 56 27
14 118 111 86 56
79 138 117 84 107
15 119 139 43 82
11 145 21 30 123
128 59 41 118 54
127 149 44 61 60
54 44 139 81 111
44 61 107 19 13
134 20 105 26 63
131 88 15 103 56
98 73 51 117 38
129 69 143 145 41
109 44 78 148 31
80 131 76 84 81
108 18 121 107 88
62 137 65 75 115
15 125 109 122 89
61 15 22 63 95
145 36 109 50 103
79 121 21 57 147
148 29 99 121 86
68 108 34 76 11
77 65 45 32 79
24 121 22 47 136
42 95 85 41 53
94 147 13 24 59
87 136 89 141 68
147 53 16 81 145
122 139 26 95 65
104 121 50 25 58
99 129 51 124 42
31 95 127 112 111
129 87 103 64 140
118 137 80 95 104
148 80 103 138 86
23 28 64 99 48
149 59 58 124 21
107 45 113 40 130
111 149 55 90 106
66 98 14 149 18
136 61 51 79 84
84 119 21 22 96
59 126 16 129 43
82 55 149 124 65
57 45 132 84 47
78 61 128 52 68
37 132 137 127 80
13 105 56 106 86
142 79 10 46 69
29 37 83 116 63
116 122 112 28 88
