0 0 0 0 0
120 97 96 14 47
27 141 79 13 20
78 93 112 24 31
11 95 32 58 124
125 95 129 146 48
29 123 31 63 26
54 112 116 78 121
21 112 23 11 19
81 37 42 14 125
10 39 137 93 100
119 42 47 88 65
114 24 143 90 94
50 107 24 149 60
16 89 97 111 39
43 35 80 92 86
113 148 90 16 146
144 67 78 134 112
61 84 43 48 133
80 39 33 78 31
41 67 73 16 43
147 34 105 41 43
74 87 96 137 76
38 85 26 120 50
23 89 92 75 21
25 140 43 134 19
136 17 109 122 42
124 44 44 144 100
100 77 143 18 137
80 38 50 94 145
118 123 76 36 34
51 64 132 124 116
83 17 26 92 115
69 76 51 71 56
64 11 113 94 72
21 34 59 62 66
88 89 146 71 14
48 68 113 69 52
102 105 41 96 106
14 131 82 54 131
112 31 142 140 32
20 116 50 85 105
119 112 21 35 40
59 95 147 134 106
97 39 79 146 27
105 83 39 120 94
93 10 108 63 73
53 58 63 145 72
45 126 20 142 106
141 38 50 97 63
61 101 142 129 49
97 11 76 63 28
41 26 18 43 22
127 104 35 30 117
93 109 26 133 33
13 52 26 112 62
110 118 45 118 74
41 143 35 68 105
121 62 135 37 33
43 60 145 35 89
15 75 149 95 25
79 119 119 52 80
62 90 101 102 18
10 76 108 63 117
21 83 141 120 48
98 14 24 48 59
69 54 135 141 28
67 130 57 66 139
20 96 10 45 16
51 53 56 127 91
106 60 122 124 43
149 102 130 47 114
24 140 90 119 17
147 117 99 11 24
87 94 135 41 99
12 51 33 135 99
106 109 27 86 71
122 62 26 15 105
123 103 67 73 144
97 34 86 123 127
116 134 80 66 58
103 27 117 137 28
21 42 129 24 71
48 147 10 69 39
137 13 66 147 75
91 68 15 78 56
14 91 72 71 13
143 31 55 88 60
17 14 11 38 71
13 58 87 109 80
80 94 98 115 25
130 52 100 133 106
73 63 17 12 75
74 121 100 13 84
86 73 18 100 147
40 118 40 22 136
56 19 140 57 59
73 111 54 138 19
18 52 115 118 101
48 32 109 136 131
