0 0 0 0 0 0 0 0 0 0
119 50 25 128 70 16 26 91 135 79
20 130 59 134 95 149 77 20 131 33
62 101 86 50 107 17 126 113 12 79
57 91 25 66 87 28 32 132 66 68
45 61 86 57 13 129 47 67 29 47
145 74 31 25 42 31 58 53 46 119
139 81 72 35 102 77 87 131 14 110
48 102 101 70 124 63 52 27 145 23
127 102 52 96 65 140 96 16 111 147
88 16 122 67 148 71 142 28 142 11
42 73 60 76 148 94 55 73 98 95
38 106 72 94 34 48 99 71 101 38
123 96 32 23 54 39 16 90 48 37
109 42 143 129 140 107 75 126 29 112
69 86 31 79 64 58 72 91 65 36
96 104 131 48 28 96 125 31 109 89
97 56 93 105 80 135 77 113 112 15
109 44 123 65 112 70 144 116 36 55
11 18 91 26 94 20 54 125 142 10
139 70 54 84 96 79 132 80 41 38
144 112 23 16 46 102 128 102 137 65
33 27 21 68 67 137 111 51 96 45
91 58 54 39 15 120 38 63 112 149
103 77 129 74 135 137 143 99 116 144
121 43 12 53 10 122 114 61 87 65
53 126 10 46 148 22 27 94 110 29
107 114 59 27 32 57 11 116 144 127
137 38 46 145 41 28 34 88 19 89
116 126 103 88 34 56 27 57 31 41
133 113 31 148 30 106 68 92 100 95
59 59 39 131 30 48 121 91 126 28
122 49 90 18 64 95 58 15 113 29
16 117 37 38 120 52 17 107 96 122
62 47 88 147 82 141 112 103 100 141
35 16 22 131 131 76 120 137 102 92
96 48 15 32 93 81 22 60 43 114
149 35 109 10 100 121 105 98 106 130
81 19 36 119 145 14 112 37 70 15
62 14 126 78 90 108 131 65 136 13
52 27 61 95 31 69 89 140 29 39
96 37 87 71 110 122 100 84 122 117
123 124 138 46 35 101 117 149 71 108
87 59 54 86 81 87 24 73 62 34
44 42 27 91 147 119 53 143 83 82
40 68 115 21 149 144 79 101 69 84
77 125 135 93 49 141 35 114 110 122
145 76 87 77 122 129 145 146 87 50
127 85 130 100 10 85 38 115 29 145
51 69 15 18 127 41 24 109 128 114
117 146 94 98 124 48 26 117 123 25
28 147 89 52 53 43 66 118 35 25
72 65 143 145 119 38 69 50 145 37
28 18 120 140 132 49 52 67 37 124
114 13 138 97 67 69 18 42 84 13
128 22 83 91 101 41 47 91 84 45
149 134 122 43 66 89 60 120 70 33
81 122 75 14 141 41 109 24 42 142
149 61 54 95 41 37 61 52 53 108
14 12 110 118 72 44 50 40 45 72
99 102 84 92 101 104 121 52 18 131
48 123 109 102 71 84 34 13 12 137
25 94 123 22 76 44 57 66 90 56
115 126 34 77 107 102 74 108 142 29
20 67 111 36 37 70 45 10 65 48
18 128 65 109 141 79 31 122 94 103
50 141 112 95 55 134 78 94 51 90
25 14 21 20 106 40 130 144 145 103
131 147 10 50 92 27 118 138 23 148
110 94 33 70 66 132 123 101 127 84
35 20 27 114 24 137 51 21 94 123
140 47 98 106 95 104 21 41 133 67
85 123 59 120 56 149 25 106 137 48
42 44 34 49 16 34 86 16 143 60
124 43 126 136 62 108 92 92 28 48
83 78 55 125 137 67 12 43 100 63
91 26 20 29 114 56 103 99 21 56
61 97 64 141 141 112 147 39 16 29
102 23 111 85 15 118 79 45 93 32
76 10 130 117 101 138 104 24 19 59
113 53 129 56 19 137 52 37 28 21
60 133 34 133 77 148 63 27 126 104
35 136 147 124 32 97 105 69 40 70
76 64 40 49 43 93 100 46 140 63
10 74 144 148 39 57 61 15 134 144
142 104 18 34 93 61 15 125 116 99
45 83 11 34 129 46 75 22 137 78
104 42 51 115 82 53 56 44 32 15
54 71 100 63 27 135 85 75 80 33
73 52 56 51 119 62 105 67 147 144
133 50 45 143 28 59 131 145 76 46
52 50 123 62 107 78 121 89 113 88
72 24 12 101 44 72 39 138 93 97
91 110 37 19 53 109 20 107 91 65
120 58 29 74 92 51 14 78 15 32
21 31 48 91 113 18 91 24 15 121
144 78 35 129 21 128 17 110 60 49
133 103 33 84 56 56 41 48 89 138
68 84 100 81 94 137 102 46 123 72
26 134 45 137 20 140 59 74 89 16
