0 0 0 0 0 0 0 0 0 0 0 0 0 0 0
60 51 81 99 24 63 33 14 26 124 57 139 138 94 65
113 131 68 77 103 84 29 94 92 68 14 135 36 60 16
149 92 142 97 25 61 143 117 61 142 141 61 92 133 127
58 49 36 57 12 65 62 94 51 149 88 129 142 126 102
49 81 118 14 106 138 84 123 25 92 104 58 54 119 83
61 130 142 78 123 123 72 29 145 76 142 111 77 82 70
82 84 148 24 107 126 117 92 102 96 37 91 97 83 76
14 110 60 41 42 42 27 144 92 21 98 79 122 144 98
124 28 114 48 89 34 134 118 46 102 93 86 28 62 64
131 130 93 88 146 50 10 146 68 11 103 53 70 62 26
88 119 98 148 61 95 34 112 136 140 111 101 142 80 90
51 77 43 141 41 84 147 92 125 10 15 117 52 49 48
131 66 34 104 103 35 108 141 48 125 34 26 63 149 149
80 113 69 62 34 24 92 108 128 63 124 71 105 90 66
79 17 129 71 60 137 57 116 95 35 36 111 27 114 27
22 22 106 121 97 79 51 71 56 107 37 146 55 124 54
70 113 39 31 47 48 96 119 128 57 23 89 86 88 128
141 29 107 85 79 91 65 39 54 77 105 142 46 104 69
84 43 132 26 64 137 86 46 106 25 32 20 44 116 146
52 21 131 116 84 123 32 113 74 134 44 73 44 68 35
132 106 131 135 68 15 106 59 20 119 50 54 87 19 126
53 25 141 86 112 144 101 126 22 71 143 28 114 121 50
128 141 34 33 107 67 97 28 27 121 93 94 37 103 99
59 62 45 119 32 107 16 33 122 145 145 124 145 55 70
36 19 14 115 27 60 31 34 139 108 108 116 54 103 72
13 76 63 137 103 122 59 110 100 136 39 32 64 81 39
136 52 27 27 22 62 26 65 108 67 126 14 47 129 119
103 35 44 65 134 39 142 140 87 68 147 69 86 45 11
39 26 18 70 70 130 17 96 128 112 131 101 54 107 86
100 59 42 18 10 133 29 82 99 91 145 17 101 16 107
45 94 78 43 102 102 12 138 146 147 46 80 71 137 71
18 43 136 58 70 90 138 106 67 23 61 89 25 39 12
64 107 147 42 131 22 131 36 88 34 78 68 40 59 144
73 82 33 87 57 52 128 37 14 87 38 106 14 57 72
77 109 50 90 59 98 120 117 68 69 94 99 32 109 31
18 88 58 133 116 31 141 17 15 47 137 131 25 72 13
71 14 91 21 15 26 44 79 79 121 126 145 40 23 44
83 146 124 91 80 109 48 19 18 39 35 57 27 84 85
72 133 115 61 91 51 137 37 87 107 44 95 132 41 18
138 54 95 67 120 94 60 25 69 16 104 78 90 123 138
17 26 14 17 77 96 95 26 104 112 90 25 33 13 33
82 35 48 47 133 134 69 109 55 72 80 84 142 146 93
149 121 50 97 15 13 92 95 93 129 139 70 119 118 57
148 36 70 79 125 18 42 109 25 40 45 32 95 24 91
126 13 93 126 100 11 55 54 15 82 17 63 17 18 104
114 63 126 52 66 105 133 66 77 95 64 85 25 44 97
98 47 58 55 99 107 77 35 117 48 77 33 94 94 70
139 112 40 91 126 38 80 141 66 57 105 25 120 73 61
65 79 123 32 13 69 60 54 123 120 96 77 60 113 125
113 49 149 142 24 95 32 149 132 145 60 22 42 95 130
79 15 39 18 29 62 45 114 104 56 26 20 110 95 101
44 81 84 84 145 113 75 58 46 45 93 75 122 53 140
65 39 109 105 98 53 105 114 42 123 46 64 142 96 61
108 41 102 97 86 27 94 84 57 104 125 56 11 27 141
89 145 45 29 44 19 30 79 102 56 85 148 78 140 96
102 84 95 47 97 30 83 12 26 95 138 111 133 124 81
25 71 12 88 70 120 53 17 11 135 87 11 123 109 132
87 14 108 42 48 39 76 21 22 144 120 55 73 107 87
103 19 88 28 104 73 86 68 143 35 53 28 109 72 119
113 66 26 114 144 63 86 122 97 116 139 60 127 143 86
53 131 67 80 88 99 28 91 118 21 85 74 137 64 139
27 33 10 89 147 70 104 65 17 24 146 143 99 50 25
113 81 109 115 58 12 54 142 85 67 53 110 108 58 43
93 44 97 32 44 124 147 34 118 96 145 39 44 148 25
120 60 22 105 69 102 135 141 15 107 90 144 24 124 134
31 144 118 20 70 60 52 113 105 20 133 87 80 48 72
96 51 35 77 96 20 125 87 133 32 148 36 86 19 95
20 30 82 135 141 89 53 115 102 40 71 77 147 19 127
85 99 82 136 118 72 65 120 78 123 27 42 116 99 80
28 24 30 67 146 93 35 33 10 22 104 91 36 54 72
86 30 119 110 94 62 94 57 33 105 27 126 99 86 132
58 147 39 104 145 35 32 45 102 80 18 129 17 75 144
15 118 78 90 41 148 36 82 133 16 107 33 129 90 113
51 149 94 30 112 67 69 87 20 140 112 126 28 94 54
73 74 74 80 88 79 114 12 29 73 73 66 112 50 133
21 50 147 17 44 84 148 11 97 108 24 11 15 69 47
66 94 78 131 107 106 51 16 64 74 26 113 76 59 92
58 17 61 36 28 136 139 40 92 11 116 78 28 128 55
58 73 143 49 132 82 94 94 28 80 55 71 16 15 114
63 140 36 40 134 74 85 41 22 98 60 55 119 13 110
135 22 106 29 69 17 34 130 74 32 129 131 137 109 17
69 25 36 85 52 44 122 121 141 106 114 92 68 99 143
88 49 33 116 18 82 83 40 96 61 13 82 50 95 43
137 126 34 93 54 130 13 92 83 123 125 135 148 86 139
19 126 56 10 26 110 78 66 45 83 135 148 123 53 48
79 137 141 129 65 44 40 44 11 80 142 56 45 85 117
64 91 120 109 22 57 138 138 106 80 32 137 45 65 24
71 130 106 55 136 91 42 26 116 108 130 98 119 74 43
75 77 131 111 90 68 138 125 117 37 107 10 88 15 57
55 82 139 47 143 57 114 146 46 29 118 116 106 34 112
112 68 30 129 50 47 145 122 77 27 53 110 59 102 131
59 103 106 80 50 38 115 109 146 55 70 70 89 120 116
77 128 140 69 112 58 27 141 59 56 44 93 61 143 117
141 141 36 141 23 135 147 58 74 127 59 49 40 41 99
37 35 113 66 38 48 59 19 140 37 37 111 130 73 83
74 29 94 93 74 31 15 73 138 97 126 32 143 123 103
127 133 17 125 133 34 103 54 88 49 50 76 56 26 147
62 126 77 87 68 142 100 124 51 36 51 128 16 133 39
57 102 71 146 106 90 124 124 27 63 146 14 76 81 115
