10000000 10000000 10000000 10000000 10000000
47 7 19 72 18
6 39 5 33 29
55 57 19 57 13
64 68 36 36 17
9 45 22 39 34
29 10 10 33 70
22 38 66 6 11
17 30 8 60 32
21 36 27 53 67
59 73 32 10 19
60 68 57 15 46
51 69 36 54 20
24 62 70 41 66
0 39 55 63 72
50 31 48 43 35
50 59 35 71 18
10000000 10000000 10000000 10000000 10000000
0 46 14 64 8
59 9 37 20 53
50 62 0 70 26
17 5 54 23 53
43 6 56 3 15
0 42 3 26 34
58 50 43 25 12
38 1 0 54 13
71 13 10 66 14
2 46 17 41 71
54 17 47 42 11
49 2 66 29 13
2 21 51 29 1
24 53 26 25 67
19 67 41 14 2
53 59 3 46 24
10000000 10000000 10000000 10000000 10000000
59 66 42 12 56
26 43 69 8 72
1 56 59 67 30
27 33 9 27 25
59 54 28 67 69
13 44 55 48 67
2 65 70 35 25
43 58 24 65 2
30 45 25 60 48
20 19 15 60 35
2 2 19 6 64
34 36 4 29 37
52 54 38 7 37
59 61 42 0 61
50 25 29 46 69
39 50 37 62 32
10000000 10000000 10000000 10000000 10000000
24 19 20 20 24
22 16 66 33 1
44 10 53 35 48
47 34 21 5 57
67 51 60 0 56
1 15 20 38 49
16 51 27 42 55
27 71 9 20 45
10 47 5 8 14
59 56 28 37 57
52 46 47 59 57
66 19 12 52 62
72 59 19 7 19
34 64 20 13 52
2 68 56 54 67
6 22 6 70 38
10000000 10000000 10000000 10000000 10000000
48 66 26 59 48
26 49 15 4 27
39 10 68 40 5
54 33 33 30 72
65 64 19 68 33
49 65 58 34 33
59 66 58 48 8
64 49 8 63 16
11 18 32 27 20
0 72 67 4 49
27 73 22 0 1
42 8 39 23 61
53 25 9 3 23
40 71 23 1 22
20 32 9 58 0
48 62 21 67 26
