10000000 10000000 10000000 10000000 10000000 10000000 10000000 10000000 10000000 10000000 10000000 10000000 10000000 10000000 10000000 10000000 10000000 10000000 10000000 10000000
103 161 245 25 277 133 175 65 252 300 187 133 318 173 201 84 256 103 241 19
26 296 329 125 29 52 59 312 32 277 325 215 157 139 246 220 228 324 71 195
187 56 175 104 124 310 230 216 291 224 46 212 140 57 293 95 74 74 190 287
140 241 242 283 199 305 243 79 214 282 289 112 237 281 42 166 164 304 131 80
248 153 179 166 145 26 84 168 40 207 117 197 58 312 125 168 196 238 208 68
81 68 33 258 194 163 88 7 246 87 255 235 241 131 86 63 9 240 112 79
307 308 165 209 319 11 182 33 216 198 245 270 70 144 88 306 77 95 279 156
185 206 123 211 9 277 208 113 275 245 256 19 57 108 80 256 22 142 309 311
221 152 307 95 146 63 220 156 71 56 132 43 184 18 294 285 56 53 323 24
57 156 15 176 26 10 124 131 184 76 123 252 163 224 71 49 54 325 198 185
114 138 287 262 31 256 280 66 20 54 103 264 173 197 201 13 40 219 106 130
65 321 190 117 197 258 253 316 10 45 10 325 205 239 105 234 19 91 122 47
130 320 74 132 295 278 297 246 279 117 68 279 119 324 248 234 303 163 150 292
290 189 214 89 127 34 286 152 31 291 11 127 151 281 228 167 268 283 113 188
108 72 98 73 279 307 38 244 328 11 281 270 9 231 198 254 98 192 140 234
238 206 91 246 67 36 320 197 278 59 300 157 174 290 224 76 72 36 169 98
302 173 214 58 13 310 132 91 80 53 127 112 238 255 132 67 86 135 101 67
270 275 299 93 42 77 70 44 41 205 96 306 131 15 154 125 317 111 7 291
176 149 103 317 193 38 245 70 107 80 297 269 243 136 166 183 316 270 94 305
31 138 31 104 286 43 24 146 199 90 309 247 236 25 194 231 87 329 233 90
240 288 290 97 62 67 240 186 48 199 9 74 128 281 307 150 145 194 215 188
18 175 247 145 306 211 272 195 191 162 246 273 235 44 234 119 290 20 245 151
100 331 245 55 185 246 121 253 199 213 176 133 159 137 25 252 209 37 49 140
87 68 106 125 302 42 14 290 301 79 196 215 111 148 74 200 260 162 26 47
13 152 13 41 25 46 57 243 271 51 288 256 257 305 174 10 180 249 36 321
257 105 175 238 220 172 303 130 294 92 311 114 330 198 120 322 28 66 177 96
261 75 261 83 187 323 163 266 246 288 276 79 151 164 11 180 134 105 243 31
86 74 323 237 187 59 85 275 94 103 175 225 233 62 72 128 126 303 56 143
248 29 98 258 71 328 292 102 117 150 302 129 302 231 213 237 258 148 25 208
114 59 121 73 17 106 212 22 153 285 125 118 8 156 107 56 272 197 149 91
254 146 43 116 175 284 270 72 7 29 245 148 331 69 65 239 315 296 42 97
277 82 209 176 159 218 80 218 198 305 278 74 20 88 97 68 143 240 130 95
225 274 252 106 269 109 300 39 259 165 18 92 261 171 243 283 62 111 185 200
73 37 171 329 80 44 20 277 110 8 11 303 188 238 43 280 20 127 76 37
28 318 244 267 285 165 169 277 83 102 238 196 29 77 321 209 29 198 265 329
181 204 180 174 323 43 154 211 255 108 259 256 118 282 90 258 233 320 11 172
10 280 248 321 195 249 114 42 296 96 212 329 212 247 139 95 82 252 199 291
182 237 144 158 105 279 304 213 9 315 155 115 246 58 34 156 219 224 318 211
10000000 10000000 10000000 10000000 10000000 10000000 10000000 10000000 10000000 10000000 10000000 10000000 10000000 10000000 10000000 10000000 10000000 10000000 10000000 10000000
229 19 144 36 209 141 217 78 214 206 298 124 168 182 114 85 130 278 85 49
329 30 178 176 191 215 78 149 171 207 21 212 152 275 196 123 210 141 142 176
248 25 321 125 202 69 139 94 182 260 34 189 256 124 65 135 115 285 205 127
137 242 240 169 58 100 174 74 78 153 8 310 192 49 59 249 173 237 50 39
194 78 187 185 207 210 28 258 86 260 277 162 118 119 207 185 115 318 101 53
298 291 68 67 198 228 24 248 288 138 120 32 165 277 165 283 256 255 76 220
164 194 130 239 81 45 127 10 273 272 199 299 75 226 295 255 280 126 157 16
206 122 299 249 106 113 173 195 281 7 87 52 233 300 280 323 16 273 148 81
80 7 158 308 79 105 251 152 91 79 248 51 217 181 240 325 171 87 222 10
202 197 264 312 311 320 174 245 77 212 256 112 283 113 244 270 169 214 14 57
37 71 186 318 196 295 275 138 113 180 295 245 36 157 199 209 308 241 18 232
76 235 82 239 169 125 245 196 205 298 292 162 289 153 169 139 162 202 102 88
14 116 25 33 233 148 208 202 305 192 21 42 154 295 95 142 149 76 231 269
221 222 280 14 291 91 199 170 277 249 312 202 113 181 97 174 116 330 21 123
168 327 76 59 196 65 129 135 84 250 101 316 83 72 97 249 318 76 294 202
16 93 248 188 22 305 327 270 34 212 40 61 149 317 118 322 253 188 298 61
325 72 35 194 170 226 15 285 137 297 112 167 43 26 163 109 145 128 154 53
285 125 167 253 124 331 93 244 179 212 304 243 249 27 272 232 32 137 93 308
130 294 110 150 110 118 12 35 308 17 193 46 62 67 155 331 243 269 23 116
89 140 78 256 284 315 43 190 90 285 248 65 7 49 94 114 37 294 277 37
133 129 110 139 198 122 275 174 139 285 92 282 167 91 197 25 143 225 178 298
100 241 280 257 28 267 82 308 180 149 237 173 230 27 122 94 223 279 20 8
227 210 303 215 285 174 24 307 142 110 186 99 265 54 215 213 190 47 256 295
245 244 116 284 135 296 94 74 177 286 311 236 314 325 277 259 283 77 159 276
231 75 219 218 214 178 293 277 99 161 82 68 154 314 165 295 251 21 310 291
77 73 283 129 155 111 66 136 282 163 85 137 35 145 67 22 143 20 147 55
124 31 302 284 12 68 183 323 180 203 34 294 24 159 47 201 84 198 66 263
302 239 124 223 131 272 145 64 100 13 317 132 256 206 287 293 307 258 36 57
308 199 57 62 38 192 210 115 231 175 309 268 89 162 269 284 145 266 107 317
17 291 197 51 62 158 116 20 53 202 78 13 176 178 288 253 282 177 156 232
284 242 129 266 71 212 321 219 247 72 143 269 140 250 32 105 15 104 113 54
196 150 53 214 315 133 266 39 301 219 24 79 311 168 102 244 57 265 18 72
228 43 84 274 68 238 161 159 219 123 268 125 264 122 243 96 244 266 291 222
153 54 57 243 176 268 251 182 320 196 27 330 112 69 267 170 72 251 312 184
281 79 97 7 205 183 308 246 70 144 244 190 283 274 220 23 130 15 230 106
39 134 136 280 277 100 110 118 159 97 81 227 240 163 209 269 178 10 111 217
64 84 205 117 330 225 197 78 42 240 96 195 317 243 273 185 216 128 184 7
172 218 150 96 189 74 310 280 304 81 119 75 319 116 281 311 209 32 25 221
10000000 10000000 10000000 10000000 10000000 10000000 10000000 10000000 10000000 10000000 10000000 10000000 10000000 10000000 10000000 10000000 10000000 10000000 10000000 10000000
98 194 145 18 310 136 37 101 147 80 13 232 19 171 242 212 15 85 216 28
69 161 76 167 266 109 215 237 213 110 47 273 71 139 112 178 74 128 176 280
164 37 281 211 63 55 153 145 221 331 146 306 216 28 147 146 259 203 68 200
188 219 141 327 290 31 53 85 59 88 245 324 216 156 122 189 280 40 278 308
311 316 107 45 68 114 291 280 296 166 210 330 265 111 172 325 260 82 164 168
184 252 164 190 17 294 34 169 111 234 11 288 138 320 124 268 159 193 316 119
140 63 142 91 142 8 210 138 311 22 185 266 317 45 29 320 33 241 312 311
303 211 77 330 199 68 171 137 312 139 66 112 150 212 202 306 140 8 240 224
197 12 102 232 176 247 264 236 149 249 293 296 196 276 294 192 114 262 324 84
58 244 274 104 164 106 56 92 309 70 277 123 58 58 32 126 84 50 84 239
234 280 273 22 29 230 105 26 173 295 221 211 59 64 18 29 331 296 110 327
263 76 99 218 238 326 286 36 20 267 241 170 207 110 181 258 240 84 12 79
282 236 97 154 140 153 291 229 149 206 111 76 42 65 110 225 148 310 275 148
139 50 188 113 316 221 142 28 77 81 26 184 141 192 318 298 24 245 257 28
222 148 142 47 296 254 115 11 51 316 224 66 286 262 282 35 209 307 18 140
238 231 113 203 158 140 63 324 69 110 143 192 303 197 108 164 14 301 256 37
225 103 315 223 206 260 300 106 155 314 317 87 113 291 98 193 259 140 318 28
308 152 111 33 74 241 188 33 169 255 93 57 66 286 294 60 164 174 89 107
117 222 64 303 20 265 113 99 315 157 299 92 19 220 121 273 49 12 14 253
148 31 92 142 189 253 131 289 323 164 113 267 220 161 7 255 64 287 284 117
232 223 265 13 152 115 211 136 31 242 71 267 285 294 99 111 273 213 156 298
268 210 208 245 92 137 197 87 266 277 156 182 262 56 82 66 296 42 277 245
14 184 122 308 222 47 128 181 145 34 204 137 243 331 239 212 323 222 130 144
329 73 219 91 129 164 203 74 56 189 165 175 149 148 37 116 294 194 199 77
278 85 262 134 37 148 179 217 119 316 292 308 47 188 60 201 40 317 9 230
320 81 33 331 53 154 35 210 128 192 121 181 49 209 101 72 209 117 13 275
7 78 163 326 152 161 183 195 326 22 95 161 96 158 210 16 53 149 91 236
329 195 300 33 274 307 96 330 305 20 278 180 14 238 69 31 290 249 100 130
220 328 112 72 317 179 285 159 76 278 36 60 47 317 171 267 285 185 91 99
253 170 30 185 122 137 162 266 18 102 89 96 99 309 286 124 323 262 65 184
70 151 193 233 323 299 302 176 59 59 92 305 295 26 8 128 285 299 25 309
187 53 271 122 50 51 18 112 141 299 258 168 89 217 303 154 170 212 152 302
118 299 282 309 18 30 327 32 151 208 136 239 195 225 109 65 148 297 87 29
60 152 330 162 49 44 185 307 262 231 193 86 300 58 155 82 278 159 301 222
287 23 276 293 32 116 118 328 50 148 219 58 285 303 245 175 248 118 279 229
235 303 176 128 303 63 304 146 193 103 222 252 262 9 207 62 138 25 77 221
264 22 197 240 215 32 244 254 182 266 221 181 60 68 275 32 77 120 90 313
274 202 97 327 234 301 216 197 97 218 41 129 210 113 113 304 49 286 328 222
10000000 10000000 10000000 10000000 10000000 10000000 10000000 10000000 10000000 10000000 10000000 10000000 10000000 10000000 10000000 10000000 10000000 10000000 10000000 10000000
232 64 59 127 284 61 311 142 148 55 60 304 259 264 242 112 10 25 169 188
157 134 137 194 268 206 102 188 202 325 82 29 51 247 312 241 259 211 315 143
151 167 108 64 259 267 219 174 78 122 142 275 118 140 317 64 74 80 165 289
172 233 217 128 278 271 122 217 119 211 311 266 43 261 228 51 283 179 83 296
254 268 290 194 281 150 304 157 130 119 229 112 178 253 301 205 310 31 251 76
134 194 319 276 24 190 229 135 37 81 178 12 24 70 296 323 143 84 222 185
104 211 214 90 43 217 187 79 172 199 185 192 151 195 275 309 231 103 99 313
294 194 288 69 182 96 106 172 179 263 7 217 131 59 170 66 273 29 59 226
80 238 11 74 44 78 66 302 92 317 84 207 207 77 101 101 183 53 308 15
148 328 197 13 249 135 17 158 110 261 34 79 196 27 103 74 223 148 90 14
178 126 102 20 253 70 165 220 279 245 318 110 281 149 225 214 227 94 256 152
91 105 40 212 114 152 271 183 132 296 35 179 251 109 55 262 232 70 188 87
119 209 291 58 72 290 144 283 187 210 317 185 248 155 251 218 188 51 125 219
53 157 42 98 111 294 240 310 304 10 100 314 293 280 126 48 167 90 80 288
26 11 262 16 205 154 304 145 23 248 131 138 16 132 192 7 109 292 124 233
117 118 55 119 154 71 84 42 205 96 219 88 11 184 187 263 226 21 169 247
310 144 206 169 156 158 287 257 109 236 89 262 254 72 194 214 65 215 58 301
125 132 112 118 45 143 199 95 39 219 82 110 134 264 289 320 21 185 298 108
221 233 330 96 26 163 289 208 141 89 105 116 129 260 79 150 180 249 125 162
224 113 8 71 331 22 46 129 50 209 148 327 17 152 18 235 113 59 272 25
288 293 300 35 111 233 201 125 232 206 234 39 32 195 178 58 175 152 168 240
112 199 181 245 125 111 52 113 58 157 125 149 193 152 236 51 285 188 170 226
268 318 78 162 329 25 228 217 292 102 166 322 128 247 61 204 141 289 35 58
265 306 278 301 231 163 252 237 268 304 56 226 28 82 212 253 47 59 102 248
68 132 244 106 153 61 234 28 137 273 203 273 183 283 158 248 246 180 29 211
270 296 60 302 266 271 247 285 287 263 221 7 63 184 289 36 236 184 212 313
11 179 197 307 202 244 154 224 109 135 58 261 35 88 295 107 172 251 31 28
113 19 39 206 249 47 323 18 131 106 229 268 131 329 315 201 289 65 94 325
114 24 257 303 50 153 81 291 51 276 255 297 126 126 228 176 151 61 265 200
138 42 112 277 127 193 310 14 107 9 224 326 177 314 67 192 220 244 30 11
46 297 325 208 60 293 36 80 191 145 85 78 76 327 267 170 237 292 127 146
172 294 213 93 124 217 15 246 144 108 184 148 300 308 254 255 327 259 232 315
137 326 227 234 256 122 278 297 315 276 63 248 188 182 244 28 47 88 308 241
88 285 243 265 37 238 301 213 179 214 203 279 286 159 148 278 195 86 322 37
191 68 120 120 70 70 295 279 161 310 98 124 236 162 170 237 39 102 13 170
274 49 317 68 116 237 251 106 287 49 258 62 9 119 200 118 291 53 200 77
127 111 27 288 171 39 240 101 15 92 219 123 285 273 237 148 325 215 123 176
306 8 18 64 106 94 15 246 256 155 39 71 143 37 261 284 116 295 178 167
10000000 10000000 10000000 10000000 10000000 10000000 10000000 10000000 10000000 10000000 10000000 10000000 10000000 10000000 10000000 10000000 10000000 10000000 10000000 10000000
102 323 27 203 69 326 67 167 51 99 308 7 184 273 218 80 105 96 289 255
246 104 137 120 137 299 271 200 252 294 37 300 326 292 168 249 214 302 64 177
51 318 208 86 210 247 208 144 168 193 10 264 291 115 133 234 330 289 330 179
288 264 85 156 110 150 108 93 330 246 92 221 129 308 91 141 323 226 185 207
309 82 210 227 151 200 197 280 68 144 102 51 288 248 67 306 309 275 164 177
129 120 328 139 78 227 294 275 134 245 210 65 178 248 310 243 106 203 88 325
185 95 246 46 63 21 62 124 119 120 13 245 169 298 311 331 251 105 289 186
139 280 159 78 314 44 128 45 159 292 143 198 200 257 167 77 123 47 131 302
94 191 215 66 8 289 8 42 185 170 83 75 149 289 273 326 168 277 193 195
62 116 277 239 251 316 238 314 258 308 151 327 282 143 154 103 308 78 188 203
283 54 44 81 231 199 276 86 263 262 51 11 115 30 261 15 129 147 288 284
212 32 191 37 263 73 111 317 287 261 93 140 18 150 300 95 297 293 52 97
133 176 114 86 263 300 263 42 18 288 266 55 202 105 80 316 290 287 215 190
316 104 114 237 202 274 144 133 252 10 164 294 130 278 266 58 331 92 299 166
90 161 273 41 294 245 314 231 47 226 137 295 76 243 296 83 143 141 180 294
301 265 294 110 181 123 75 20 148 236 129 199 22 61 23 168 208 285 187 255
32 131 252 163 232 310 28 299 240 137 199 64 325 322 60 281 249 101 205 192
266 257 19 123 202 299 57 308 245 145 18 146 232 72 207 25 280 129 283 28
26 21 107 89 301 172 277 50 321 247 329 31 18 59 229 116 257 7 269 156
170 188 128 185 163 38 112 116 190 27 144 49 167 11 45 156 218 212 327 225
153 10 37 199 54 248 80 153 275 183 193 141 34 276 266 261 289 305 124 11
30 111 177 229 234 329 311 159 32 296 284 262 325 19 65 100 78 8 140 296
108 209 19 73 167 287 48 113 81 327 79 30 15 269 314 129 122 7 311 78
192 222 161 85 100 49 50 153 28 291 304 139 280 61 279 64 226 213 97 229
80 193 277 89 328 304 269 29 189 180 39 217 265 152 149 132 256 118 27 25
17 266 107 319 329 39 64 98 216 184 280 250 287 299 131 11 285 71 232 60
68 319 234 158 192 100 66 159 120 147 131 300 44 157 294 193 242 268 303 110
151 311 299 257 33 186 107 134 84 91 50 17 195 280 141 114 25 19 89 77
242 105 35 251 72 284 287 94 24 292 127 227 105 40 29 96 190 155 104 273
300 262 21 283 305 102 131 13 185 16 213 165 36 191 184 124 89 328 153 131
184 74 83 28 185 206 44 100 330 288 43 139 16 38 273 214 35 60 99 207
21 231 246 330 17 112 82 290 64 27 185 163 38 80 118 319 331 36 268 43
118 302 175 175 186 149 248 18 281 53 187 117 204 90 196 322 117 125 250 216
132 246 185 186 60 317 175 93 86 269 164 249 200 86 270 77 279 88 21 254
7 263 259 72 265 222 226 167 171 191 217 196 301 144 36 98 305 19 53 120
282 161 167 162 219 184 154 302 219 172 151 65 114 30 103 25 100 282 256 102
174 139 8 70 193 95 170 169 270 109 245 107 285 142 43 307 9 158 63 273
272 49 133 221 202 159 57 189 224 215 237 257 177 143 238 160 203 37 14 57
10000000 10000000 10000000 10000000 10000000 10000000 10000000 10000000 10000000 10000000 10000000 10000000 10000000 10000000 10000000 10000000 10000000 10000000 10000000 10000000
123 188 241 201 113 133 130 93 272 286 309 13 331 293 123 21 85 153 127 121
178 310 269 42 118 233 181 242 93 218 305 62 185 330 101 70 209 17 295 7
51 146 40 85 253 139 84 253 288 72 228 195 258 9 205 36 201 325 224 10
204 14 72 174 79 99 66 181 225 28 206 196 19 324 290 138 257 207 132 224
19 198 161 235 246 76 254 51 279 56 117 322 188 244 109 163 94 106 322 199
174 318 145 288 100 77 240 218 86 64 26 247 199 75 45 307 36 272 246 83
91 12 246 55 105 222 31 11 149 213 218 139 307 86 237 214 197 54 280 159
273 97 166 189 254 38 315 195 75 125 168 185 96 29 212 155 103 255 105 254
161 172 108 54 234 284 329 84 313 162 287 213 329 139 312 205 58 80 165 118
111 265 30 79 123 49 113 85 208 82 114 262 307 64 56 134 331 48 323 261
97 138 248 323 131 323 17 139 115 261 247 267 150 247 132 234 199 288 180 239
223 115 322 113 185 246 213 305 155 190 257 84 139 209 163 152 296 88 78 226
120 130 177 258 245 22 125 272 223 306 116 153 49 193 288 78 35 223 279 243
317 52 280 273 138 238 227 314 100 91 204 83 244 192 188 78 183 200 214 48
119 183 110 216 171 172 284 329 320 14 212 26 213 94 97 37 241 201 18 196
64 311 330 51 204 328 86 77 116 46 134 174 208 201 260 217 184 315 38 301
33 156 20 331 181 184 161 218 232 151 296 37 310 303 167 16 130 65 83 45
266 89 19 206 52 151 258 229 152 205 184 132 110 103 319 12 117 298 42 184
47 167 173 133 19 325 63 183 197 227 208 43 49 157 122 77 294 299 69 44
164 221 299 12 59 149 146 299 286 204 100 304 132 170 180 312 56 184 200 46
71 294 12 45 38 260 145 134 122 50 304 133 93 28 236 312 259 14 16 143
160 244 116 224 17 59 180 14 287 223 260 265 218 224 292 138 102 269 50 82
206 272 31 89 270 254 259 17 274 150 287 95 79 42 47 207 35 277 45 258
250 272 185 140 14 262 227 8 65 110 257 127 74 8 157 95 62 225 187 95
76 212 205 105 38 251 102 40 112 293 180 290 93 184 169 255 191 171 91 263
143 141 198 85 140 169 247 155 277 106 227 153 218 193 69 254 271 140 79 70
148 22 69 135 208 188 192 67 131 99 277 302 203 131 244 133 26 181 229 13
172 317 218 167 172 297 137 68 135 256 281 134 18 330 264 88 47 262 303 200
23 159 18 115 49 54 317 74 301 7 222 239 60 80 217 162 56 302 215 87
29 171 119 181 166 294 130 136 110 183 203 158 38 219 287 114 220 288 272 291
168 154 284 313 305 56 194 275 202 10 131 309 24 209 292 317 316 94 206 110
121 170 227 18 152 136 192 113 247 164 110 141 45 55 208 71 37 207 257 321
49 8 319 165 249 323 233 145 25 191 276 87 232 132 101 242 95 303 139 22
11 34 257 200 284 158 93 89 221 182 261 280 93 259 270 272 246 304 157 194
70 180 10 280 65 41 27 34 71 310 115 140 145 180 11 273 314 297 250 307
272 213 235 12 323 38 11 204 152 236 310 156 132 206 227 50 318 63 84 72
167 163 88 34 168 7 300 57 139 228 305 316 263 101 328 67 243 320 111 131
296 21 47 210 329 103 304 278 170 51 215 304 264 148 322 195 128 322 235 18
10000000 10000000 10000000 10000000 10000000 10000000 10000000 10000000 10000000 10000000 10000000 10000000 10000000 10000000 10000000 10000000 10000000 10000000 10000000 10000000
78 21 118 197 72 198 193 130 259 262 49 145 265 329 55 139 270 132 215 295
37 216 300 263 255 224 290 272 257 21 196 167 290 96 152 208 83 60 71 58
172 297 218 64 95 165 267 236 289 204 227 250 226 142 209 215 286 38 48 252
272 57 258 237 22 267 72 329 109 142 62 213 259 174 151 225 305 81 39 146
104 122 305 99 20 107 130 216 296 98 58 161 132 322 129 56 26 226 202 14
12 67 266 161 18 103 199 76 245 78 308 255 37 74 232 62 193 113 297 44
309 220 209 143 180 20 146 211 85 40 54 170 208 260 296 46 205 49 20 169
34 137 84 299 309 287 292 225 166 16 13 308 203 292 166 89 253 94 273 60
47 88 195 188 199 253 196 265 187 102 179 185 28 101 219 129 241 137 75 69
288 262 308 181 137 278 208 25 175 267 80 273 104 326 148 56 171 331 38 88
115 321 192 228 120 49 120 168 15 187 284 196 149 231 256 262 289 112 326 314
235 256 258 90 108 103 269 169 264 228 38 171 152 213 19 29 47 331 209 183
315 136 149 83 294 137 100 69 170 233 254 271 28 236 170 19 42 229 128 178
295 177 325 128 109 96 51 306 142 154 195 111 132 48 177 181 309 19 279 126
254 40 40 140 139 106 29 228 208 132 160 8 285 163 69 147 319 289 69 100
328 273 298 273 203 81 87 129 121 85 320 285 270 8 166 291 314 23 273 122
142 214 74 54 237 290 269 268 67 262 258 24 203 136 177 191 243 175 101 22
38 12 67 92 33 24 331 141 290 217 292 81 20 230 171 145 202 181 215 276
193 215 94 63 282 228 221 279 240 171 231 259 224 52 158 324 259 27 68 141
8 270 110 36 217 234 99 157 47 242 35 76 296 8 245 226 146 57 48 265
259 20 67 77 238 114 258 205 17 32 59 73 178 302 244 251 297 145 175 158
100 31 74 257 235 285 198 104 231 220 268 319 47 255 166 210 65 229 142 281
119 10 188 54 319 119 322 78 322 17 225 258 267 38 34 249 87 131 323 117
235 166 70 101 223 315 257 291 218 17 245 287 200 292 114 43 161 296 241 321
106 143 137 152 236 178 32 133 26 169 53 156 322 272 155 76 287 138 289 218
158 82 295 219 25 72 165 64 75 174 238 311 272 317 186 200 311 9 21 267
171 303 250 279 252 55 300 188 104 52 198 229 234 304 78 275 24 314 307 320
92 313 69 193 178 286 263 108 29 27 94 276 171 244 295 236 53 317 181 315
39 256 294 211 53 11 283 131 318 163 163 285 182 303 133 306 228 138 290 271
15 132 167 60 88 248 27 128 119 93 266 92 317 49 51 287 115 10 228 11
176 144 68 158 220 187 176 318 297 85 153 96 215 50 151 68 228 58 89 211
47 222 263 66 315 97 239 49 53 62 299 42 280 133 45 18 144 246 70 130
306 168 61 10 158 16 255 100 101 226 154 329 291 190 268 295 181 70 58 19
55 302 57 143 68 296 223 293 256 303 181 182 298 327 274 62 201 308 121 56
219 236 149 15 19 180 313 110 123 283 310 150 124 151 61 20 192 136 48 73
259 126 23 91 213 147 194 16 52 41 117 325 243 204 138 126 30 259 192 158
79 89 264 264 136 116 279 127 309 7 263 311 106 243 207 118 127 110 108 267
188 256 78 223 237 327 296 35 9 38 25 102 165 159 62 226 320 18 11 308
10000000 10000000 10000000 10000000 10000000 10000000 10000000 10000000 10000000 10000000 10000000 10000000 10000000 10000000 10000000 10000000 10000000 10000000 10000000 10000000
125 240 171 105 14 264 308 43 98 52 174 211 219 182 190 9 276 303 325 13
183 66 19 149 273 78 127 60 68 282 152 326 313 207 259 22 200 203 120 108
130 271 189 239 101 154 165 96 173 21 156 183 248 225 19 94 131 287 251 268
50 203 270 315 190 109 262 30 327 210 303 175 75 105 180 260 207 194 103 268
129 40 14 122 236 200 65 310 256 299 98 73 330 287 94 82 115 123 124 47
115 106 195 46 25 237 283 144 160 56 116 43 82 81 111 170 186 52 266 162
70 228 119 255 235 329 315 38 194 105 184 310 255 268 17 189 320 41 143 113
148 310 96 184 47 289 204 35 176 138 95 327 291 106 63 138 192 167 296 177
117 201 152 140 75 80 228 88 121 76 243 326 289 266 78 31 273 113 144 331
208 162 279 252 136 8 16 125 221 200 285 198 251 114 30 239 325 172 178 169
331 266 329 288 80 141 145 56 256 182 137 277 233 39 158 169 45 55 155 235
327 32 224 185 105 230 320 119 311 319 144 299 61 273 330 206 300 44 12 282
244 8 231 15 118 300 20 230 64 115 135 121 182 117 216 109 31 252 172 248
267 131 55 115 127 189 132 74 208 219 233 228 165 314 247 70 97 165 126 150
38 133 59 201 103 223 265 10 180 69 168 287 39 93 253 125 107 56 115 90
34 265 158 98 86 264 72 214 212 67 144 47 25 163 196 114 244 256 242 247
76 286 178 311 144 43 176 310 61 74 299 277 182 41 217 60 314 79 203 51
278 157 226 312 9 174 202 245 167 72 102 292 14 132 270 162 125 295 165 327
84 119 192 305 273 181 116 147 47 286 196 317 226 54 255 253 174 268 317 329
259 116 8 59 76 133 119 68 134 315 318 166 203 174 79 65 242 305 56 115
56 245 94 49 262 110 242 70 301 34 236 282 274 34 165 153 134 62 46 254
59 69 317 254 279 78 153 279 189 89 140 139 143 272 252 206 106 112 155 268
178 192 176 253 31 184 307 20 231 330 23 105 325 132 200 327 85 66 70 173
15 268 312 291 324 111 158 118 235 212 288 54 253 44 330 36 176 232 279 168
156 208 158 324 283 81 36 189 202 277 292 88 100 253 292 198 192 40 103 93
221 303 33 323 72 46 131 45 302 37 217 207 216 237 24 263 14 203 282 41
307 85 323 221 327 317 171 11 312 24 221 269 23 279 251 51 85 308 227 32
207 286 138 286 135 76 202 103 167 316 243 171 79 118 221 8 121 132 101 22
194 315 173 222 85 26 167 228 130 182 201 205 34 40 74 188 184 164 238 158
165 26 18 20 51 185 223 152 152 78 225 30 70 157 160 151 198 50 248 252
274 290 134 317 119 35 322 62 261 108 227 171 10 20 250 91 186 200 243 124
51 46 227 122 319 134 327 237 205 256 129 47 13 233 170 104 249 257 214 77
216 230 215 331 39 49 130 218 321 287 109 281 16 219 216 280 278 175 98 264
322 129 158 288 286 269 143 268 302 66 150 300 63 164 101 189 208 296 230 240
167 289 264 64 325 229 277 138 69 14 281 317 81 78 232 301 128 75 148 200
151 180 210 323 187 331 146 230 239 147 60 167 320 244 69 171 205 202 42 135
12 173 188 152 9 177 331 163 179 91 31 40 146 235 317 249 262 53 65 282
274 326 325 243 209 21 282 46 53 22 316 230 156 158 37 188 243 270 243 274
10000000 10000000 10000000 10000000 10000000 10000000 10000000 10000000 10000000 10000000 10000000 10000000 10000000 10000000 10000000 10000000 10000000 10000000 10000000 10000000
29 189 153 97 146 187 233 38 47 234 79 88 306 221 114 148 279 234 223 54
34 20 218 170 41 20 20 299 307 123 319 268 114 328 117 261 321 174 227 17
283 270 24 319 241 204 141 188 214 124 153 323 69 280 274 243 274 234 13 324
50 132 301 270 36 264 76 151 100 32 186 107 318 135 270 28 286 224 8 210
184 153 125 197 19 44 299 86 241 159 248 262 302 249 73 276 118 258 251 329
202 78 209 57 188 264 69 106 146 179 37 11 59 95 252 61 167 306 104 117
56 131 181 259 313 312 164 99 133 189 178 168 216 223 166 198 153 76 74 297
184 225 135 134 29 17 40 192 327 96 202 284 53 252 183 221 96 291 213 296
189 322 16 104 179 29 37 303 183 68 294 223 191 100 109 321 231 183 127 15
293 244 245 99 80 73 95 187 142 299 149 62 222 173 109 79 274 91 270 24
163 246 109 162 270 224 35 144 315 105 108 104 39 218 282 29 221 22 43 193
137 265 301 114 99 87 52 250 221 187 57 310 203 72 34 168 183 144 217 206
10 307 262 143 46 102 137 270 327 107 40 223 56 167 327 231 243 306 153 72
109 105 158 35 95 242 9 242 289 229 323 267 94 155 32 253 127 19 263 24
65 278 305 228 198 265 189 90 129 56 68 241 329 179 80 50 146 63 233 250
114 94 217 307 98 153 169 93 91 198 265 31 219 20 62 25 172 149 180 137
245 171 245 87 78 105 330 75 236 279 9 76 157 115 246 201 234 210 56 238
293 305 195 77 300 271 168 177 180 295 108 178 22 42 107 32 179 23 296 145
174 194 245 75 26 32 298 235 47 209 111 32 106 215 326 322 198 203 101 221
51 297 241 293 211 210 261 131 299 114 150 230 69 71 23 97 216 113 142 321
53 61 247 179 80 204 244 44 59 32 76 168 306 112 145 312 160 227 87 316
271 202 257 104 97 98 163 196 280 84 133 127 159 160 247 313 169 292 142 134
181 173 252 12 153 30 218 142 99 251 124 138 16 213 289 8 255 279 276 235
28 38 253 105 89 84 138 84 169 85 130 112 115 243 205 240 273 172 161 148
121 266 92 112 165 142 117 248 246 273 62 190 261 305 104 270 318 316 215 172
213 181 200 73 120 207 132 315 79 200 83 97 37 100 10 192 162 138 31 71
47 242 50 317 75 294 273 33 31 46 89 61 186 170 285 125 156 254 104 302
115 268 302 75 283 99 129 184 73 51 266 74 268 248 92 36 114 29 20 135
64 95 57 218 235 147 49 179 312 170 297 172 233 36 195 104 163 44 298 22
191 7 81 229 14 73 11 162 31 49 322 258 193 278 46 312 86 110 249 149
96 218 73 184 177 147 215 161 90 278 41 263 249 133 91 141 73 97 59 265
132 24 45 14 121 302 266 240 44 242 216 304 29 213 314 147 237 102 89 135
304 88 323 262 149 126 56 137 83 305 10 275 244 279 309 165 56 266 176 258
151 109 257 148 329 275 226 41 275 289 209 195 271 58 267 270 322 104 169 323
103 283 61 218 292 167 50 309 316 288 215 19 233 133 36 224 255 216 251 192
14 290 231 294 326 289 309 290 114 169 12 275 276 228 215 257 132 41 175 230
140 219 53 190 230 102 215 231 46 24 36 260 27 23 194 245 202 183 31 113
134 117 143 145 324 148 132 291 101 13 294 22 329 243 257 26 285 306 279 303
10000000 10000000 10000000 10000000 10000000 10000000 10000000 10000000 10000000 10000000 10000000 10000000 10000000 10000000 10000000 10000000 10000000 10000000 10000000 10000000
107 328 116 113 330 7 148 50 79 291 167 114 278 302 290 84 127 257 110 135
272 149 190 86 177 119 284 207 55 242 241 132 163 152 26 218 184 312 224 275
245 122 259 230 247 210 55 256 146 184 328 12 85 218 30 119 287 12 194 123
275 204 285 248 30 44 80 51 184 14 123 196 231 87 29 201 302 250 132 144
285 266 137 228 179 179 166 266 221 109 160 98 146 51 107 274 27 213 66 249
136 50 101 174 181 213 29 117 309 278 305 247 218 245 110 78 27 87 166 118
303 107 209 238 255 52 59 240 50 219 41 46 134 253 49 273 214 40 224 77
85 149 314 161 17 242 145 65 22 60 23 20 143 215 40 283 106 94 188 46
232 265 62 239 149 211 315 280 107 78 34 86 39 208 62 213 7 226 316 236
143 77 301 132 244 205 108 178 206 283 267 167 187 97 126 168 14 33 199 57
171 179 219 231 150 301 175 130 47 76 144 279 233 261 178 195 279 148 244 283
91 224 199 279 42 20 89 133 98 159 251 140 51 279 265 173 73 200 10 34
105 77 111 17 304 212 56 286 39 326 170 17 273 185 288 260 125 281 105 214
287 137 62 206 178 208 160 45 187 235 33 205 242 272 80 52 321 66 134 145
109 179 316 101 38 245 139 297 327 78 220 187 299 70 96 179 329 154 24 71
15 274 127 155 94 18 134 75 224 259 191 264 55 92 143 54 315 61 282 128
44 240 330 29 37 48 281 129 78 218 34 325 63 189 233 77 160 90 266 99
76 300 310 233 106 77 14 177 258 91 300 260 127 100 77 94 124 315 134 71
265 139 98 134 236 60 227 261 228 177 136 56 86 286 166 136 308 38 213 179
256 187 218 36 245 77 287 187 63 10 182 325 70 331 292 222 137 191 314 207
205 56 259 115 305 92 286 222 329 317 216 7 199 88 276 60 314 56 68 78
240 70 174 66 215 13 138 16 167 279 223 43 217 239 131 35 257 224 217 23
7 85 40 48 305 75 65 239 299 321 83 14 253 239 172 317 196 21 194 7
280 267 43 310 45 86 191 30 75 265 228 147 119 123 318 186 92 279 310 13
265 306 60 47 276 239 144 49 290 225 195 326 170 257 226 287 23 17 75 127
265 230 96 147 216 201 329 288 133 16 268 165 78 211 213 275 82 233 7 196
22 107 291 55 80 147 70 102 310 69 149 181 295 293 33 31 312 291 80 308
244 208 68 197 187 28 146 324 165 182 148 106 106 74 330 128 76 75 47 193
302 127 40 176 9 151 66 309 202 33 131 291 118 75 59 131 148 253 317 264
161 50 11 160 94 139 187 83 320 279 184 124 304 297 243 302 155 322 201 68
311 17 223 286 89 202 311 153 60 291 328 170 315 63 19 101 150 219 156 58
218 93 256 284 303 85 173 65 278 296 31 8 190 67 155 192 131 247 48 125
19 325 115 213 64 91 178 190 82 209 192 156 255 246 316 301 288 316 126 325
85 242 260 58 184 126 110 95 284 162 225 25 180 64 42 31 108 141 229 88
162 298 113 274 184 326 94 319 205 277 277 221 182 29 263 159 289 321 328 287
273 69 191 120 272 65 268 180 311 237 311 103 118 87 295 204 305 84 175 144
261 14 190 223 267 89 15 47 76 81 94 24 113 14 134 293 64 54 190 249
85 183 168 328 173 52 30 45 264 88 54 210 81 150 40 179 51 292 98 232
10000000 10000000 10000000 10000000 10000000 10000000 10000000 10000000 10000000 10000000 10000000 10000000 10000000 10000000 10000000 10000000 10000000 10000000 10000000 10000000
253 109 66 88 165 292 236 108 40 71 215 142 39 76 44 261 274 331 49 186
53 27 96 204 237 202 277 87 330 323 64 87 145 227 107 291 262 25 269 105
113 87 240 124 77 324 134 186 16 137 259 31 180 229 90 267 73 230 27 254
260 296 75 94 160 295 218 329 89 36 253 111 27 289 15 167 42 166 61 56
26 290 16 288 181 24 110 114 99 50 93 319 63 179 38 222 177 124 171 185
281 119 161 242 113 121 266 33 17 36 98 95 29 121 33 274 275 111 21 152
239 60 181 146 94 101 152 100 302 211 191 63 34 56 39 25 114 153 243 179
243 331 317 289 255 250 114 230 170 255 251 65 129 11 55 132 286 89 143 236
27 203 25 324 304 153 55 148 104 97 138 21 50 282 294 135 156 250 168 51
118 301 193 283 263 200 121 11 262 129 250 236 60 180 105 205 40 295 302 36
10 325 84 215 107 100 154 295 196 54 40 79 304 320 303 126 92 189 49 325
220 280 28 57 267 179 31 291 167 44 300 94 52 209 216 130 170 98 246 142
136 83 22 245 176 43 308 78 306 285 54 218 326 260 263 79 51 250 227 102
295 169 265 244 328 202 274 281 227 184 148 63 79 197 307 144 185 282 239 34
169 301 241 218 277 203 67 7 95 95 90 103 218 63 259 300 233 289 69 196
11 229 242 297 85 284 328 169 110 221 51 244 183 228 33 277 175 89 156 240
69 253 213 82 180 222 102 30 135 179 106 257 270 127 192 92 17 35 229 248
211 10 255 53 273 168 20 327 208 197 33 72 165 276 187 255 263 76 138 259
287 68 83 66 123 133 292 268 12 111 257 251 161 233 155 96 330 144 226 114
226 98 104 139 245 71 322 209 67 142 210 173 120 305 168 14 226 285 18 128
95 22 129 46 124 306 9 139 82 250 96 231 172 132 29 201 218 151 305 179
324 174 128 292 106 236 71 268 48 89 277 127 91 74 11 246 61 65 46 220
72 314 214 198 160 168 327 184 96 311 230 233 191 69 199 272 185 261 89 215
295 329 71 292 265 187 313 111 194 262 227 256 102 223 172 80 226 271 271 23
16 294 118 250 163 11 97 195 185 261 44 26 220 82 259 113 290 224 9 238
55 123 306 125 53 168 213 92 206 104 129 206 280 227 107 227 254 19 309 92
264 262 178 269 43 230 119 163 220 250 284 70 309 122 79 258 122 265 77 149
74 114 315 33 136 97 110 261 286 154 300 304 95 32 121 133 238 204 182 178
153 90 68 310 20 17 130 164 194 160 77 30 217 215 151 109 299 313 115 102
135 271 172 117 197 138 198 46 207 60 247 27 98 36 137 99 55 193 303 40
255 185 81 76 121 74 28 237 149 46 70 32 94 142 168 17 253 281 13 78
74 154 114 110 264 61 322 273 252 87 228 161 105 83 89 239 275 48 165 69
70 236 306 65 175 31 127 257 313 32 292 73 273 275 172 54 39 14 179 71
58 22 254 154 90 313 171 31 275 318 124 177 103 175 280 163 311 279 129 132
20 111 74 134 119 131 128 166 321 133 184 322 193 124 147 154 133 76 98 294
122 74 264 254 160 189 86 8 231 169 8 281 134 90 236 239 108 15 158 237
123 296 279 230 49 154 302 246 49 103 247 81 317 250 111 20 127 211 105 331
280 175 21 265 296 316 93 232 208 131 136 113 104 157 320 81 308 66 117 107
