10000000 10000000 10000000 10000000 10000000 10000000 10000000 10000000 10000000 10000000 10000000 10000000 10000000 10000000 10000000 10000000 10000000 10000000 10000000 10000000
329 226 193 163 320 236 316 272 23 124 138 226 64 181 100 144 280 274 252 78
50 35 106 69 326 217 177 133 107 239 242 107 20 163 87 128 211 41 240 32
157 132 187 296 171 21 60 119 175 244 58 267 101 343 326 15 7 105 121 191
171 63 237 20 43 274 19 306 201 111 209 275 185 72 178 106 23 81 74 261
56 186 251 77 60 210 46 189 159 23 269 217 289 268 161 76 40 226 306 120
125 202 65 167 227 301 131 258 247 38 271 340 236 247 321 282 100 8 73 64
76 336 85 125 220 90 308 210 153 50 291 125 339 129 317 282 277 330 92 140
91 32 326 159 21 244 87 51 32 262 275 31 220 177 322 61 48 74 202 142
62 5 271 117 289 67 79 158 244 43 104 92 258 184 316 11 285 267 135 312
327 291 306 78 80 102 331 43 27 318 160 324 154 263 315 171 340 26 279 25
102 188 102 323 39 84 251 77 311 15 63 47 213 264 286 339 171 14 119 6
341 204 42 134 21 206 161 99 172 83 282 142 182 320 234 178 30 281 195 79
307 98 318 39 173 39 110 221 91 29 55 28 272 151 332 161 323 323 95 295
111 76 136 176 69 139 91 95 264 63 13 191 82 73 244 37 327 253 60 75
170 89 337 312 216 200 194 317 30 184 189 316 232 216 158 186 347 196 88 154
230 212 304 11 212 67 13 196 34 87 268 231 129 328 260 112 58 96 257 205
272 121 295 112 290 237 93 72 152 218 210 340 264 233 39 34 270 86 229 99
234 77 34 43 73 330 229 39 292 328 112 195 171 163 157 161 257 124 57 73
186 127 22 93 145 305 152 145 324 303 171 146 332 231 32 30 229 319 289 188
254 51 278 313 80 63 132 160 205 282 332 53 132 99 98 133 215 120 114 116
194 15 108 105 101 337 295 10 128 344 147 125 29 341 122 211 266 54 34 224
299 311 275 92 243 197 144 233 148 13 40 128 338 253 196 150 309 205 92 203
130 169 153 55 60 305 325 155 283 121 126 155 12 197 298 155 58 152 110 221
337 95 82 313 121 203 224 18 97 261 92 289 129 80 78 204 316 48 231 20
80 27 261 255 342 311 160 31 225 121 183 316 5 309 137 38 253 214 191 156
306 141 276 152 248 291 138 149 111 32 309 113 210 264 109 111 141 211 48 210
82 282 127 201 217 328 221 94 63 341 98 209 184 85 345 90 16 87 288 247
245 179 55 24 310 127 226 265 302 297 25 284 148 218 146 318 105 163 191 154
126 7 185 306 132 100 205 24 271 305 310 114 43 117 227 14 294 255 329 147
87 130 234 209 269 253 75 177 217 228 75 31 210 149 127 114 336 344 6 337
153 103 153 122 228 324 225 24 225 80 283 281 37 166 284 37 163 190 293 269
181 335 209 316 337 74 15 261 266 22 182 155 206 232 198 154 179 107 285 59
166 225 148 298 229 142 192 330 266 241 293 92 195 240 97 296 155 337 198 229
312 55 94 249 214 323 175 327 269 11 323 85 291 243 335 166 101 333 203 186
74 107 19 293 270 319 80 338 195 128 188 24 243 23 246 113 245 340 138 231
255 117 293 181 202 287 195 288 343 214 292 197 46 8 48 262 307 238 183 272
21 219 173 175 75 256 311 251 209 199 77 124 67 320 25 295 318 129 109 117
106 216 111 23 123 247 43 211 177 13 188 346 335 308 340 192 179 96 238 24
10 98 112 284 272 263 63 277 167 208 103 344 285 267 225 314 59 336 209 79
168 240 11 227 241 178 115 244 168 221 273 199 300 281 295 252 156 253 229 77
35 128 347 177 342 184 309 50 155 102 287 139 336 330 346 14 8 280 6 342
151 241 255 203 50 12 115 39 254 107 61 131 147 307 29 285 288 347 210 9
15 175 71 271 90 257 81 299 215 237 329 121 186 179 333 23 334 158 166 195
120 209 118 308 124 298 132 253 306 216 122 7 229 193 252 56 116 11 322 293
295 329 267 313 315 225 203 315 108 209 53 323 120 281 139 127 57 238 292 211
28 138 110 125 55 271 228 82 247 249 174 103 41 144 192 38 331 251 19 220
98 228 223 119 34 258 139 91 35 248 220 124 283 113 134 221 65 20 75 44
219 39 250 134 244 332 171 18 142 148 118 118 129 9 83 64 310 272 50 34
316 297 70 58 94 256 345 158 174 312 82 295 337 58 185 143 196 5 129 96
38 345 180 274 123 281 256 77 56 180 243 35 141 268 88 77 182 332 199 164
256 233 275 195 15 318 154 201 293 69 33 302 55 34 235 54 52 240 296 87
132 76 286 29 170 260 45 82 225 284 325 86 61 81 223 342 270 115 244 188
81 52 66 126 144 259 138 167 268 37 23 249 7 170 38 50 235 344 176 16
55 25 68 177 293 268 145 277 224 105 233 32 126 49 137 134 178 324 142 169
136 175 179 306 238 281 160 107 204 276 131 255 167 50 56 340 176 259 139 294
120 265 308 117 277 320 57 134 38 228 131 70 17 187 297 221 187 321 329 83
48 273 226 186 204 61 228 82 22 6 279 101 112 300 272 165 177 60 205 105
191 339 315 260 12 191 160 128 59 207 334 112 193 298 35 15 181 46 296 48
131 249 343 297 174 180 309 300 196 146 208 27 7 150 113 307 54 229 280 11
44 51 323 268 155 121 84 41 316 43 187 252 240 43 324 40 158 90 100 331
333 65 12 65 293 204 144 276 107 68 133 315 171 64 182 321 87 15 24 215
98 193 213 23 109 28 124 258 151 272 215 209 34 280 58 52 116 49 48 287
88 207 222 10 200 270 236 16 228 303 221 318 171 114 208 203 45 72 335 219
66 185 285 132 221 312 70 319 34 162 133 323 52 152 79 85 183 220 54 212
10000000 10000000 10000000 10000000 10000000 10000000 10000000 10000000 10000000 10000000 10000000 10000000 10000000 10000000 10000000 10000000 10000000 10000000 10000000 10000000
124 150 127 52 322 329 238 271 193 70 198 279 202 187 303 189 55 245 173 301
6 140 332 269 314 81 21 123 37 113 28 18 24 219 246 62 262 335 29 176
50 253 328 13 88 316 167 176 17 185 194 57 306 63 41 246 251 291 32 124
287 218 215 244 299 36 338 334 225 14 316 65 22 55 151 68 310 224 189 343
285 229 155 27 16 181 261 189 281 281 17 130 241 208 309 190 318 82 8 39
57 285 246 322 154 161 56 31 42 43 294 222 231 160 180 111 267 186 8 67
176 14 173 263 193 64 47 259 213 130 113 332 18 179 297 168 7 138 9 71
55 153 262 342 257 95 145 303 233 57 140 33 107 323 335 320 329 271 137 206
347 11 217 133 292 98 233 55 260 151 241 335 114 33 24 115 250 37 236 25
93 79 152 265 284 309 146 12 61 210 52 332 31 215 248 243 31 207 42 140
74 288 72 211 24 58 31 259 164 114 237 313 26 48 123 70 232 63 148 39
55 10 60 117 134 143 289 6 280 48 98 122 278 149 268 85 23 113 343 142
126 102 147 190 160 218 183 334 143 248 121 6 108 8 226 246 345 255 106 197
321 132 211 246 175 347 131 324 78 210 94 191 61 311 58 256 284 195 86 296
105 82 227 235 236 227 272 283 326 44 285 204 125 109 140 91 143 140 252 113
46 148 283 58 270 190 75 72 206 113 320 212 150 322 230 308 138 58 48 160
245 260 109 287 42 189 345 88 141 338 208 220 292 326 56 29 80 346 273 99
271 10 183 125 30 342 14 343 340 19 332 32 135 6 187 31 49 205 314 194
314 182 104 33 223 288 149 324 308 251 219 257 120 307 91 301 340 206 255 68
303 120 220 36 146 257 218 312 162 94 332 138 156 26 263 132 271 128 286 40
323 93 256 287 307 79 114 346 215 256 149 188 57 66 306 25 281 153 108 328
69 147 303 71 167 166 71 154 51 35 259 40 59 255 294 242 116 296 25 268
233 19 283 323 19 251 148 43 231 98 300 168 103 170 204 253 62 192 170 344
341 185 55 291 336 241 103 172 315 147 255 305 222 99 150 109 333 228 217 216
108 78 57 141 262 183 232 314 278 97 147 18 269 274 28 153 269 100 105 155
344 257 318 337 90 31 272 10 336 318 329 141 247 347 112 333 295 83 114 25
339 192 219 318 244 161 168 192 281 180 239 213 103 11 152 163 155 286 19 190
327 161 64 164 278 317 31 72 299 155 187 52 212 304 215 105 121 204 116 195
205 223 167 289 323 91 70 88 328 182 70 24 261 282 60 306 45 106 113 245
286 110 21 273 250 104 112 84 64 310 19 264 236 324 239 91 296 278 284 23
277 79 101 327 334 236 132 75 339 97 223 78 158 174 202 171 63 319 133 263
340 347 170 100 136 129 89 275 144 63 160 188 14 12 108 56 27 239 189 343
155 59 160 281 49 138 62 309 253 77 100 339 292 123 38 313 275 197 332 177
188 6 147 208 76 89 104 285 313 281 71 92 62 314 96 314 243 58 271 308
197 213 235 287 226 6 247 5 130 20 182 32 332 83 303 130 203 205 301 258
227 296 28 214 18 247 129 54 120 79 198 317 307 25 138 242 252 214 204 50
182 148 72 188 84 74 95 285 172 315 66 128 302 44 69 174 122 114 182 207
290 220 47 54 68 109 21 329 287 286 229 229 287 155 256 308 265 151 275 144
215 110 162 30 127 152 5 204 60 76 123 184 62 333 302 222 6 199 157 305
322 184 310 103 345 253 61 285 8 345 22 262 64 166 300 35 81 193 145 33
236 75 106 97 303 305 155 55 229 298 146 153 338 323 5 262 274 181 187 130
310 71 185 79 59 67 72 103 259 303 294 236 345 178 202 180 93 144 134 18
326 126 212 300 335 240 68 340 308 323 333 159 124 150 222 281 246 178 314 199
248 32 232 135 236 287 50 8 321 77 173 309 198 196 95 208 214 210 133 133
235 136 236 212 294 196 299 128 104 274 267 251 89 137 241 278 243 72 89 271
284 18 310 126 290 255 11 236 301 105 212 53 318 91 74 197 287 126 248 245
134 138 114 330 55 267 271 229 84 209 199 214 222 16 60 86 133 42 208 180
14 48 111 113 183 264 14 273 85 87 259 344 133 85 34 262 60 266 181 222
71 245 253 195 316 220 140 155 196 313 282 332 57 194 316 88 244 149 288 171
222 246 85 105 115 5 136 172 6 183 97 192 220 119 329 63 162 168 129 195
13 121 16 92 40 13 40 245 278 281 133 344 310 301 186 330 285 197 11 113
197 179 226 208 179 310 28 123 304 36 291 22 193 292 67 88 51 325 312 328
315 227 175 221 153 216 73 174 218 206 268 127 238 340 104 21 301 21 25 303
230 60 151 140 184 328 134 25 320 11 111 256 142 71 180 330 333 244 161 140
296 212 61 25 141 169 235 73 52 136 275 230 271 194 99 126 139 134 166 280
229 41 24 107 313 136 78 149 24 144 278 10 15 245 267 310 182 231 165 104
24 285 62 206 303 155 307 300 320 261 167 242 48 141 115 247 133 152 234 71
213 210 224 298 130 17 69 299 249 296 271 272 25 97 114 27 168 316 289 288
162 104 174 152 330 253 232 251 112 249 100 243 120 68 292 278 342 61 257 30
161 270 280 247 339 301 147 314 251 236 191 64 32 213 282 42 179 116 131 210
158 212 290 323 297 324 166 313 141 162 251 122 175 335 280 82 261 288 14 38
257 267 317 126 317 314 23 127 133 175 186 68 138 42 219 162 156 195 228 134
221 141 47 341 158 328 55 240 8 39 204 76 260 129 301 325 199 308 38 177
198 211 226 14 130 201 157 55 290 250 35 327 257 40 232 110 80 290 181 238
10000000 10000000 10000000 10000000 10000000 10000000 10000000 10000000 10000000 10000000 10000000 10000000 10000000 10000000 10000000 10000000 10000000 10000000 10000000 10000000
181 5 281 263 272 185 324 118 200 19 137 69 150 158 198 121 220 280 74 120
233 132 220 252 128 143 332 229 248 127 299 89 201 80 240 137 204 86 279 152
316 169 119 166 184 154 135 189 195 59 295 54 271 303 90 177 115 117 131 318
225 336 67 85 26 250 15 314 82 73 311 241 347 313 324 178 134 61 268 70
226 314 208 308 166 101 122 136 42 86 191 142 229 102 91 157 64 108 292 140
176 336 168 240 273 246 269 99 164 122 47 87 168 175 69 100 331 299 203 166
268 273 69 124 331 166 192 163 342 254 341 278 8 17 99 144 166 279 129 115
140 101 139 167 87 88 300 83 94 302 108 344 152 221 281 38 162 268 16 293
165 332 100 95 21 139 246 263 100 8 257 140 22 294 306 203 316 184 134 186
148 171 33 225 182 184 292 188 330 262 170 99 58 270 68 116 17 339 226 329
79 197 179 200 21 268 156 222 200 149 168 281 130 45 104 120 130 317 14 156
196 129 274 25 343 195 94 301 338 95 47 338 234 347 127 313 246 283 67 209
165 240 101 309 240 48 180 227 173 19 119 33 7 152 94 158 243 80 56 298
48 185 60 329 119 333 59 193 194 102 42 73 32 251 105 212 16 283 234 320
176 181 266 210 61 306 204 46 254 335 216 319 23 28 264 43 15 95 303 253
61 163 335 68 164 81 184 276 64 147 242 261 264 117 15 281 319 96 212 346
273 256 280 286 154 243 146 32 300 200 156 332 122 249 238 100 124 75 274 334
200 137 295 286 316 92 309 98 209 175 95 273 132 286 280 60 292 5 161 54
334 345 78 273 323 177 257 39 261 110 139 302 118 191 31 294 305 146 250 262
309 215 99 199 216 88 243 158 56 37 123 16 221 339 139 327 190 163 211 176
113 43 104 5 142 124 336 279 129 200 116 149 205 284 327 324 101 36 39 44
332 220 146 223 80 262 261 154 78 308 321 216 244 115 10 88 321 239 69 124
182 142 228 54 330 191 272 256 44 125 250 208 194 36 306 227 143 308 8 164
247 336 279 124 304 264 46 69 180 83 52 272 82 197 45 256 24 275 299 159
215 248 266 119 342 334 314 345 20 210 44 203 69 156 27 292 306 239 262 171
136 251 23 98 14 174 55 66 61 85 253 136 61 93 338 22 172 262 152 193
191 273 162 43 195 119 326 250 195 102 126 327 292 210 196 122 91 173 102 23
331 346 289 63 214 310 246 179 194 301 79 75 53 179 194 319 75 60 233 282
80 229 23 315 34 186 339 229 344 301 343 285 5 326 68 101 92 328 170 230
49 243 164 322 97 274 149 147 144 257 115 183 176 251 36 341 156 49 278 190
218 48 239 221 168 28 56 201 315 305 171 168 155 132 233 306 277 337 150 243
191 194 302 290 138 75 292 334 280 78 148 233 49 320 217 81 102 224 163 149
194 253 286 299 105 155 73 68 224 327 208 179 72 245 16 225 263 253 123 312
209 221 105 28 12 262 191 42 275 228 112 107 308 206 345 312 30 138 121 280
85 243 15 295 99 155 36 292 132 268 140 337 67 209 208 274 287 23 216 135
313 104 86 12 258 247 117 85 329 23 265 235 253 96 295 5 38 85 256 67
286 38 59 306 28 234 71 315 79 60 326 18 313 44 326 245 218 231 188 134
162 107 9 61 112 22 287 30 292 294 292 67 125 278 147 90 327 248 10 105
29 315 333 342 144 137 159 175 274 263 75 194 253 156 36 177 142 230 73 119
208 17 72 89 136 66 121 301 222 42 57 179 316 65 57 241 342 91 288 23
229 41 173 20 117 55 226 65 163 329 297 226 221 49 273 271 260 219 144 326
79 159 13 280 201 27 321 262 25 216 99 216 272 332 326 247 229 105 99 152
154 138 307 281 233 289 27 78 25 194 217 24 69 21 296 305 113 235 107 91
178 209 332 123 73 118 33 46 210 36 214 234 158 96 289 118 153 294 235 118
78 201 173 91 197 144 135 88 55 155 168 148 24 189 148 314 27 346 36 107
319 341 131 101 131 304 133 151 56 123 290 134 157 207 163 284 56 16 287 122
11 91 173 346 276 164 234 331 195 100 274 42 306 193 258 302 160 237 247 195
316 309 335 134 346 75 130 14 251 77 141 223 217 40 183 326 73 47 32 32
14 197 291 80 286 326 181 266 183 48 78 266 337 183 95 230 205 279 175 247
268 334 192 225 116 53 336 106 337 171 75 111 25 196 113 266 220 334 110 77
31 64 231 257 339 189 207 13 254 338 82 78 298 254 260 115 57 114 245 340
130 281 289 198 245 92 108 257 58 233 341 79 97 19 8 100 202 294 128 81
214 87 98 81 239 292 297 87 59 213 116 79 167 175 8 259 51 236 92 216
60 211 183 272 93 92 282 311 203 27 178 38 159 288 143 218 290 157 76 77
193 181 61 194 248 235 218 163 214 237 127 251 86 111 338 337 342 291 239 296
222 239 13 161 181 300 142 160 278 206 290 146 172 147 289 268 302 301 105 271
187 194 301 77 26 291 171 245 194 170 328 179 247 235 106 152 61 223 237 53
107 279 131 131 24 252 85 225 170 221 142 45 115 314 306 242 193 234 232 9
229 259 49 117 180 176 254 73 245 292 91 228 101 208 10 316 97 305 158 246
331 121 342 223 302 137 270 251 296 68 75 6 122 280 296 333 56 95 334 14
74 258 268 298 323 308 33 175 234 240 279 208 96 176 152 232 232 162 192 197
295 108 186 183 9 228 327 277 124 294 101 239 129 90 333 148 7 214 335 150
205 101 129 216 306 134 21 66 261 336 32 237 287 123 21 221 75 113 96 42
258 97 66 228 20 207 313 191 100 152 312 112 207 308 312 246 208 27 245 151
10000000 10000000 10000000 10000000 10000000 10000000 10000000 10000000 10000000 10000000 10000000 10000000 10000000 10000000 10000000 10000000 10000000 10000000 10000000 10000000
91 46 211 308 28 141 327 118 95 58 18 42 74 59 175 313 113 90 71 24
315 285 20 65 307 15 263 154 302 341 223 68 326 169 108 88 325 50 45 10
291 44 270 87 154 36 141 9 207 16 197 142 125 200 326 286 191 195 169 13
27 161 18 162 128 238 166 24 282 195 308 101 92 100 16 232 14 201 129 60
267 129 306 214 213 322 115 337 147 57 118 96 55 297 48 59 146 220 78 144
11 134 137 247 139 208 5 66 16 106 336 327 96 177 124 294 309 160 181 15
68 270 156 50 290 312 154 253 70 15 56 53 189 86 258 11 34 13 300 193
290 125 63 147 234 100 95 250 186 35 342 345 221 126 203 48 210 118 292 239
253 71 28 104 314 226 143 261 324 86 131 191 115 271 53 279 161 48 209 84
18 136 149 237 203 145 316 316 306 324 149 130 339 339 137 27 112 280 282 203
236 237 30 261 104 221 183 22 291 132 289 216 8 140 180 270 112 288 220 314
13 149 258 216 204 44 96 28 229 292 324 155 254 17 225 144 256 117 82 288
167 72 163 268 179 257 206 12 346 48 75 191 314 181 173 168 18 64 171 323
323 165 306 117 299 78 320 102 72 309 128 133 13 99 84 343 279 78 309 127
220 297 20 85 60 60 205 210 291 136 136 311 173 203 265 65 231 63 266 135
333 269 19 18 277 146 78 31 210 127 50 299 137 292 62 35 25 32 323 313
9 277 144 175 28 147 198 312 69 337 220 200 336 325 45 343 288 311 48 51
220 299 254 271 193 301 9 105 190 129 195 64 155 168 146 187 165 46 252 309
181 217 48 339 30 71 237 286 223 332 98 242 190 338 71 347 337 125 35 6
127 147 269 295 168 301 44 26 162 22 332 44 89 154 295 270 196 317 115 128
336 270 158 38 331 43 105 314 286 302 14 141 210 29 22 141 293 98 231 43
86 294 149 323 207 165 256 327 287 196 111 55 326 160 104 107 346 76 153 294
45 319 281 306 318 286 20 65 216 53 164 307 183 208 343 256 222 282 50 42
119 94 216 276 332 182 341 125 161 342 157 197 122 101 116 62 129 47 119 96
95 301 74 314 50 62 16 169 197 52 286 311 121 201 295 341 108 250 219 206
341 180 308 309 98 198 269 95 157 133 330 207 13 39 215 264 17 295 145 25
136 16 30 27 104 305 141 16 307 280 153 94 193 51 38 190 337 273 138 214
257 297 144 245 34 68 255 282 145 285 131 258 152 231 58 257 342 221 174 192
64 65 118 303 29 194 199 50 23 245 22 324 216 234 11 59 63 15 43 141
231 180 309 123 287 254 143 12 184 97 321 251 267 243 192 283 104 162 276 12
132 11 85 9 51 186 326 144 58 244 31 280 179 85 90 346 7 76 242 107
215 278 71 53 54 128 315 275 15 310 327 312 237 96 47 297 59 231 132 126
231 87 114 58 211 287 49 285 342 230 324 21 105 220 290 58 48 267 30 333
103 160 250 75 277 134 232 233 227 229 147 36 61 320 45 49 155 169 162 161
250 104 147 146 48 99 228 29 155 121 98 313 159 126 175 209 73 162 246 40
279 347 144 123 191 160 124 86 334 186 15 237 292 231 92 267 113 241 70 218
196 74 154 299 290 161 80 226 166 74 83 151 314 183 203 324 347 299 163 26
311 62 202 328 199 237 33 301 178 296 308 305 131 192 8 42 161 313 345 182
180 256 267 288 198 317 198 179 240 69 125 195 343 264 97 325 54 297 29 94
216 202 86 143 115 173 33 74 7 246 190 325 188 175 100 266 100 295 286 297
55 121 112 235 192 324 243 119 213 21 239 64 295 222 22 172 189 77 186 332
89 335 163 330 39 333 302 49 264 230 337 101 120 188 327 212 200 65 80 159
149 292 224 341 244 124 116 154 212 105 339 319 146 262 190 103 258 234 116 325
14 115 52 342 36 19 34 255 93 204 171 323 160 335 8 237 48 276 98 99
96 74 226 116 127 186 102 126 192 234 83 197 311 231 41 316 161 159 252 10
215 181 245 55 113 190 36 257 20 27 197 246 218 255 145 272 95 14 76 139
255 140 294 244 88 216 121 69 324 224 58 330 246 53 131 344 201 167 345 330
263 36 188 255 185 117 214 209 241 210 312 283 103 204 212 114 123 345 210 194
264 295 161 118 299 8 109 112 333 237 18 99 343 333 96 252 135 272 58 231
307 199 224 102 293 93 187 98 347 271 259 186 66 264 301 119 336 121 155 263
151 111 143 311 81 6 6 227 37 216 202 55 295 96 78 58 128 247 260 70
255 284 248 320 156 198 152 18 198 226 315 302 230 28 248 91 256 88 167 256
263 223 329 19 204 159 276 139 250 266 266 139 213 241 300 310 313 147 179 287
97 338 235 195 305 61 336 279 265 266 216 38 283 165 55 172 282 253 138 127
275 240 322 108 301 144 26 156 278 192 258 206 37 56 99 39 149 98 236 139
182 37 24 216 87 154 81 120 185 203 149 333 336 341 156 337 311 159 10 205
214 5 256 49 346 127 277 100 95 294 240 319 262 174 208 64 136 331 285 209
183 83 206 91 252 144 112 47 97 304 206 182 50 95 203 48 207 12 206 208
143 274 116 335 148 185 294 67 344 231 286 16 328 92 317 17 40 212 170 23
200 183 125 214 205 279 211 221 327 307 51 227 288 54 183 71 25 147 33 193
111 188 90 347 325 129 342 101 161 205 222 130 150 331 161 137 68 187 104 156
302 226 30 54 87 203 343 148 34 14 24 173 46 274 252 244 296 243 93 287
127 108 256 194 175 198 210 293 152 153 241 8 57 311 61 179 170 230 50 128
118 275 291 7 287 127 62 8 48 298 319 30 49 265 209 190 9 254 22 264
10000000 10000000 10000000 10000000 10000000 10000000 10000000 10000000 10000000 10000000 10000000 10000000 10000000 10000000 10000000 10000000 10000000 10000000 10000000 10000000
250 256 118 144 303 40 8 120 154 12 150 310 147 339 103 81 204 153 313 211
194 120 226 12 205 8 144 313 113 79 174 311 120 52 87 53 157 128 51 151
230 66 326 139 26 10 184 251 143 291 59 210 338 66 192 118 283 247 332 171
80 199 275 283 179 311 247 177 144 67 219 232 83 111 249 97 65 258 64 215
75 65 300 342 29 70 297 17 41 185 136 110 71 293 199 9 323 194 345 209
182 218 323 35 282 34 308 123 22 174 47 215 310 216 273 261 7 330 328 117
235 38 186 7 293 60 296 8 226 209 258 66 174 86 302 289 135 191 222 290
5 62 47 176 48 239 133 276 207 20 188 330 316 309 24 81 106 160 328 323
311 100 120 346 238 25 65 123 160 22 92 170 178 277 111 53 5 121 107 216
325 35 294 105 150 226 186 345 115 113 256 32 276 186 215 122 245 37 38 56
331 293 269 7 246 85 224 63 256 123 278 231 242 172 102 123 48 343 189 245
84 33 154 31 343 346 270 341 222 90 309 213 61 169 28 195 312 267 115 72
80 179 134 74 47 166 314 209 114 183 186 282 198 130 25 84 329 254 252 158
302 196 301 277 303 158 30 329 137 26 326 302 48 75 226 114 117 184 229 145
39 140 168 57 325 91 307 318 289 329 67 268 227 311 194 233 266 158 40 336
116 103 40 209 319 236 17 321 341 15 288 216 257 29 292 52 230 332 8 33
117 207 136 225 304 166 182 152 54 280 126 137 306 210 286 63 87 230 140 215
43 273 308 12 247 130 323 231 320 337 183 138 245 285 134 13 214 209 11 136
119 301 344 340 45 199 281 222 84 275 153 263 129 260 304 94 150 343 178 18
46 87 132 304 345 193 39 319 29 34 320 284 6 113 201 261 75 45 85 116
117 36 188 261 281 181 162 301 159 250 130 289 284 336 267 138 105 343 86 131
296 197 15 338 172 163 342 46 202 134 170 260 152 106 105 90 290 328 173 96
105 328 121 291 8 11 225 237 238 146 10 113 173 58 306 158 285 261 268 171
194 181 210 283 239 329 10 98 141 207 343 127 298 182 331 295 101 65 81 142
253 325 301 264 127 234 302 242 221 117 67 236 295 41 314 36 150 137 290 156
66 54 68 296 123 226 252 70 304 285 38 307 321 177 306 300 133 270 259 163
218 57 99 82 290 36 210 107 89 55 302 345 111 113 125 153 337 213 17 226
12 318 228 42 216 33 262 330 220 224 323 196 203 94 149 136 72 26 102 153
229 180 228 223 37 98 209 149 337 58 250 302 16 279 9 110 62 216 233 163
262 12 294 80 270 275 147 270 299 229 65 18 250 80 224 17 288 117 177 52
230 245 321 45 281 177 40 198 313 217 181 230 255 157 309 87 273 143 295 70
241 7 271 346 106 73 278 96 263 78 313 65 185 278 270 299 117 48 36 125
122 341 5 306 231 10 145 100 283 198 343 5 143 216 11 105 274 336 118 138
193 158 52 268 331 174 163 306 17 21 54 237 49 201 220 196 262 264 155 45
221 315 42 17 21 214 18 100 141 122 23 18 72 169 97 222 33 147 319 64
201 35 275 25 347 120 282 157 213 183 69 288 337 169 87 92 157 168 236 258
288 77 72 183 226 191 166 236 67 180 225 291 279 50 54 299 316 58 59 109
215 223 336 234 183 257 125 192 247 152 235 197 52 321 52 294 244 210 62 221
270 113 26 207 207 6 300 18 81 260 343 191 204 81 171 263 245 30 183 15
50 144 198 279 178 218 302 240 285 340 15 57 295 232 51 114 41 66 16 102
159 341 98 171 293 233 27 210 275 129 75 80 253 244 283 320 33 92 270 252
141 288 155 302 93 272 71 258 27 127 67 151 213 14 142 238 294 218 14 125
212 337 146 259 301 63 159 74 97 53 204 283 237 267 306 233 25 67 98 276
93 51 329 272 300 209 180 332 183 59 218 20 308 89 272 216 222 305 88 188
240 174 233 18 34 235 270 161 275 91 25 285 257 168 136 32 76 163 342 294
161 203 122 162 237 84 184 307 242 310 192 83 208 80 108 145 12 189 12 288
331 167 30 42 324 104 126 22 222 221 345 32 223 243 73 52 311 75 233 138
188 346 244 264 54 185 35 230 185 284 176 167 334 74 337 11 11 229 84 277
267 331 75 232 287 187 228 88 37 131 82 321 328 146 87 198 320 306 69 97
37 193 137 102 320 113 305 345 265 131 19 105 102 10 27 32 17 187 140 240
285 316 337 15 15 190 341 103 44 84 230 235 276 187 205 176 195 14 301 116
106 288 30 125 116 315 27 143 53 147 227 205 220 99 159 5 329 135 89 236
179 7 310 179 45 225 236 93 311 99 214 60 207 243 315 245 216 170 26 204
207 60 163 316 214 136 33 239 14 284 72 79 79 226 82 137 21 111 62 284
334 119 127 133 113 23 315 197 302 346 226 299 240 210 288 54 262 231 261 196
17 231 122 6 302 199 140 144 69 158 276 340 117 338 218 205 285 153 239 54
245 325 323 333 56 305 39 265 142 280 62 54 269 96 184 216 276 243 339 51
75 41 211 244 325 102 300 91 12 283 23 136 61 106 261 234 208 110 83 302
19 249 220 44 153 330 135 135 205 88 74 192 305 71 44 32 249 90 54 246
184 260 77 223 314 16 327 181 30 325 56 232 281 216 193 319 72 180 57 224
277 54 259 108 123 159 262 75 141 300 162 33 15 129 289 15 280 304 69 221
114 185 268 65 329 189 91 18 278 260 89 42 22 256 89 201 21 190 49 39
161 153 101 90 221 154 183 181 86 138 296 167 315 196 33 20 258 204 165 185
8 84 47 323 318 236 34 251 95 275 247 30 42 103 264 255 43 48 38 201
10000000 10000000 10000000 10000000 10000000 10000000 10000000 10000000 10000000 10000000 10000000 10000000 10000000 10000000 10000000 10000000 10000000 10000000 10000000 10000000
109 131 95 21 35 20 97 167 21 234 320 87 21 17 250 116 162 34 14 242
262 6 200 263 62 211 90 287 79 237 251 214 195 287 219 56 222 210 162 160
181 11 56 28 347 73 288 217 107 155 272 215 216 68 20 342 28 99 13 177
153 277 48 245 110 339 186 158 80 219 293 176 99 23 124 63 162 210 223 26
76 241 331 338 344 286 96 260 267 75 200 122 306 265 158 174 296 42 87 132
136 82 160 345 32 102 151 279 47 296 337 48 124 134 58 138 204 73 262 96
62 81 159 221 92 132 322 76 211 227 72 90 209 35 13 130 111 116 147 332
307 103 265 118 341 33 91 226 40 295 249 307 277 251 245 323 5 206 165 282
336 185 283 51 202 232 243 187 260 13 198 77 35 314 264 183 73 203 326 33
37 173 113 317 219 34 102 228 143 19 327 181 159 156 246 211 81 106 316 328
25 172 342 291 200 139 14 72 132 200 136 224 155 318 35 151 167 204 176 222
223 32 266 136 67 87 285 282 97 96 66 251 342 52 249 280 323 18 86 58
272 46 22 60 247 210 282 22 79 268 347 305 327 327 140 301 31 79 62 269
166 75 57 24 325 69 216 107 127 319 166 131 301 95 252 258 35 187 272 222
214 340 57 122 184 239 267 28 167 313 7 236 278 243 121 271 280 267 229 120
207 88 246 48 16 286 27 236 322 214 249 326 14 17 196 82 322 154 94 78
304 215 238 216 141 52 5 195 92 111 100 122 179 307 95 254 18 182 20 244
316 328 29 335 132 73 200 37 64 332 192 277 64 155 276 100 172 41 55 190
55 45 321 289 142 281 134 130 57 122 97 242 224 82 254 18 35 137 71 280
279 169 12 97 318 24 156 313 293 209 291 111 303 308 317 145 141 276 35 223
182 217 278 139 279 71 264 38 113 285 225 111 154 347 210 103 183 78 20 216
70 21 289 52 276 172 11 11 245 78 282 239 54 176 193 105 323 345 141 205
123 253 323 305 262 333 58 107 163 240 215 277 187 157 335 158 177 283 89 198
144 108 328 136 325 334 294 278 335 148 51 178 309 61 91 48 134 183 195 14
199 241 94 160 148 313 142 176 336 195 54 220 244 291 192 18 339 138 280 75
216 263 243 93 311 245 344 331 149 284 257 157 151 171 319 112 105 189 60 284
98 253 56 177 82 33 264 57 77 177 17 42 209 154 196 318 279 34 345 19
34 11 156 48 82 69 209 169 111 163 284 247 215 238 303 174 258 284 74 43
118 318 327 121 331 157 256 126 180 319 133 226 315 7 152 63 96 201 264 41
345 65 243 88 208 172 243 141 39 114 136 91 122 208 174 332 242 57 193 77
146 254 294 340 244 97 179 107 144 137 157 319 255 276 61 25 176 204 21 301
98 195 343 205 264 327 253 240 207 45 57 27 207 64 251 264 72 267 200 162
11 69 135 275 99 261 28 280 102 242 317 239 35 99 330 82 191 125 243 207
74 92 331 47 69 240 212 252 155 186 323 313 101 157 158 87 192 315 205 293
139 39 344 6 347 338 20 79 321 125 54 17 325 308 161 117 132 160 172 106
260 134 109 89 145 333 24 165 217 195 308 168 46 221 86 339 78 70 195 32
202 8 146 230 338 175 45 126 290 190 152 203 106 89 123 184 221 177 190 86
101 58 292 278 130 208 172 226 63 277 154 85 110 271 134 70 87 318 109 142
100 335 164 101 106 335 235 82 165 43 207 164 181 236 50 340 179 99 108 321
190 194 72 122 6 135 169 342 75 68 255 18 68 231 249 123 22 121 324 62
191 235 294 136 223 299 255 266 129 126 89 118 252 313 83 125 210 265 63 218
171 253 310 217 145 339 96 54 214 231 259 173 299 124 234 27 328 156 133 162
289 99 213 150 272 280 104 255 239 42 199 279 320 13 347 73 143 154 161 165
337 262 57 325 295 55 312 167 182 213 280 84 301 303 227 323 320 143 106 73
121 42 128 333 232 304 8 82 7 18 21 160 160 332 125 114 122 201 57 214
140 218 100 279 186 268 55 248 306 164 292 44 209 322 14 173 108 333 312 190
83 17 19 162 169 180 114 238 108 243 165 128 235 200 27 248 117 138 45 249
292 218 276 86 58 249 6 187 167 28 342 115 301 49 84 253 152 237 118 221
185 341 12 86 225 40 135 302 213 317 13 220 96 301 281 316 342 255 309 194
93 197 291 20 201 238 192 299 275 344 46 21 314 163 103 42 163 28 18 280
276 190 311 148 146 287 59 342 229 184 172 36 169 112 160 280 331 222 333 178
197 150 143 198 346 208 10 162 153 86 311 10 125 74 323 171 259 247 295 303
237 264 30 98 292 32 297 227 306 245 20 286 123 260 46 93 141 109 153 82
27 126 189 51 192 175 248 151 211 20 275 111 301 55 188 5 207 111 35 218
56 105 50 168 78 174 142 17 54 97 151 75 314 79 99 148 288 70 188 141
212 111 164 307 6 173 275 83 240 109 278 225 78 229 63 138 317 308 147 152
276 8 203 305 219 330 80 65 261 171 288 268 35 252 134 285 187 166 323 98
300 189 282 309 128 292 220 311 305 254 137 194 228 233 311 59 144 169 144 16
224 214 296 287 123 235 316 229 200 291 66 329 269 85 332 82 39 209 227 182
284 299 39 50 82 175 293 190 45 109 26 143 25 19 317 123 332 185 280 12
296 286 127 343 80 148 252 120 212 258 48 38 124 149 276 166 259 270 57 169
83 250 151 121 286 10 214 223 252 280 224 49 81 240 64 179 330 99 105 19
103 279 94 237 159 213 330 181 210 307 152 280 20 163 141 44 168 299 48 13
317 249 6 227 76 85 304 301 342 259 203 228 171 152 341 228 212 75 172 25
10000000 10000000 10000000 10000000 10000000 10000000 10000000 10000000 10000000 10000000 10000000 10000000 10000000 10000000 10000000 10000000 10000000 10000000 10000000 10000000
338 176 301 152 341 257 314 178 5 167 278 341 258 12 221 344 34 245 89 273
244 205 258 201 217 50 334 239 259 270 285 241 233 27 334 308 261 80 305 109
73 165 97 29 31 277 139 341 299 96 18 343 236 82 191 261 74 199 6 221
174 297 86 336 84 73 161 41 119 49 241 157 106 34 167 181 169 186 112 186
298 186 278 197 108 324 334 192 339 342 313 230 30 86 163 144 78 325 230 232
338 144 251 42 89 50 275 140 63 288 170 139 207 272 117 204 147 321 337 111
71 222 81 336 188 244 343 258 5 189 341 214 64 212 49 88 160 293 327 168
266 333 236 35 121 288 276 294 294 234 295 93 320 154 123 75 69 277 306 199
336 245 335 102 160 34 342 236 328 103 199 242 83 252 191 94 155 267 345 167
29 49 153 116 15 205 105 21 143 195 129 228 146 147 136 104 166 112 334 220
71 33 100 118 331 273 128 258 60 39 89 91 29 250 151 293 305 95 220 5
333 306 250 10 156 156 240 205 335 275 175 113 122 203 222 6 79 104 218 268
229 280 282 213 133 298 85 257 234 169 257 265 90 284 278 294 38 268 81 164
228 160 172 263 57 14 289 240 96 311 280 230 220 224 325 55 100 173 105 342
146 297 200 258 133 258 105 303 286 207 95 138 185 316 125 122 23 284 184 203
221 305 326 197 89 270 325 217 45 179 59 248 99 251 188 61 225 309 26 68
321 211 77 171 285 21 117 85 45 5 42 201 117 116 95 244 178 37 27 310
173 219 95 175 113 247 180 14 148 102 144 219 200 128 81 142 244 146 12 214
135 88 262 321 157 65 333 167 65 87 98 289 251 120 276 68 237 52 223 69
66 13 226 331 159 173 104 245 256 290 42 290 79 36 344 297 256 289 136 340
236 328 285 113 131 209 314 49 297 5 66 319 261 143 8 118 202 190 264 273
57 254 96 112 222 59 259 15 298 265 223 65 10 167 139 309 278 292 217 102
296 64 32 27 306 118 110 103 116 227 93 273 252 302 242 249 12 171 309 79
126 52 96 8 323 305 218 14 79 335 113 335 119 11 17 67 192 9 323 142
129 63 14 253 332 347 94 28 10 34 321 343 307 241 293 330 334 213 54 80
231 78 60 193 68 157 268 259 88 9 65 100 136 305 41 189 200 81 151 282
16 272 287 243 174 274 253 170 249 144 169 130 239 20 9 154 73 113 192 335
121 186 89 64 17 332 239 280 270 52 281 106 270 217 27 225 302 241 224 77
58 222 178 36 39 64 319 203 109 110 65 96 86 261 57 296 276 347 164 76
69 319 44 139 53 93 93 333 214 187 95 175 325 66 267 227 13 291 160 324
211 160 267 318 56 146 113 342 283 78 223 131 237 149 284 309 323 199 321 225
63 305 93 168 242 173 183 80 82 8 227 337 278 77 86 179 124 194 185 219
247 238 224 109 327 231 163 51 210 148 272 325 99 152 118 332 340 257 21 144
108 200 310 76 235 278 327 74 249 311 341 42 179 220 112 121 320 293 320 37
333 341 218 51 275 63 35 14 307 212 191 120 62 225 121 323 41 37 323 331
156 271 230 63 16 291 83 55 84 100 286 83 55 67 66 139 317 341 98 61
43 268 250 87 252 321 220 311 330 22 142 95 20 15 252 149 90 303 55 290
20 213 273 205 58 56 153 38 88 175 236 43 329 258 204 149 270 250 152 148
319 152 280 74 79 174 34 186 229 275 188 286 279 70 262 36 61 215 98 243
90 331 281 258 238 100 197 330 112 347 72 71 18 311 90 270 334 312 205 166
122 56 343 34 162 316 187 130 312 225 11 118 331 106 98 98 70 329 63 309
187 48 280 238 304 284 50 140 63 248 143 184 337 187 180 141 149 220 186 307
324 13 258 176 31 126 242 241 132 181 139 180 296 31 301 315 181 37 286 7
240 161 19 147 210 98 260 104 264 33 188 85 275 172 209 237 126 98 13 261
105 155 222 243 171 314 125 119 55 234 30 179 240 297 253 129 39 51 25 343
223 225 57 130 172 164 282 5 175 241 138 198 191 163 67 190 283 23 304 155
129 67 57 14 66 80 325 35 274 60 244 180 255 286 147 211 94 73 77 214
111 305 219 73 296 34 212 143 91 334 115 158 291 38 123 89 23 199 227 241
345 114 298 25 227 308 182 345 175 347 339 68 344 197 317 276 198 325 310 144
239 180 175 23 231 207 71 40 152 197 7 227 153 241 105 303 125 192 246 86
287 323 136 149 132 297 203 178 314 122 193 29 36 311 265 159 275 87 290 168
298 178 325 46 337 288 58 298 229 168 121 284 335 176 256 20 39 340 120 197
13 334 284 115 17 147 166 181 104 94 161 252 121 337 214 225 267 338 123 10
113 199 19 5 199 46 207 314 132 281 332 57 129 47 43 14 233 288 230 344
259 141 291 165 294 315 149 170 322 200 234 286 98 16 112 75 40 192 286 259
75 91 324 76 323 86 43 28 192 17 130 77 244 215 329 103 294 176 179 330
171 140 130 126 58 265 90 251 261 62 329 140 13 6 148 200 117 75 39 17
18 177 170 322 54 16 178 24 97 146 158 180 79 188 30 315 42 242 319 157
30 283 78 16 247 282 47 50 177 13 295 120 208 13 150 53 129 42 167 196
73 23 255 261 265 67 327 254 140 261 179 26 254 267 281 285 335 35 64 87
262 321 67 127 103 212 34 179 53 302 155 217 121 315 18 289 34 157 336 128
259 140 167 223 258 205 329 102 249 175 100 195 168 76 304 75 56 274 30 344
99 223 37 256 18 73 81 282 43 209 87 60 85 132 51 12 315 160 245 186
11 309 201 171 197 272 81 66 20 308 115 234 187 65 214 197 288 229 136 298
10000000 10000000 10000000 10000000 10000000 10000000 10000000 10000000 10000000 10000000 10000000 10000000 10000000 10000000 10000000 10000000 10000000 10000000 10000000 10000000
122 339 237 56 101 85 281 316 242 153 296 173 146 306 143 68 301 292 144 322
295 311 290 242 235 130 132 160 300 63 59 251 195 70 120 221 115 164 307 15
43 7 132 42 291 188 231 76 31 233 235 203 232 167 63 11 63 341 138 274
112 345 331 12 194 250 142 148 280 171 189 260 204 9 309 184 236 174 306 103
344 82 183 85 141 317 47 34 176 204 293 39 325 102 269 309 322 191 210 241
335 161 259 78 283 139 335 150 18 96 235 13 103 273 184 231 81 284 218 135
87 310 100 286 124 21 318 14 331 73 104 231 192 302 82 330 102 224 70 281
265 6 102 220 40 162 307 36 52 331 143 93 90 212 303 149 219 169 339 109
258 126 137 32 229 175 148 271 89 39 51 20 242 215 61 63 157 329 341 327
332 8 323 5 114 158 287 190 300 296 185 92 303 160 206 67 257 21 192 136
243 134 103 92 29 235 185 63 324 34 279 149 195 176 95 122 337 151 147 227
275 75 25 234 199 16 249 256 334 61 21 18 94 341 51 144 43 88 219 124
275 259 67 194 37 52 30 241 302 212 230 311 83 260 337 317 190 247 297 133
228 171 203 111 269 102 324 207 314 62 43 249 324 118 307 177 257 84 170 33
208 65 331 308 210 277 191 246 150 260 49 289 240 169 307 341 250 64 89 103
189 73 108 202 295 311 8 171 81 154 83 49 131 222 298 162 37 211 74 249
242 224 53 301 307 104 273 178 50 242 32 342 288 157 149 256 164 5 241 119
283 126 338 303 342 340 246 329 70 299 96 305 319 62 89 285 214 9 12 342
193 29 240 286 326 344 98 186 63 28 189 123 135 180 179 308 114 222 191 144
274 66 44 286 32 46 274 98 27 215 243 272 291 175 109 202 12 19 264 177
285 278 338 65 199 260 120 211 232 224 282 33 171 170 256 347 34 165 208 276
47 67 128 80 329 62 113 97 271 6 337 294 148 321 147 147 126 72 330 243
11 228 258 226 96 252 334 70 10 157 294 300 187 214 246 294 345 65 177 224
180 59 269 21 231 101 285 50 327 87 141 144 269 198 328 27 122 229 52 256
264 196 187 232 123 151 313 97 339 324 119 266 338 134 52 58 63 197 206 197
98 129 12 196 161 136 275 171 126 270 325 23 178 324 78 163 212 16 57 139
8 312 77 39 59 273 20 69 288 206 43 177 82 202 17 112 115 166 201 281
63 143 316 67 160 19 295 156 232 310 163 37 271 271 316 126 41 164 283 23
342 298 313 271 178 185 268 224 213 38 59 307 8 87 308 210 238 180 182 230
237 91 35 152 273 23 51 11 216 334 115 110 62 229 215 48 131 216 187 291
216 70 94 265 33 128 80 118 56 237 61 156 295 253 62 319 203 50 92 324
240 329 185 131 5 60 11 333 63 158 114 19 165 199 219 194 96 113 229 142
305 295 53 67 314 347 25 95 126 243 142 19 32 300 338 55 153 293 223 84
291 184 214 175 342 81 222 345 224 334 143 166 46 37 265 107 332 106 71 14
69 198 147 31 333 92 100 94 346 32 176 290 168 270 231 82 148 26 156 31
277 147 298 168 60 185 68 266 246 164 51 274 221 208 101 246 146 7 216 306
290 56 26 257 90 312 42 151 221 66 238 123 207 162 5 149 80 252 130 155
181 127 47 215 48 49 62 130 339 229 199 331 259 331 289 36 160 164 140 331
136 300 56 51 250 70 124 343 49 105 173 237 233 94 304 334 227 164 24 285
317 256 191 251 161 238 56 160 180 98 45 248 53 157 130 60 342 168 201 13
95 197 245 331 62 124 234 280 199 283 202 60 279 161 19 183 88 229 120 84
346 189 216 209 245 96 344 73 21 210 312 202 174 71 246 288 202 47 152 299
212 9 163 34 303 173 159 199 121 25 200 23 324 54 161 247 18 141 217 195
48 185 231 85 156 101 342 89 250 258 44 210 160 261 182 208 85 91 172 264
34 313 273 39 320 97 280 130 15 92 54 90 77 112 31 123 339 62 205 36
31 294 13 206 138 258 328 67 34 227 64 184 168 326 205 6 284 168 181 205
105 314 297 201 79 128 278 52 274 7 87 213 281 75 157 337 166 188 232 125
143 248 137 153 306 344 160 181 136 248 123 99 30 295 250 131 109 67 284 197
249 182 298 102 243 19 314 279 225 81 327 59 264 263 32 8 111 192 316 8
233 141 122 69 197 86 16 237 207 158 80 96 75 213 345 100 119 266 43 220
205 96 159 322 302 154 137 67 199 160 264 259 245 48 97 123 281 229 309 165
125 53 48 136 125 231 38 45 98 199 70 183 151 95 327 87 7 160 263 345
163 77 231 120 141 7 62 42 30 53 20 157 121 138 242 331 225 62 47 185
152 223 194 231 208 293 249 54 155 101 156 185 156 107 185 305 142 79 177 224
234 197 274 303 263 334 133 242 174 240 139 139 326 303 193 62 333 6 70 16
257 128 164 201 208 88 240 333 208 147 21 341 18 115 284 44 208 282 159 116
105 49 115 347 82 5 211 170 109 183 14 312 14 195 99 216 65 119 283 260
51 283 192 183 183 133 171 277 92 219 248 6 180 272 132 329 206 14 197 35
247 12 338 258 322 88 74 160 144 275 272 260 326 79 276 235 324 297 205 345
274 38 78 253 328 197 104 197 103 181 340 172 262 164 165 46 252 48 298 59
245 223 339 162 25 208 134 32 194 149 96 75 205 51 101 33 139 259 140 312
310 316 121 254 203 123 124 64 220 192 266 282 88 186 112 43 258 58 80 59
301 132 122 190 88 299 228 45 68 239 283 167 163 69 40 35 345 167 161 251
84 185 121 336 160 134 337 178 24 333 185 87 304 286 12 235 289 59 35 103
10000000 10000000 10000000 10000000 10000000 10000000 10000000 10000000 10000000 10000000 10000000 10000000 10000000 10000000 10000000 10000000 10000000 10000000 10000000 10000000
235 310 130 93 102 145 220 316 25 82 127 104 147 258 268 48 81 332 249 204
25 282 257 176 162 39 247 297 262 117 256 8 190 266 11 286 210 73 315 66
322 234 62 191 199 142 87 102 327 289 309 142 188 105 238 327 206 310 343 70
25 16 338 200 197 67 206 167 125 315 116 5 89 103 67 23 96 194 34 14
171 77 106 127 202 266 345 114 346 257 283 235 224 26 248 156 91 120 295 122
65 106 153 117 128 36 133 161 211 276 333 167 190 112 270 287 112 88 259 148
50 26 141 52 95 150 75 343 19 241 146 155 34 233 225 249 321 172 118 299
37 225 106 287 50 198 54 161 19 222 205 272 113 296 42 107 294 118 327 241
195 175 150 127 206 195 250 195 34 114 18 197 144 100 209 129 205 288 157 128
104 141 235 332 298 215 112 12 286 72 337 54 308 37 7 313 7 209 47 130
128 301 313 170 206 108 294 203 71 310 172 237 219 78 167 28 81 254 125 98
323 117 140 85 93 226 164 233 333 236 140 304 316 87 246 229 306 216 163 312
305 342 37 196 306 138 283 288 302 152 97 316 40 26 247 266 264 94 219 317
79 74 60 158 28 175 63 17 7 188 199 294 261 325 282 24 56 38 90 342
168 165 31 263 60 276 328 294 92 175 78 240 11 237 201 91 285 209 297 115
15 9 210 118 263 23 223 331 189 325 111 311 9 276 133 308 40 63 12 106
103 92 48 14 233 153 183 270 258 242 19 224 180 166 176 23 178 142 21 229
11 154 175 325 256 98 19 287 252 140 128 251 106 44 332 263 54 38 219 314
223 71 262 155 193 78 232 182 87 97 216 256 50 169 249 227 287 28 92 81
188 191 99 23 164 206 36 209 47 300 57 138 94 340 184 300 129 25 126 22
275 33 220 276 9 9 291 131 54 244 201 266 201 218 100 117 170 17 347 108
125 31 9 153 336 273 223 271 221 212 19 344 296 107 146 102 346 116 129 260
303 181 260 74 289 111 89 211 122 296 122 232 29 97 99 117 205 21 303 198
333 49 322 155 111 87 327 56 257 31 140 164 33 48 218 285 339 284 74 128
34 233 260 341 124 8 89 322 20 182 169 127 282 318 219 205 162 197 182 176
247 129 278 298 64 237 121 82 281 139 208 108 343 346 109 226 244 318 278 52
296 105 105 278 187 118 37 97 175 245 247 269 290 302 340 31 115 32 220 319
328 128 339 73 55 83 141 51 178 8 293 115 161 343 10 239 169 197 219 197
129 130 181 18 289 328 92 285 205 137 17 252 116 244 341 157 9 264 218 181
38 187 308 267 236 243 343 281 102 13 69 329 265 226 258 225 268 236 45 126
242 345 342 169 271 19 275 206 248 153 102 140 225 223 50 49 124 146 277 197
246 162 148 346 321 256 279 182 232 156 76 277 319 64 193 260 233 7 164 104
22 158 85 121 280 207 238 119 103 77 58 308 238 69 206 168 300 84 164 48
76 77 93 167 128 241 287 44 260 12 299 343 93 84 111 283 124 128 48 36
45 320 144 148 56 301 307 245 223 138 229 323 82 57 33 210 212 56 213 152
105 172 52 250 95 128 261 159 300 150 321 60 10 80 16 88 74 6 72 340
94 287 190 100 202 319 94 109 284 222 186 77 94 201 169 159 44 267 115 209
78 20 324 333 230 142 300 89 168 317 40 216 233 99 78 162 120 42 342 42
62 242 43 84 24 215 195 235 53 192 70 304 65 263 150 155 152 210 240 221
281 251 262 201 39 342 325 277 133 273 150 176 253 76 236 198 346 110 271 116
42 141 307 112 230 27 277 200 312 152 154 216 194 298 218 113 222 184 270 139
283 114 147 86 79 310 292 148 179 39 58 259 216 127 319 108 294 159 135 243
260 86 302 93 208 30 240 207 127 33 78 114 103 317 96 137 243 174 47 267
86 284 253 252 222 134 261 345 307 328 8 86 218 126 43 129 55 330 328 176
226 105 188 64 264 222 337 9 151 159 260 346 69 223 251 316 321 329 342 65
234 69 187 191 181 256 145 94 98 114 298 90 318 238 188 30 336 187 268 182
74 62 35 244 272 216 187 182 158 260 32 189 270 113 302 99 281 50 346 232
202 264 128 22 112 6 17 290 191 203 81 265 271 290 75 97 144 161 126 29
255 145 52 292 68 269 286 284 231 132 193 330 219 28 192 32 220 262 312 327
267 38 37 284 268 337 30 134 335 260 173 243 290 335 150 321 279 252 49 335
99 185 93 268 138 292 169 193 86 135 161 129 76 220 282 255 343 311 134 39
250 296 209 53 280 125 262 196 67 347 127 290 50 170 291 28 31 282 304 73
231 219 192 181 190 60 267 15 99 58 159 319 295 295 151 238 91 99 122 120
108 319 155 216 325 31 228 110 174 152 89 63 326 340 280 59 270 94 211 5
251 251 129 32 43 19 53 239 249 151 142 172 139 29 184 265 264 109 231 192
288 78 252 342 316 336 153 202 303 111 70 67 219 300 285 289 155 268 288 115
96 121 43 100 198 232 38 310 133 20 340 234 188 37 217 149 207 78 93 19
47 325 136 146 252 35 124 300 169 266 292 171 325 79 96 158 335 300 221 38
206 49 248 281 191 23 19 252 256 116 71 241 252 47 329 41 169 34 75 318
195 200 343 344 222 306 340 224 98 50 163 59 208 326 93 255 280 200 15 115
200 13 310 331 272 149 62 167 156 132 332 115 162 279 32 269 266 241 93 212
184 24 211 38 77 292 136 39 53 239 134 226 290 327 63 322 221 70 187 245
133 198 205 179 86 61 207 318 8 312 263 109 19 48 134 79 140 287 181 34
61 131 223 92 103 224 47 312 17 329 309 64 7 314 320 114 167 106 232 120
10000000 10000000 10000000 10000000 10000000 10000000 10000000 10000000 10000000 10000000 10000000 10000000 10000000 10000000 10000000 10000000 10000000 10000000 10000000 10000000
190 333 226 304 279 298 242 325 330 177 36 158 192 324 137 190 178 345 227 96
159 190 223 16 82 146 125 188 336 223 170 84 175 298 19 70 334 60 39 320
321 21 123 227 65 22 328 163 250 133 111 265 120 293 236 258 96 34 233 7
228 180 10 276 212 137 244 58 263 273 108 82 16 328 142 333 130 67 160 37
271 159 225 16 61 91 17 145 294 149 319 212 301 319 257 235 7 132 268 23
295 120 68 129 267 237 164 282 79 193 225 211 320 340 200 70 103 219 297 327
200 211 95 340 37 251 108 311 171 65 132 49 163 206 267 342 189 45 40 319
313 198 91 200 162 302 232 141 258 181 326 283 144 17 271 314 54 199 92 341
61 320 61 293 344 245 65 14 334 283 14 135 285 53 325 58 35 326 70 134
272 144 104 86 143 135 33 197 123 14 258 73 60 143 106 186 131 30 181 336
243 296 126 7 221 66 167 91 133 250 182 312 164 226 41 261 238 173 270 277
106 165 263 82 179 139 157 329 210 30 69 96 51 232 91 221 6 254 304 267
145 270 101 326 212 255 186 51 102 34 306 121 231 151 220 283 211 336 345 297
251 37 172 225 24 21 110 6 218 74 209 142 321 6 235 38 254 289 192 331
202 309 45 290 311 302 226 164 19 218 90 248 331 31 235 280 331 300 91 305
222 258 94 143 178 299 288 92 95 221 323 11 46 346 197 130 46 155 89 307
312 160 187 268 64 283 273 168 87 305 11 138 179 84 263 325 119 33 316 269
133 207 91 48 274 159 112 70 329 76 272 80 63 192 299 176 108 284 33 14
222 200 97 48 328 194 238 28 76 267 260 111 330 68 121 272 170 109 303 82
256 6 95 161 170 16 299 87 300 236 145 70 189 111 139 220 189 253 263 102
238 133 264 75 299 49 165 86 72 124 346 334 270 161 19 44 280 287 150 281
63 80 296 261 182 254 95 303 283 278 176 59 344 327 270 239 264 102 226 262
26 243 259 179 284 228 130 39 267 30 159 212 201 28 344 70 246 277 44 243
76 272 216 54 99 176 231 232 72 179 37 17 34 158 232 285 202 295 219 270
72 328 78 120 183 85 324 117 39 166 163 339 309 169 139 245 261 281 156 256
206 244 185 50 282 83 108 334 7 150 52 103 223 11 54 243 145 187 261 90
273 18 338 42 156 61 224 25 294 80 141 75 86 77 189 21 342 269 115 175
156 201 131 162 63 224 13 75 155 40 215 333 344 168 130 238 152 56 252 344
237 10 225 203 255 259 193 184 150 319 187 209 345 53 117 243 268 28 120 201
301 34 328 187 291 53 201 321 232 179 213 321 300 176 115 256 88 296 71 269
176 297 222 134 226 140 187 347 40 102 252 174 199 272 60 139 187 33 281 297
268 161 104 299 299 180 246 107 261 268 214 202 69 275 322 147 36 224 57 57
233 130 240 97 91 40 6 162 312 169 105 158 105 178 333 171 51 143 190 244
346 5 34 194 108 139 128 139 150 142 322 59 33 51 45 282 194 124 266 108
232 101 241 339 107 334 101 293 28 301 20 126 180 166 246 213 209 151 212 43
142 104 37 244 147 297 165 309 197 99 81 161 341 302 138 160 12 176 300 237
140 249 293 166 249 146 289 300 309 321 176 285 82 128 224 133 6 126 109 143
78 77 78 305 206 254 253 156 201 231 83 270 122 193 262 163 256 77 300 346
82 227 93 115 239 134 73 20 149 266 330 118 339 198 103 332 242 22 53 127
5 328 175 225 266 25 97 211 73 66 80 149 71 342 306 225 329 88 344 147
220 88 330 161 159 60 163 311 45 13 121 170 173 90 187 233 76 285 138 183
234 82 7 275 268 262 306 304 248 242 340 219 41 234 115 302 40 275 48 105
91 159 167 310 175 226 74 204 58 288 311 56 241 315 19 313 128 24 89 272
184 154 279 99 179 136 286 198 207 74 248 281 54 101 113 304 299 95 72 333
198 56 46 74 152 210 168 216 162 33 151 18 55 26 208 279 104 289 227 323
307 205 216 242 249 327 35 13 139 235 39 265 83 161 228 90 326 303 114 285
222 303 152 265 332 62 308 124 44 260 39 211 272 158 50 196 43 15 135 285
27 247 153 176 169 103 239 60 18 96 85 170 28 268 113 205 281 343 147 288
76 24 31 214 33 135 259 298 46 61 198 223 107 287 323 188 21 172 342 159
63 42 300 272 241 108 77 325 265 332 276 157 239 346 243 227 189 234 9 282
132 192 277 159 91 304 39 133 286 343 299 262 36 293 337 90 170 25 96 227
288 277 76 334 79 274 266 255 182 331 339 39 336 24 159 97 305 48 127 276
246 70 89 45 98 131 70 232 21 177 200 315 171 346 21 256 259 346 50 289
279 289 226 114 141 31 90 101 100 298 190 282 84 291 224 339 63 46 85 204
297 186 37 29 116 345 117 122 207 58 52 310 64 262 134 8 295 17 211 94
83 299 329 274 264 282 125 324 245 57 231 140 17 173 320 269 186 345 133 98
270 216 75 290 14 55 26 249 76 147 27 79 285 119 122 117 221 159 162 321
160 230 267 128 55 91 47 203 164 36 126 321 151 38 109 31 10 66 287 303
265 71 208 234 166 224 331 268 98 309 211 190 302 121 10 90 208 316 87 249
310 71 239 179 219 92 154 292 41 233 269 200 337 235 73 328 23 341 227 246
288 264 86 85 272 162 58 11 57 323 263 190 316 72 312 254 68 203 189 45
169 6 74 280 250 68 249 79 163 162 96 79 235 245 221 291 270 185 178 244
310 90 281 329 42 182 156 159 206 186 331 29 146 310 86 139 76 295 148 87
103 346 152 313 39 113 336 145 5 322 90 56 6 7 222 174 107 177 80 170
10000000 10000000 10000000 10000000 10000000 10000000 10000000 10000000 10000000 10000000 10000000 10000000 10000000 10000000 10000000 10000000 10000000 10000000 10000000 10000000
216 183 332 170 239 299 323 206 197 65 94 97 87 330 28 187 207 305 211 57
248 166 183 58 67 266 295 264 321 77 201 256 37 332 97 257 244 197 53 315
142 262 10 171 275 345 302 336 312 298 234 116 235 294 136 227 299 45 245 34
97 54 51 303 202 159 338 71 142 296 191 239 330 324 43 347 164 83 76 105
347 135 50 106 97 75 19 169 278 167 251 45 331 58 195 217 335 249 109 185
259 235 82 51 212 170 5 105 115 172 341 334 51 134 29 97 26 23 29 220
264 7 321 301 127 44 302 76 206 223 125 276 149 217 329 252 260 230 160 32
48 336 95 112 282 284 304 21 95 96 329 131 73 193 324 271 292 74 240 208
253 101 79 319 147 210 31 152 104 222 212 137 342 141 330 212 235 123 38 15
258 175 164 262 47 338 8 143 258 48 89 318 16 290 257 224 238 121 285 148
115 99 21 209 256 28 122 108 182 181 5 117 266 304 224 181 160 117 200 192
98 338 239 336 308 148 202 46 120 171 127 5 219 254 305 265 105 305 148 203
280 149 45 35 174 19 25 63 209 210 202 148 194 125 307 329 262 135 187 79
278 325 194 273 245 55 20 195 343 343 22 307 165 164 247 27 347 49 215 279
57 202 194 308 167 178 223 142 191 183 25 298 225 188 342 305 253 330 203 227
243 133 283 208 304 190 196 170 191 70 330 225 188 241 74 258 14 298 310 317
217 44 301 211 347 179 35 121 253 174 211 342 209 26 196 164 78 283 133 337
81 137 117 311 282 272 250 91 230 302 316 145 55 134 317 46 329 274 286 51
26 269 83 64 250 242 168 300 244 268 247 10 212 221 236 23 47 56 347 327
270 132 189 88 92 311 313 343 165 42 43 62 117 230 276 37 172 325 37 116
310 190 256 164 228 332 225 320 172 259 297 156 338 46 135 293 303 186 87 117
156 233 301 94 83 323 191 200 113 272 59 24 210 109 72 32 345 57 84 241
191 201 340 18 24 131 210 258 127 315 71 224 285 156 89 297 49 231 80 307
306 119 60 175 66 99 20 57 336 279 93 130 152 312 297 51 81 220 330 147
246 132 304 90 167 24 312 13 140 287 148 279 153 124 251 296 115 138 98 246
44 266 180 268 186 325 294 56 154 342 284 164 82 318 26 291 50 333 286 204
262 260 164 201 10 59 263 183 108 285 9 35 91 243 251 241 342 186 248 347
234 142 247 191 147 50 117 280 125 124 293 326 288 140 305 72 300 339 257 89
182 39 311 298 47 270 102 154 213 230 346 177 308 204 310 170 294 138 46 206
201 145 264 73 175 227 303 131 51 334 41 214 222 332 53 159 109 138 247 89
28 200 337 213 97 215 35 39 214 144 269 308 319 280 17 285 313 210 189 344
6 38 218 67 95 50 5 39 281 81 73 78 55 39 55 247 54 230 178 224
12 101 272 21 159 179 291 199 60 220 58 293 164 317 238 114 228 68 39 89
68 82 202 312 131 6 258 204 12 80 138 236 303 300 13 313 270 146 307 273
189 224 7 294 320 61 8 175 112 321 328 28 264 122 265 8 147 174 279 118
208 83 290 308 93 316 76 87 322 48 109 216 219 8 310 189 244 252 45 216
13 28 24 18 143 333 321 196 343 225 57 35 23 119 248 176 263 33 201 87
335 242 84 17 262 172 269 148 293 65 240 60 255 49 174 306 212 76 239 332
316 205 248 308 13 139 227 62 175 188 141 134 164 239 264 148 28 120 87 298
219 193 90 35 8 148 71 334 145 161 310 256 152 206 263 109 11 157 77 204
33 322 106 219 8 77 16 314 302 68 93 331 316 38 21 175 38 297 57 172
260 134 113 168 332 205 236 62 284 245 263 260 241 346 150 292 161 225 313 52
320 167 325 82 13 111 227 268 183 85 292 104 341 260 329 140 103 32 207 257
91 111 310 130 83 68 123 88 205 225 104 79 307 281 124 41 301 132 41 338
151 28 267 160 119 143 85 118 33 158 246 153 38 248 185 293 95 273 257 261
203 121 329 140 223 281 20 67 27 29 259 316 97 89 334 293 157 223 337 15
218 109 117 204 26 291 303 66 136 215 5 133 334 256 273 243 265 67 6 278
96 194 307 195 108 16 89 13 55 147 90 190 142 305 219 100 49 219 269 127
46 221 290 249 132 19 131 188 329 23 67 292 212 320 344 53 178 45 272 338
72 198 223 187 46 157 30 36 113 85 327 306 122 185 293 166 64 184 222 20
157 7 220 232 266 116 247 188 50 306 314 30 146 314 266 292 143 230 290 94
173 135 141 166 239 218 334 77 9 19 305 167 340 245 142 104 238 267 194 262
111 321 34 43 75 40 116 233 204 307 148 196 240 78 321 264 150 266 75 55
53 179 264 80 82 331 141 188 21 200 304 226 324 166 145 322 84 273 139 194
143 323 278 323 59 238 55 136 56 258 162 130 243 170 248 120 232 17 187 160
266 328 210 137 47 163 314 42 232 261 75 37 133 255 279 199 118 321 234 242
142 260 138 321 252 187 92 312 165 166 166 71 257 272 119 80 303 65 343 212
87 125 18 312 272 89 190 92 111 282 102 212 12 135 165 42 136 241 129 91
107 195 179 55 333 48 72 133 79 9 91 294 341 127 137 283 151 161 265 339
265 22 156 316 38 345 130 35 206 255 301 109 304 258 214 56 275 7 135 240
95 341 207 220 47 215 146 140 72 336 22 238 232 329 129 334 67 220 345 206
43 293 61 192 90 95 329 112 238 94 148 205 176 67 340 273 321 51 197 132
20 304 52 198 98 321 244 120 10 226 221 21 130 181 305 170 85 107 124 215
202 202 49 228 172 150 186 300 173 253 227 112 27 323 133 311 288 331 98 109
10000000 10000000 10000000 10000000 10000000 10000000 10000000 10000000 10000000 10000000 10000000 10000000 10000000 10000000 10000000 10000000 10000000 10000000 10000000 10000000
265 345 295 332 63 233 219 344 235 266 198 299 151 95 105 277 57 151 65 305
335 170 93 229 134 294 316 68 13 114 28 121 210 51 342 146 154 235 278 188
239 273 330 37 75 175 110 303 64 87 81 167 126 217 296 144 109 341 138 329
219 126 150 316 136 49 103 270 14 344 42 64 270 186 210 11 271 130 227 11
324 173 174 331 347 63 201 12 328 123 296 300 239 338 285 322 124 295 268 121
115 215 239 306 48 254 293 140 223 168 148 328 273 121 267 343 129 136 289 86
224 238 294 268 153 189 304 261 135 126 58 230 341 57 290 26 5 25 136 339
104 301 176 163 104 216 298 71 62 307 329 245 192 282 84 140 185 88 327 301
85 44 332 196 344 201 137 214 88 214 27 171 191 289 225 109 136 149 147 281
117 13 316 152 309 203 44 178 76 275 33 231 89 132 275 173 150 82 124 220
100 199 102 331 303 135 329 145 326 193 81 290 15 197 16 321 146 60 127 158
108 5 130 61 140 196 106 33 21 275 293 157 254 11 288 42 270 108 233 145
86 267 272 238 248 174 64 295 98 165 119 27 116 115 219 145 338 20 111 189
142 322 291 222 74 166 77 156 132 142 74 330 90 159 156 46 192 102 341 300
75 85 43 295 192 211 342 137 225 323 102 96 38 298 338 268 66 88 240 60
36 309 25 139 111 117 56 290 295 144 155 83 264 162 6 53 132 23 26 26
277 101 55 54 247 76 281 191 87 276 48 293 256 242 299 248 339 171 248 212
268 8 124 111 332 159 338 192 339 258 246 175 192 105 5 304 192 207 246 325
8 225 270 34 204 299 317 35 316 324 159 301 84 297 293 150 289 173 211 86
307 234 88 238 45 170 35 189 202 196 145 29 131 269 182 97 207 290 300 76
314 297 251 62 286 326 7 195 280 314 292 129 291 328 220 164 29 82 48 77
280 148 72 25 118 278 24 260 187 159 128 136 61 203 24 327 119 222 156 47
68 31 266 301 115 106 202 140 44 103 144 217 95 79 162 163 170 330 305 109
218 65 162 34 230 265 86 92 137 330 224 185 199 166 79 234 92 82 192 62
327 35 141 6 213 297 261 331 323 201 58 25 22 141 59 88 44 47 63 228
26 347 145 266 333 132 83 240 243 31 149 97 316 84 190 118 111 225 234 202
282 119 317 159 96 215 330 310 110 92 102 139 137 178 63 244 315 301 275 93
233 153 202 237 188 151 91 85 146 334 97 30 153 173 227 271 177 115 188 210
24 239 52 82 137 311 49 306 27 80 229 226 13 167 319 236 82 187 161 203
33 139 259 63 77 126 128 333 180 331 200 37 344 166 309 237 105 333 236 207
323 265 68 143 180 139 184 80 72 63 211 42 223 212 345 282 20 173 227 118
282 291 319 67 290 215 330 57 47 185 178 323 78 335 327 54 300 280 211 317
154 61 122 219 141 54 119 183 207 73 150 79 232 33 126 295 241 265 240 48
192 255 8 291 336 112 176 85 34 316 123 15 203 205 309 138 211 257 88 345
79 166 227 130 165 132 17 290 82 186 54 183 17 19 215 9 125 216 53 22
261 185 194 249 258 150 83 16 87 281 212 263 17 308 24 116 284 83 142 93
228 218 135 242 22 311 35 294 326 91 5 124 254 146 333 25 244 319 314 336
194 175 233 75 104 209 151 158 193 23 54 20 261 64 312 65 191 61 323 292
12 14 171 281 207 185 347 111 278 48 318 72 237 196 252 249 143 13 151 25
295 288 102 271 315 238 83 159 307 12 101 267 43 292 50 93 207 8 10 9
114 217 135 267 237 280 19 273 258 72 195 265 13 49 134 59 27 344 239 280
71 88 313 44 100 233 216 154 95 107 196 268 147 12 17 172 210 251 173 291
192 196 294 177 263 278 64 194 160 176 125 154 229 301 143 326 18 232 301 8
282 110 292 150 331 137 290 6 267 210 39 248 70 28 327 33 311 271 327 5
183 305 252 242 75 182 283 276 96 263 48 305 270 242 68 200 224 285 93 268
269 205 93 267 297 258 31 26 253 139 274 81 123 242 89 71 168 187 250 153
25 69 88 240 254 54 108 240 214 15 115 37 202 62 108 315 65 38 153 83
320 179 78 65 104 44 265 132 305 216 25 148 338 100 183 252 80 123 325 230
165 313 125 274 216 113 196 330 134 341 299 14 62 78 197 302 116 7 93 286
310 139 146 162 101 173 167 268 78 214 307 65 165 209 163 38 343 292 82 262
153 190 318 320 113 177 172 249 313 74 26 97 49 346 338 251 262 19 139 269
309 211 93 27 24 322 80 338 337 153 122 83 14 5 251 186 120 74 246 284
204 67 342 96 8 191 172 70 78 129 289 233 252 167 95 138 179 299 160 315
198 246 241 290 23 17 301 201 344 183 224 75 170 191 297 130 88 164 226 156
36 123 76 265 90 236 261 338 190 231 77 305 293 213 223 107 294 340 336 134
192 223 246 29 332 201 93 73 235 242 72 243 16 283 208 46 328 180 269 128
90 76 175 250 188 328 340 156 271 264 105 305 41 259 321 153 112 143 182 258
180 317 193 243 297 190 330 332 153 129 245 41 69 111 330 27 54 94 310 234
158 104 14 59 267 277 61 298 8 45 347 235 70 186 272 23 259 148 285 232
340 244 6 282 224 48 27 214 220 10 51 251 109 212 52 64 289 218 301 201
225 268 54 54 83 57 331 19 214 286 267 259 122 85 64 212 347 136 218 102
290 108 210 262 299 141 112 223 201 116 14 268 309 257 64 143 140 305 64 114
254 335 220 101 107 163 68 326 310 172 304 279 269 223 32 81 247 159 184 126
121 128 6 287 201 54 107 152 292 76 235 242 346 135 43 71 275 277 342 220
10000000 10000000 10000000 10000000 10000000 10000000 10000000 10000000 10000000 10000000 10000000 10000000 10000000 10000000 10000000 10000000 10000000 10000000 10000000 10000000
278 335 280 196 170 9 235 89 339 231 165 161 43 29 161 260 94 239 161 213
238 178 164 65 247 271 146 226 47 68 263 43 44 218 27 273 256 154 233 48
46 81 133 61 33 47 304 114 203 175 82 113 210 100 67 311 243 162 256 213
47 251 166 10 340 272 161 77 237 314 92 313 214 205 15 128 313 70 292 61
68 92 217 185 330 270 143 309 264 43 270 299 238 170 119 252 272 131 247 296
319 70 258 326 297 280 157 142 83 191 152 226 119 162 271 30 274 262 174 17
246 18 136 108 307 165 228 137 61 292 315 167 264 82 277 264 171 231 65 307
332 333 8 106 142 330 286 61 285 219 34 326 26 152 66 66 241 168 304 58
234 295 124 41 59 313 167 82 226 124 116 255 170 138 201 184 108 188 86 250
328 337 129 166 324 197 56 111 65 287 318 123 115 64 192 257 128 187 257 253
127 238 131 224 300 324 319 78 316 113 70 40 27 8 14 165 12 120 225 224
48 333 52 316 92 77 134 68 204 207 81 317 133 107 104 345 303 312 20 314
145 254 125 232 276 64 158 200 329 151 27 327 280 98 281 21 64 136 151 163
278 296 230 294 89 92 14 132 270 182 328 330 307 115 33 320 214 308 226 143
344 264 54 169 273 244 28 72 132 163 16 306 48 92 37 92 216 292 146 297
269 330 344 294 162 122 99 330 261 135 341 49 134 173 10 263 275 263 319 224
51 192 326 310 157 201 187 186 240 37 59 137 87 219 5 175 334 221 233 266
227 327 211 45 331 18 210 33 22 310 40 177 97 292 40 233 167 107 67 342
109 6 16 310 319 41 153 93 202 129 197 55 324 325 283 178 82 18 22 324
191 235 344 39 165 106 110 136 78 64 280 256 60 157 89 163 219 35 182 339
69 89 229 19 238 32 189 336 67 228 134 318 307 232 106 169 181 184 271 303
157 347 211 99 8 169 53 144 51 191 258 175 317 225 123 252 315 226 75 14
252 190 333 67 145 149 160 307 145 95 305 43 258 5 310 247 24 296 307 156
227 117 14 200 169 345 325 188 347 122 323 100 110 91 235 111 48 336 46 105
17 42 246 295 22 203 206 18 37 262 74 324 190 201 294 70 166 193 115 171
158 211 21 265 160 302 305 209 81 183 144 297 162 166 108 54 231 150 216 284
223 183 300 207 205 266 127 219 238 217 331 68 218 342 49 19 242 221 252 213
160 226 310 267 68 31 226 195 25 132 159 98 41 100 223 197 198 132 27 286
280 275 217 110 296 340 187 340 153 180 197 301 123 77 250 36 77 13 172 83
293 98 342 284 216 146 257 137 244 282 324 339 315 197 269 101 257 274 67 199
126 122 87 308 170 114 241 148 344 51 304 247 188 313 15 150 262 309 307 115
182 234 202 123 51 252 96 237 262 197 49 312 94 199 26 10 284 124 239 214
127 342 315 11 231 204 21 76 47 320 181 24 68 22 173 300 239 60 283 165
40 311 87 150 66 12 185 113 109 167 80 38 141 153 186 196 184 205 293 253
257 110 33 332 248 247 25 85 122 173 21 55 34 251 109 221 18 234 275 46
345 82 317 39 57 321 266 171 299 291 96 111 334 14 135 187 101 340 109 260
83 50 221 92 224 294 223 145 110 72 169 63 42 221 274 283 169 132 8 103
300 229 189 173 320 19 326 97 264 17 189 297 203 270 287 59 39 245 248 39
178 204 292 241 50 170 323 94 204 246 30 165 345 121 130 110 90 256 155 188
123 18 222 231 13 43 308 207 64 115 340 272 199 241 235 147 198 171 118 252
49 65 302 59 153 301 109 245 121 107 274 196 336 114 310 344 136 135 135 279
258 5 35 165 279 71 301 139 181 68 129 18 214 249 260 10 76 114 100 14
77 251 146 45 77 143 83 23 317 116 188 45 22 305 51 27 41 207 204 126
126 262 145 82 266 81 321 268 163 19 297 145 206 41 179 201 272 332 257 265
151 101 238 266 303 96 101 138 272 79 341 153 47 162 204 72 142 135 147 250
96 201 35 200 68 90 160 316 287 240 202 193 219 283 254 114 246 155 122 298
167 101 327 227 71 340 26 250 326 13 90 252 198 265 129 107 179 272 208 275
307 93 63 194 103 33 70 277 188 242 115 339 258 220 252 265 267 103 8 7
133 82 117 113 178 77 288 86 163 134 91 337 32 45 244 269 347 195 320 96
218 153 46 9 314 294 296 324 311 226 78 7 335 115 266 200 128 138 129 42
188 118 102 117 120 266 170 72 83 205 7 317 229 146 162 249 86 178 85 22
222 289 305 180 260 307 241 64 267 161 236 147 254 152 210 214 181 20 278 112
236 311 329 186 206 33 233 293 202 293 293 158 123 70 59 62 169 17 118 183
62 344 48 301 278 174 193 244 58 88 248 224 138 89 12 287 115 334 75 244
314 69 283 73 269 130 50 309 91 124 89 303 214 52 240 123 186 93 9 253
327 341 215 97 322 313 93 294 143 26 13 40 45 236 204 337 251 43 229 119
225 85 304 201 26 321 82 31 281 166 54 124 224 35 140 76 232 132 132 106
195 155 33 313 20 178 342 100 42 23 275 57 225 315 268 72 320 225 208 36
170 346 123 161 305 289 313 161 131 287 15 337 136 250 175 112 218 318 134 307
174 239 91 85 48 301 240 149 262 98 201 16 288 214 285 169 26 113 79 248
172 160 256 143 156 282 141 83 10 107 290 242 260 14 172 122 205 316 273 33
16 243 94 296 331 337 283 155 263 13 239 202 111 116 35 309 48 309 183 256
263 319 263 237 166 206 172 273 83 22 22 163 200 195 38 313 267 130 275 346
242 212 184 257 197 249 112 289 177 19 142 207 12 281 249 321 340 346 99 155
10000000 10000000 10000000 10000000 10000000 10000000 10000000 10000000 10000000 10000000 10000000 10000000 10000000 10000000 10000000 10000000 10000000 10000000 10000000 10000000
167 296 205 9 321 337 44 55 135 143 239 191 156 43 25 112 116 239 33 325
106 42 159 64 85 16 240 275 148 90 102 203 271 186 255 171 319 27 267 181
19 259 261 149 233 313 306 68 198 145 324 330 341 208 77 39 320 143 171 336
52 48 333 233 260 237 90 218 288 309 247 210 91 288 255 129 249 67 171 198
101 222 139 117 247 17 218 339 326 149 315 214 321 278 216 302 189 246 14 232
13 149 220 115 77 233 291 163 165 128 38 242 263 223 129 272 267 57 96 179
101 10 144 282 214 163 30 7 129 299 193 286 178 230 67 319 254 184 117 55
221 192 36 64 152 332 98 66 262 16 27 325 111 197 167 126 54 134 150 254
96 259 300 150 181 293 211 266 212 330 197 256 44 248 255 271 130 222 93 151
173 141 297 158 78 292 92 210 273 110 102 109 52 251 247 92 140 214 289 29
9 194 284 189 311 231 142 60 228 268 8 244 146 346 25 251 200 325 250 343
53 266 30 261 30 337 240 52 273 169 82 169 256 248 233 29 300 343 344 269
84 208 230 83 254 76 295 319 55 79 239 228 250 137 302 85 237 81 185 302
298 119 76 327 343 184 70 336 126 119 81 66 223 177 89 211 319 111 193 300
290 13 170 47 26 197 319 199 228 28 15 251 196 333 63 273 249 225 175 248
74 36 242 150 217 145 38 338 262 280 226 288 337 103 47 332 113 320 43 238
175 134 209 232 18 260 177 67 7 255 6 324 105 329 190 44 184 79 254 67
116 91 341 137 83 246 13 254 76 308 25 141 275 243 121 235 325 52 122 24
88 172 55 342 145 334 57 126 87 286 90 305 345 332 123 298 230 158 36 104
58 182 148 288 343 254 260 109 320 188 319 248 29 55 28 195 295 124 231 49
248 88 58 109 13 247 116 98 57 243 127 105 314 20 238 341 58 222 58 131
46 116 179 336 271 202 162 69 322 51 159 29 142 333 230 104 116 297 22 154
7 233 230 38 316 176 174 182 166 260 256 198 94 157 323 180 320 49 320 229
24 258 326 151 187 296 322 97 45 187 64 313 119 143 312 282 184 339 72 211
103 136 90 47 123 151 131 36 31 262 288 268 184 38 12 118 30 92 339 180
97 174 299 122 329 323 263 253 87 177 161 67 287 320 10 180 19 172 150 322
237 296 87 70 209 37 217 116 336 319 9 284 197 56 8 293 179 11 171 84
333 78 175 196 17 227 122 239 97 123 227 80 253 281 190 50 172 132 255 202
293 125 86 331 191 109 189 258 46 263 164 28 207 145 181 6 76 334 184 27
170 214 166 180 273 339 57 139 181 259 328 206 252 162 111 305 245 139 129 328
211 159 74 180 124 213 16 182 55 39 131 256 205 108 95 164 34 144 166 152
62 196 340 28 314 127 143 115 265 74 28 323 83 35 32 88 74 132 70 271
188 159 136 156 142 247 189 141 83 77 75 125 340 222 163 289 163 310 35 198
192 136 209 295 296 18 37 193 48 302 147 62 12 315 167 274 31 292 253 223
83 34 48 281 191 69 94 40 118 97 137 67 107 264 286 306 234 273 180 319
190 176 89 259 157 16 300 226 323 231 116 243 179 217 50 329 266 99 244 204
110 195 220 152 81 22 182 87 253 335 286 212 69 115 242 219 186 334 222 172
280 293 270 341 146 129 278 231 224 321 68 25 201 114 24 136 290 297 29 97
164 68 112 50 281 323 201 339 104 302 240 289 261 302 294 263 226 343 71 132
191 149 130 275 205 55 317 331 342 64 28 317 257 163 156 19 261 31 54 227
15 88 167 318 14 171 152 210 175 104 162 289 58 23 52 25 102 223 262 29
315 140 314 68 18 44 136 17 169 180 139 43 52 84 290 246 134 188 19 199
270 244 321 54 267 96 307 68 144 23 115 112 262 347 202 250 339 79 246 185
122 270 184 10 136 22 268 74 104 345 232 249 238 259 314 131 141 30 146 164
336 48 14 291 340 234 122 41 9 32 224 165 154 51 203 233 269 121 106 54
185 124 38 269 272 126 329 243 37 78 51 229 162 28 187 115 19 31 49 57
5 233 282 302 66 295 59 150 169 324 331 123 126 59 332 298 118 63 173 315
237 162 174 336 188 167 302 187 231 197 160 149 338 249 226 202 150 171 64 156
73 17 179 130 225 92 30 258 80 240 301 95 317 71 54 144 209 333 295 194
105 135 115 133 240 52 195 113 17 28 44 142 318 42 274 130 61 275 58 289
260 96 45 146 48 290 131 87 123 55 202 200 292 89 237 69 58 29 104 263
317 315 188 9 283 313 247 291 149 285 233 13 284 248 28 23 84 69 29 227
204 206 53 34 99 240 42 125 140 96 294 226 152 129 85 89 45 35 333 147
91 187 303 210 54 78 253 295 80 14 166 68 341 141 90 222 226 26 122 285
105 91 286 189 94 141 251 150 132 14 220 125 191 161 171 330 293 67 64 210
269 306 144 50 119 282 185 118 112 167 315 32 222 179 124 185 37 224 138 148
113 201 258 229 83 347 318 205 337 119 194 282 208 248 142 209 223 151 129 118
35 298 284 186 330 215 70 253 255 335 229 143 227 260 121 293 156 32 210 152
35 133 278 36 147 74 194 40 325 331 211 316 21 334 22 97 155 234 129 250
185 325 316 172 124 72 139 161 70 73 136 331 111 220 256 70 140 114 21 105
347 125 99 23 149 131 319 134 254 73 227 305 252 254 291 174 36 133 131 297
302 166 114 122 230 70 176 235 216 193 176 273 257 267 224 179 106 323 196 152
304 175 185 307 149 118 116 19 267 322 301 198 71 254 283 19 251 287 233 141
259 180 47 103 53 161 266 176 82 183 217 200 37 233 233 162 347 278 35 122
10000000 10000000 10000000 10000000 10000000 10000000 10000000 10000000 10000000 10000000 10000000 10000000 10000000 10000000 10000000 10000000 10000000 10000000 10000000 10000000
48 257 93 193 242 340 13 175 120 202 146 172 140 31 104 94 137 326 140 44
208 98 134 49 263 96 271 279 231 96 46 241 32 204 111 212 29 262 185 190
112 167 22 29 315 207 251 54 304 25 277 118 42 334 316 325 329 146 316 92
102 217 240 17 300 128 338 309 183 57 234 174 254 256 155 331 200 310 190 98
270 57 205 335 280 258 123 318 10 255 275 6 168 113 245 19 332 238 95 157
338 195 9 347 243 254 210 29 228 346 41 171 222 35 7 342 186 251 116 303
182 116 301 259 300 236 285 38 133 335 289 262 131 254 256 98 52 237 6 206
311 266 8 314 223 201 332 152 55 72 252 81 182 145 50 130 341 278 110 119
274 278 287 34 110 166 52 191 157 322 342 258 25 211 128 318 277 304 179 81
300 29 74 43 15 288 317 218 182 208 244 318 73 156 184 114 91 45 298 24
229 187 129 36 122 233 52 289 97 133 332 246 123 153 326 78 63 25 281 290
150 160 292 289 17 103 158 121 280 212 211 89 103 239 76 305 53 16 113 20
75 47 48 49 231 129 148 159 326 30 38 146 74 83 198 169 230 5 64 318
298 73 126 278 311 346 84 96 177 169 20 288 259 338 335 117 150 266 256 143
223 316 61 119 323 114 343 145 319 36 344 252 211 315 126 75 17 286 286 235
55 286 201 19 147 53 111 249 272 22 19 42 254 47 213 70 66 164 346 220
191 26 92 133 119 294 47 81 50 197 49 316 324 169 198 150 226 84 271 220
35 45 27 15 244 27 274 318 179 45 218 171 259 161 176 19 231 100 180 127
277 74 242 132 316 163 129 275 240 289 341 155 74 197 190 264 186 78 313 323
59 33 100 68 237 236 324 295 107 169 91 138 265 49 59 156 248 191 238 334
345 195 234 168 55 38 218 245 70 343 302 293 122 222 205 130 68 323 259 208
100 38 11 285 177 20 103 61 292 170 196 131 38 181 239 35 225 211 236 114
270 273 211 334 59 102 25 81 342 96 254 291 56 337 239 29 267 7 316 114
249 99 81 175 234 73 247 143 260 260 199 280 103 274 37 146 191 286 335 140
122 328 295 212 184 160 175 258 145 307 308 111 115 255 333 196 220 157 113 15
334 61 260 166 282 220 34 307 134 212 327 297 181 241 336 338 94 275 279 298
306 319 83 157 56 238 38 83 48 342 76 26 205 262 240 193 91 249 132 160
184 234 49 301 54 337 247 345 13 298 251 23 174 72 39 53 155 161 217 139
72 184 77 181 12 306 346 275 235 174 163 283 187 96 256 223 317 190 265 174
227 185 237 85 279 317 277 339 29 321 38 329 223 269 51 122 22 130 5 58
305 85 107 152 179 26 90 318 318 212 330 55 97 29 288 312 260 121 308 168
47 296 62 124 117 215 28 130 300 81 245 345 11 77 116 62 38 8 101 264
66 9 166 40 96 170 253 212 117 53 234 268 10 203 119 271 180 277 133 113
47 120 170 12 227 306 83 230 45 39 216 126 211 284 232 273 339 41 283 58
67 192 142 146 131 303 135 161 192 37 278 281 149 125 215 41 160 167 83 212
273 226 300 316 240 153 151 177 189 166 344 138 59 66 166 271 326 200 64 306
295 221 45 95 33 273 15 246 63 339 222 118 89 210 60 289 63 115 167 45
174 218 271 223 137 40 127 252 14 274 55 33 21 255 155 230 290 117 59 151
261 86 296 10 67 310 121 201 70 188 128 239 185 269 300 221 12 232 203 267
200 307 111 306 316 295 157 117 221 58 334 222 150 124 324 224 35 273 155 163
241 305 267 250 240 26 342 284 334 14 273 229 66 274 224 285 243 327 39 296
76 204 302 163 127 202 177 347 302 110 251 273 101 43 294 274 241 170 203 318
343 341 64 176 59 236 304 317 325 202 19 284 77 40 119 147 337 94 203 90
149 219 186 123 102 87 342 144 241 201 63 299 114 178 281 300 284 86 190 321
298 266 36 145 80 17 97 65 28 271 22 234 225 179 27 320 22 159 258 312
256 103 152 256 74 327 308 80 32 313 16 175 64 204 333 227 288 193 139 285
76 325 78 13 87 40 266 295 153 340 35 202 344 345 161 243 150 82 184 64
146 337 93 251 61 56 5 254 100 304 322 111 138 250 9 125 57 262 327 152
50 17 255 137 190 44 311 240 212 58 100 16 279 229 68 310 306 267 68 224
83 175 110 123 219 347 295 90 172 111 258 269 266 82 172 222 159 263 35 249
317 36 216 176 186 42 62 157 326 103 7 230 126 53 134 92 269 209 67 281
177 307 128 53 269 151 99 264 71 261 193 288 212 11 171 175 83 255 26 336
287 57 150 85 160 125 192 300 213 264 205 233 132 89 132 273 111 249 105 330
346 229 303 324 87 99 279 158 347 121 343 167 328 126 93 159 109 67 255 218
143 96 121 221 111 166 148 312 243 319 207 334 305 45 158 229 62 24 156 185
167 125 309 6 111 305 106 184 80 292 102 241 124 343 93 151 114 30 89 18
169 296 122 40 183 94 120 244 323 115 216 137 21 120 243 279 279 110 76 260
139 207 90 24 310 142 265 241 213 346 101 321 21 153 61 69 74 48 235 12
43 52 166 231 212 51 271 117 212 67 137 168 62 338 289 80 116 337 129 275
324 342 326 196 78 30 326 191 167 115 178 183 244 112 257 99 282 14 8 280
114 75 321 184 148 147 101 108 336 329 308 327 341 234 41 129 329 89 29 282
117 9 93 100 65 112 202 62 52 290 302 230 249 294 6 238 211 170 65 112
9 288 214 156 279 109 245 105 309 102 197 149 289 180 150 112 99 335 95 82
313 326 239 162 99 128 318 288 332 180 83 150 73 297 302 7 281 341 286 326
10000000 10000000 10000000 10000000 10000000 10000000 10000000 10000000 10000000 10000000 10000000 10000000 10000000 10000000 10000000 10000000 10000000 10000000 10000000 10000000
43 75 117 258 44 127 184 140 91 347 320 195 292 233 301 142 185 67 121 41
195 145 336 107 83 72 128 5 181 203 90 163 122 30 264 242 19 151 197 302
317 162 132 161 139 44 263 346 257 169 193 242 19 9 75 34 180 261 185 331
266 224 96 291 44 88 42 161 174 103 33 152 113 83 300 26 329 167 323 14
325 80 86 220 148 297 254 192 233 91 40 250 249 14 58 181 229 99 102 136
218 240 256 329 164 307 154 201 89 215 317 336 247 64 23 119 191 186 23 180
19 39 162 220 208 46 54 254 248 43 44 243 202 309 199 66 61 24 338 248
149 135 220 296 157 245 108 151 226 6 260 168 263 121 47 16 250 233 314 30
264 347 264 133 326 240 160 167 302 59 208 191 125 97 63 174 308 199 347 173
335 73 201 268 50 288 159 51 289 306 277 118 252 93 88 188 155 278 142 94
136 231 57 325 217 89 245 93 182 319 64 20 17 203 240 187 35 336 314 41
225 211 113 215 94 182 260 81 247 242 202 231 333 54 21 343 174 40 286 330
226 104 316 81 59 294 153 172 45 207 105 46 175 213 31 282 258 168 314 177
237 213 252 45 65 296 261 100 306 267 316 128 187 315 146 28 291 26 131 151
80 47 80 8 127 120 60 293 220 90 172 231 265 209 217 254 258 108 304 323
99 47 254 213 31 128 141 219 106 283 160 252 45 26 79 74 203 67 9 44
28 342 272 42 224 323 81 91 52 312 335 5 256 28 207 41 108 60 324 48
113 29 214 294 81 118 178 242 97 57 264 245 64 236 15 158 189 238 213 180
252 276 107 278 140 339 116 157 170 163 13 233 233 99 284 89 235 59 346 44
150 21 159 120 81 308 203 99 343 203 154 31 28 30 36 245 186 162 214 317
69 209 222 312 143 244 30 251 288 70 325 344 40 292 127 60 118 303 35 242
312 99 342 285 162 230 186 18 120 48 198 246 123 132 199 274 281 164 110 208
101 200 290 250 166 162 242 147 69 181 271 81 60 24 173 198 239 188 308 89
316 7 204 144 284 37 174 70 128 265 345 82 345 94 90 164 23 247 136 80
152 303 335 283 129 127 75 33 265 7 115 62 276 192 323 225 210 125 133 157
242 269 276 122 303 338 179 315 136 150 8 168 339 26 314 189 119 230 215 264
280 130 201 242 320 129 240 307 247 202 57 193 119 80 85 283 208 310 258 157
262 322 96 155 299 219 24 197 297 255 127 285 151 305 310 23 168 33 185 182
30 127 345 167 28 113 159 204 254 240 209 189 30 229 265 108 29 91 173 223
308 250 123 162 61 80 98 156 258 211 260 118 157 336 220 198 206 84 173 61
95 145 80 236 319 293 139 329 285 227 58 72 64 132 314 259 325 223 79 238
129 162 171 56 195 297 344 34 61 130 238 278 98 259 241 233 282 77 148 345
71 308 123 184 315 120 61 196 92 200 243 302 187 98 266 72 275 324 316 43
275 197 137 307 110 106 242 168 57 250 226 30 267 48 25 130 87 31 270 113
120 15 100 237 23 249 54 204 275 48 191 333 314 229 135 29 168 54 158 90
225 57 312 152 277 86 152 228 248 201 34 66 331 218 99 201 266 293 233 152
159 92 239 227 303 342 51 232 285 272 102 104 188 115 77 31 54 190 79 244
77 52 291 215 38 114 16 117 128 274 215 274 210 57 54 56 262 332 269 21
306 224 176 342 264 139 141 200 305 273 159 146 82 89 211 196 217 220 227 110
37 192 242 183 207 222 36 304 293 162 347 40 325 131 121 286 64 272 74 267
201 160 5 81 215 131 332 206 219 78 7 257 14 307 135 186 153 330 43 145
144 22 213 137 313 22 272 73 311 29 45 28 232 86 319 334 332 175 82 254
163 268 264 108 169 246 226 252 208 54 14 119 232 307 315 189 193 159 140 109
159 241 211 306 83 179 176 92 195 170 126 169 223 110 75 152 102 278 198 108
193 93 140 166 93 231 188 71 90 74 320 251 274 154 284 339 216 213 80 79
202 40 52 89 211 37 236 105 143 92 172 224 25 184 329 279 298 211 81 49
14 225 164 50 185 231 161 99 159 289 287 149 329 303 192 203 46 316 105 43
205 124 127 266 273 76 238 20 243 176 276 94 17 18 243 129 32 245 266 171
10 243 226 214 157 253 25 186 188 317 345 335 265 221 5 275 47 315 161 293
33 198 176 279 75 306 77 171 158 314 345 163 218 94 122 312 91 29 135 106
280 304 38 166 220 237 158 148 90 71 67 168 268 309 114 109 200 185 317 325
21 75 290 151 84 309 327 315 7 208 275 189 150 320 8 90 310 233 274 131
12 112 13 114 156 325 95 285 86 114 170 65 328 278 129 89 20 311 116 289
59 92 46 326 339 90 31 9 92 137 73 64 177 113 222 147 265 242 204 190
251 266 62 188 290 8 297 283 232 183 142 56 343 95 66 156 207 13 57 14
145 303 240 298 142 42 331 335 262 282 324 239 333 113 152 39 304 91 16 9
222 236 274 160 274 131 119 25 304 97 47 297 247 177 85 21 9 16 68 231
134 135 183 66 205 132 12 39 282 12 144 226 135 239 116 167 98 169 60 206
157 78 251 265 82 51 99 138 157 65 279 82 60 231 125 40 219 322 288 322
106 262 87 228 166 162 290 336 57 35 50 308 235 140 200 322 247 13 126 269
295 87 73 308 245 98 329 78 82 269 268 52 81 250 131 30 191 340 212 192
341 193 339 24 325 226 330 46 282 113 19 174 50 71 190 21 14 130 169 326
313 205 92 36 26 89 75 232 103 148 285 293 198 69 21 121 56 244 186 56
108 177 334 215 149 282 198 24 210 184 309 289 271 209 125 240 318 256 263 68
10000000 10000000 10000000 10000000 10000000 10000000 10000000 10000000 10000000 10000000 10000000 10000000 10000000 10000000 10000000 10000000 10000000 10000000 10000000 10000000
41 224 344 338 76 101 280 200 131 72 313 74 198 307 272 53 270 159 259 319
100 338 115 37 82 58 342 69 275 273 89 347 216 199 116 185 266 193 242 333
333 346 114 152 262 250 64 35 229 112 297 50 49 158 295 249 210 120 113 109
153 149 186 55 74 134 218 287 228 49 263 178 97 180 37 154 209 144 280 309
254 249 246 102 304 236 204 324 240 317 268 121 294 134 256 267 200 188 314 29
343 197 21 184 345 68 171 198 315 190 144 314 275 171 241 90 294 288 245 314
81 288 340 104 65 220 92 195 242 10 184 296 95 215 345 189 216 182 144 303
297 190 102 15 72 52 228 25 318 151 141 147 103 15 86 254 305 99 226 345
284 230 307 204 262 323 26 99 297 242 15 132 98 101 301 198 61 262 132 8
329 79 336 120 46 23 234 84 338 178 11 290 264 77 270 251 345 297 218 104
222 85 24 27 34 244 294 206 197 287 175 64 300 186 107 46 266 243 335 47
299 134 81 297 268 176 70 90 171 84 268 270 37 100 283 183 169 191 90 69
114 303 309 10 285 43 280 75 317 326 70 222 49 117 225 153 199 218 146 258
329 71 143 233 318 15 103 287 46 214 187 95 127 220 277 120 51 104 212 340
273 207 231 178 72 318 317 309 294 52 152 6 213 240 342 104 337 70 294 15
262 6 30 239 6 140 143 106 202 161 71 322 31 312 282 259 143 297 77 278
152 153 57 178 212 330 263 90 60 39 207 216 35 257 184 81 329 318 288 247
250 211 86 190 196 117 261 318 160 27 7 92 158 77 217 115 162 174 132 135
320 241 291 296 36 272 93 10 67 334 201 262 245 164 317 179 308 245 133 82
310 40 296 35 257 18 85 80 103 106 242 34 225 290 324 222 195 39 47 171
217 88 265 56 271 9 82 319 116 82 109 307 269 152 82 201 271 171 292 321
210 161 174 225 61 51 171 341 50 185 160 5 174 237 60 58 282 145 186 44
60 173 198 187 77 263 114 52 107 94 43 342 94 279 241 269 258 258 296 159
276 315 262 5 268 303 248 338 34 149 174 211 324 228 16 246 90 327 298 163
122 51 198 70 128 123 11 156 326 15 299 131 216 106 275 324 253 179 242 232
236 74 279 87 218 57 9 307 30 265 88 206 166 229 105 37 334 305 207 205
31 90 111 138 314 320 44 173 136 273 57 169 246 270 337 310 84 250 111 6
86 335 280 21 169 311 59 269 333 338 153 153 168 320 143 78 56 72 85 264
129 212 104 74 300 186 285 148 126 220 141 318 180 162 158 198 134 276 87 320
42 73 142 271 80 70 86 71 180 233 165 20 261 9 187 37 231 209 237 20
11 135 238 215 71 84 114 71 156 132 286 279 324 91 260 112 256 66 130 212
148 343 139 21 11 162 152 273 40 30 89 183 17 301 344 340 163 104 220 246
89 293 190 156 17 33 106 333 284 59 68 185 236 264 154 171 293 198 138 44
135 169 135 121 51 24 176 187 280 68 123 183 127 315 169 294 202 83 25 195
290 307 330 25 106 68 282 164 217 278 106 220 316 75 31 265 262 68 145 125
185 203 163 182 142 316 90 124 80 11 186 133 93 331 183 250 240 46 204 279
236 15 92 319 130 9 288 55 34 8 255 259 119 128 318 224 146 163 308 120
168 194 58 82 165 332 45 55 51 332 65 103 76 113 137 204 317 294 222 197
15 106 193 134 215 216 282 32 91 201 195 281 326 346 76 312 163 217 135 278
166 281 25 102 48 80 120 88 227 53 88 49 312 95 96 178 263 333 11 333
195 52 126 65 253 342 174 249 14 19 200 158 92 229 122 36 108 170 334 123
265 46 136 281 236 57 39 247 47 347 210 201 92 204 110 61 174 239 248 111
235 153 296 216 11 146 44 280 48 318 95 158 65 57 25 186 198 185 253 233
304 219 194 316 180 198 333 140 143 159 151 135 138 38 214 121 111 294 181 276
63 23 48 137 238 60 73 217 187 86 86 203 222 98 333 329 107 262 25 50
321 179 291 327 31 336 220 268 142 347 122 279 219 41 234 282 291 95 19 340
35 208 190 331 210 84 124 57 7 140 293 26 248 130 242 202 112 273 66 241
271 212 280 160 152 216 15 216 311 41 285 65 307 30 235 280 206 130 193 59
325 63 53 183 173 333 270 17 54 206 272 93 58 294 30 231 37 34 196 331
126 291 321 157 244 98 106 156 43 272 99 222 15 97 200 277 161 228 302 307
332 220 174 244 57 125 268 149 62 326 295 118 202 43 331 260 275 54 159 23
162 250 66 254 339 88 103 188 311 18 127 232 62 243 296 89 177 24 341 173
303 163 82 49 37 339 46 201 208 102 322 258 55 216 317 293 174 270 198 320
137 41 152 226 205 142 83 49 114 187 24 109 327 201 101 247 248 310 300 125
284 172 133 314 57 280 160 270 122 247 123 345 332 113 271 203 269 19 278 37
147 248 78 113 311 229 179 202 314 116 293 107 148 279 284 108 98 129 251 130
312 156 33 261 96 213 158 241 51 12 322 265 100 224 332 133 230 253 176 17
39 232 137 103 237 344 252 173 329 145 133 222 92 127 73 132 339 41 9 134
74 56 200 308 40 317 66 18 203 265 168 332 165 260 187 87 256 152 121 180
80 164 309 174 206 268 164 347 61 99 194 197 252 171 147 48 62 312 169 268
285 159 324 247 242 179 297 168 148 308 17 55 333 177 115 77 168 43 315 193
284 32 53 191 132 203 226 14 307 178 166 310 274 35 15 137 264 333 29 255
331 22 277 13 98 94 26 169 274 100 178 150 306 40 107 142 251 239 160 17
87 171 129 91 52 187 196 269 243 108 211 71 189 106 321 18 270 138 102 123
10000000 10000000 10000000 10000000 10000000 10000000 10000000 10000000 10000000 10000000 10000000 10000000 10000000 10000000 10000000 10000000 10000000 10000000 10000000 10000000
194 126 342 32 206 229 134 9 206 256 17 31 108 324 220 285 321 285 163 235
117 158 105 92 48 308 193 223 191 67 45 251 310 48 235 182 155 169 331 179
262 96 289 242 207 241 325 7 15 215 224 108 68 85 65 169 131 261 16 109
254 244 190 50 254 163 175 18 204 19 296 132 344 162 165 238 175 108 303 86
6 247 312 149 42 109 5 263 313 90 267 144 337 234 58 81 305 333 22 195
124 135 199 195 59 292 340 67 224 51 145 332 275 48 44 72 9 300 229 139
110 282 298 91 321 329 254 242 175 327 222 183 53 21 195 197 342 290 26 94
50 327 181 154 65 143 31 286 119 300 274 49 103 14 269 291 264 8 297 113
317 66 343 183 287 86 342 107 133 249 10 43 295 129 169 264 259 263 220 195
29 108 208 224 157 89 193 263 275 344 293 134 7 230 70 207 59 260 109 336
154 18 39 282 51 199 239 158 18 134 154 51 162 178 45 336 225 219 282 27
239 284 71 118 161 248 46 230 343 335 52 231 247 216 316 80 224 70 302 226
287 275 140 227 150 234 129 100 315 289 288 286 240 301 136 149 209 171 34 87
222 110 241 161 6 342 254 81 98 78 276 250 203 174 276 285 292 301 46 149
46 68 98 22 340 230 317 42 113 41 86 176 146 9 340 180 271 172 290 122
6 74 74 330 119 219 49 181 39 125 52 285 283 232 249 128 54 151 307 225
197 79 193 124 239 185 127 239 333 128 297 26 65 249 118 23 242 33 223 237
122 151 76 109 69 7 116 79 343 53 307 81 297 306 335 325 155 243 288 275
231 208 260 43 267 141 18 24 86 188 167 50 230 259 56 45 255 150 55 125
111 297 61 216 299 199 230 87 126 153 148 139 297 229 86 252 83 277 71 215
41 62 177 294 145 256 235 182 339 263 99 194 86 283 262 5 174 122 24 115
221 123 252 154 81 137 83 339 208 10 64 340 308 296 180 172 14 253 272 86
167 342 238 339 45 343 242 318 99 262 293 76 213 212 196 31 258 189 263 342
318 347 240 149 123 88 335 137 156 171 22 34 276 43 29 156 224 16 286 71
132 48 109 179 312 165 88 193 131 101 53 219 270 224 16 190 127 335 203 251
197 124 322 58 109 158 298 204 132 126 26 166 280 189 236 14 259 261 252 75
225 338 70 295 16 333 43 247 265 61 159 293 140 291 278 44 239 332 9 213
262 209 197 26 231 114 238 331 220 337 301 80 190 223 339 237 32 280 5 74
98 55 45 314 126 299 169 210 268 223 69 216 308 215 290 252 140 334 69 193
342 52 109 95 238 164 343 113 269 235 70 184 322 327 59 112 319 11 245 218
75 207 23 301 208 158 85 323 33 44 30 172 246 194 190 179 134 275 161 18
343 87 206 300 239 265 288 279 331 78 125 188 189 30 307 217 303 15 226 200
176 302 254 287 320 146 220 13 29 287 274 311 105 216 280 233 133 11 303 279
253 10 120 141 170 128 289 340 94 104 90 164 280 29 25 245 263 252 263 31
174 125 24 314 314 84 220 179 32 318 321 293 176 196 8 16 135 231 112 45
165 333 71 231 7 312 139 24 18 159 334 274 188 195 215 152 223 105 309 310
328 272 261 24 346 200 229 296 138 238 109 273 109 109 192 87 165 327 145 242
162 238 336 207 214 101 108 200 106 199 248 256 175 282 14 10 216 234 63 304
180 213 50 84 270 126 330 288 168 146 279 192 250 126 271 163 150 276 292 149
223 260 266 126 317 117 93 268 36 86 202 320 312 101 223 278 134 133 261 102
96 14 339 232 88 281 168 118 45 320 248 255 166 308 118 282 160 235 181 72
207 136 28 73 33 177 51 335 200 291 200 34 306 47 309 71 190 323 6 313
148 222 233 227 331 261 15 292 184 168 12 149 203 6 94 311 267 191 246 90
9 63 318 214 149 200 337 312 56 54 316 9 347 281 107 217 331 156 25 95
17 133 206 158 344 8 7 171 60 109 6 182 340 217 173 346 255 105 31 6
146 251 201 251 133 80 138 21 275 142 236 214 233 245 122 144 92 57 238 130
92 260 128 126 141 262 162 168 94 89 134 240 163 38 288 234 36 58 164 269
62 280 75 285 177 208 184 96 249 115 225 274 116 57 101 326 125 144 240 322
223 61 100 174 153 164 314 50 254 83 228 287 232 190 38 31 49 304 303 151
72 168 229 239 213 137 296 332 270 307 91 199 48 214 28 280 9 65 338 291
182 100 29 193 27 255 250 247 36 218 89 320 165 87 48 203 181 24 38 347
305 117 344 12 207 43 124 137 44 257 144 143 256 298 229 172 262 199 331 92
323 20 201 34 226 267 333 147 110 224 44 191 193 318 244 225 151 180 223 257
67 8 181 207 65 111 334 208 219 30 288 305 199 322 43 86 217 41 18 230
108 189 150 255 78 130 174 284 13 28 214 27 300 249 56 134 286 113 98 59
273 257 91 263 56 310 324 118 233 75 189 97 149 96 346 116 49 274 271 62
241 226 139 286 285 105 202 297 19 139 267 111 313 91 227 258 150 291 293 237
227 214 100 127 224 113 335 328 45 289 58 222 110 248 340 141 254 38 44 143
63 48 305 200 231 207 337 18 40 302 283 95 307 201 297 24 228 113 247 244
61 24 286 119 267 11 318 106 64 77 8 154 118 217 321 332 133 283 48 49
224 159 6 42 114 200 110 240 197 174 71 67 109 22 150 307 248 152 242 71
139 222 170 27 28 160 342 310 146 318 188 48 312 264 43 166 13 231 267 144
259 325 201 277 294 257 47 346 125 19 21 251 32 326 14 128 338 334 340 61
21 41 343 347 80 28 52 46 342 185 6 89 17 255 91 96 310 66 20 162
10000000 10000000 10000000 10000000 10000000 10000000 10000000 10000000 10000000 10000000 10000000 10000000 10000000 10000000 10000000 10000000 10000000 10000000 10000000 10000000
127 240 129 208 257 300 166 311 133 70 181 44 17 132 316 135 282 92 208 304
257 60 225 24 295 198 105 308 218 95 257 68 248 211 74 315 39 173 31 75
184 271 32 219 180 133 84 82 103 79 305 129 245 173 53 67 121 47 188 171
208 201 119 43 234 188 321 63 319 239 136 232 212 197 345 140 300 192 110 31
295 266 278 98 198 234 108 7 288 153 197 287 338 74 212 258 102 144 198 235
207 243 39 51 148 117 23 204 332 171 154 62 54 18 205 304 269 151 135 67
151 20 62 261 343 265 12 89 296 181 172 320 279 61 72 290 215 117 277 153
203 286 206 338 279 210 320 126 194 179 313 94 40 300 25 168 207 248 346 227
63 16 237 46 101 245 46 294 213 204 120 219 276 12 294 244 59 68 12 22
241 325 115 9 130 156 85 298 168 238 161 221 320 40 346 325 66 38 174 74
190 34 253 118 210 226 201 230 315 232 179 29 135 260 277 206 120 160 66 327
196 57 21 255 309 138 311 293 132 261 66 205 19 79 289 21 311 65 292 214
181 157 257 306 311 111 68 122 51 179 142 112 297 52 210 72 58 243 167 43
166 96 148 67 100 77 65 166 168 191 55 174 115 5 54 175 202 199 72 66
346 126 282 338 154 166 272 128 142 123 148 81 275 9 279 66 32 196 245 51
248 313 94 19 264 121 78 345 93 13 166 198 237 313 34 338 106 206 101 301
303 87 172 168 233 181 38 157 124 142 344 59 163 165 284 332 282 23 204 222
329 195 103 119 119 323 14 258 146 79 323 209 283 343 200 90 39 280 197 81
19 342 297 342 270 264 139 102 82 274 266 35 217 132 281 245 185 307 286 312
226 190 257 164 12 271 124 261 299 170 71 188 338 147 299 65 71 33 265 213
192 68 301 178 56 6 249 291 123 142 116 328 211 289 279 145 263 61 326 220
296 298 294 75 308 289 175 89 306 320 294 6 274 261 254 295 25 145 20 6
253 78 225 36 48 204 306 202 164 236 103 213 80 273 184 226 249 119 140 337
133 38 188 166 84 124 64 26 182 231 342 237 209 137 25 314 176 24 335 302
132 153 311 133 76 269 336 73 76 60 231 162 31 271 68 290 27 260 176 179
192 48 291 170 130 178 322 78 111 176 235 108 94 212 319 43 342 21 160 238
255 8 260 65 161 135 122 286 300 222 252 291 181 18 326 306 15 183 300 251
227 309 118 48 217 15 343 145 82 176 50 13 211 98 59 135 43 121 257 108
257 251 36 144 59 329 273 119 97 228 324 184 238 334 57 298 205 259 128 32
312 109 150 26 203 84 142 163 308 61 310 222 312 101 264 262 46 307 102 144
293 78 162 171 331 215 98 76 130 157 117 261 304 194 90 340 252 82 159 29
50 320 290 306 246 42 142 303 250 184 268 94 31 160 159 170 69 207 235 292
212 113 313 279 289 181 274 296 254 15 266 110 274 127 317 7 9 86 47 10
159 67 341 30 198 279 28 137 30 111 99 316 39 125 8 80 315 41 187 327
151 21 205 169 30 284 187 208 339 161 300 140 196 79 166 219 195 163 254 189
161 228 296 24 259 176 69 317 240 29 267 213 165 136 274 67 123 159 219 66
67 65 302 71 44 243 250 228 263 310 219 327 303 161 148 300 268 130 73 41
319 16 288 341 148 15 151 343 237 297 133 329 251 344 204 198 66 212 276 139
170 180 177 28 78 210 289 233 277 289 194 91 142 258 58 215 312 20 193 62
185 252 290 199 312 217 229 149 29 122 217 118 110 223 90 291 298 191 311 124
65 229 90 327 102 117 309 252 69 130 212 111 256 218 178 209 292 210 115 147
36 216 221 79 138 281 216 201 344 148 81 36 153 181 87 109 341 322 344 312
84 85 259 146 208 248 37 246 246 11 99 40 246 248 196 63 45 25 336 13
300 81 340 162 239 202 321 35 72 58 60 279 22 191 67 141 289 251 131 90
19 322 24 306 86 126 257 187 178 108 297 175 57 239 202 62 261 284 93 250
176 338 209 114 336 67 121 299 212 222 70 156 143 136 287 338 275 285 77 14
9 11 290 219 144 330 8 30 196 151 310 107 67 123 253 139 118 166 28 7
195 211 23 81 261 111 153 162 148 136 216 208 7 166 285 276 198 223 179 134
66 9 251 74 34 114 218 315 215 171 300 150 187 219 179 256 142 297 100 124
191 266 336 136 96 170 236 313 154 109 246 154 237 186 340 288 199 188 181 292
291 271 240 256 175 334 233 336 204 26 269 47 58 242 40 328 346 99 139 134
305 156 67 94 347 321 100 287 333 253 7 228 154 173 188 264 332 115 123 325
144 156 197 123 277 121 76 47 87 334 214 276 171 209 61 332 10 109 335 119
238 114 316 97 323 196 244 346 302 48 328 162 220 162 140 122 212 319 261 205
38 187 50 122 23 171 251 316 144 27 7 301 162 239 247 102 127 50 179 123
11 249 341 325 172 98 18 164 303 193 87 255 209 36 325 146 100 13 25 164
308 235 258 11 234 208 136 109 90 139 257 215 79 174 274 154 111 92 199 317
72 251 185 127 210 178 94 226 110 39 339 249 27 325 113 300 235 148 57 233
228 38 145 136 261 311 88 259 105 23 268 28 270 20 207 158 327 112 298 101
140 262 167 219 81 128 173 251 10 237 342 112 287 8 285 92 264 277 151 100
279 199 201 304 151 246 147 265 337 153 310 239 255 35 265 268 150 224 56 130
102 215 131 262 120 331 215 303 202 83 276 299 136 27 7 86 86 200 185 193
236 312 198 201 275 232 215 296 222 275 134 5 240 215 29 88 112 98 279 275
336 272 134 126 134 73 306 196 108 114 108 284 108 86 320 109 42 81 295 205
