10000000 10000000 10000000 10000000 10000000 10000000 10000000 10000000 10000000 10000000 10000000 10000000 10000000 10000000 10000000 10000000 10000000 10000000 10000000 10000000
337 338 116 103 80 36 261 265 141 16 100 68 48 191 278 170 72 296 163 334
85 319 210 193 240 15 211 274 94 23 189 206 36 189 14 326 333 77 274 241
145 149 268 243 169 290 113 234 8 15 133 85 305 291 51 336 206 74 33 80
280 305 170 264 214 76 50 150 82 80 11 341 115 280 185 150 155 125 182 345
129 60 172 68 38 247 20 147 263 323 230 214 300 249 176 233 82 117 235 51
7 143 101 286 259 342 226 171 211 118 182 283 96 308 291 338 113 257 47 72
261 64 328 270 211 215 270 20 95 290 191 123 168 138 204 314 172 306 291 230
267 195 82 200 36 43 330 114 188 204 286 95 106 331 90 332 33 255 165 173
55 231 89 232 207 49 200 148 89 303 31 38 164 157 157 13 247 93 291 206
346 19 51 345 311 344 99 310 48 347 136 221 251 278 115 207 340 207 217 252
173 70 177 217 183 311 8 325 295 266 98 7 200 262 295 267 256 19 332 65
151 233 299 112 344 110 106 301 25 177 50 90 291 135 93 286 33 285 246 291
307 248 137 117 129 18 147 49 273 21 27 39 138 287 328 320 185 196 275 262
54 325 341 207 232 8 96 40 311 11 337 328 265 190 125 95 126 8 57 304
104 319 83 60 223 236 109 29 55 98 278 236 258 200 271 31 12 229 198 22
188 140 214 240 254 310 131 34 108 105 313 288 330 260 132 216 328 89 36 311
117 320 58 78 147 133 321 295 243 238 53 202 188 85 255 314 188 109 250 31
339 225 120 55 11 320 232 201 42 10 338 106 168 200 105 15 166 278 278 288
272 281 171 310 105 129 272 42 160 43 168 68 13 54 238 277 93 184 65 97
108 317 174 87 238 250 232 204 152 90 290 195 262 264 35 13 101 254 219 223
325 339 292 249 333 275 178 60 128 345 204 275 107 187 188 229 214 221 17 325
152 26 136 124 203 114 167 316 176 30 262 31 78 329 259 228 338 99 131 282
329 159 284 89 153 219 123 285 217 194 332 174 53 78 139 64 235 90 102 237
265 253 37 250 303 204 75 180 106 145 16 41 49 290 97 166 71 248 50 170
84 292 223 95 164 336 289 59 94 271 329 59 260 190 164 268 256 317 150 171
192 219 114 292 154 210 78 312 46 112 331 23 274 284 74 85 32 167 70 337
18 254 304 37 315 191 56 228 204 80 341 248 139 71 107 233 256 172 344 25
340 330 12 287 73 186 31 329 269 186 191 72 200 326 16 38 214 327 32 235
44 211 342 74 60 291 287 70 168 259 100 303 202 293 33 246 20 248 310 100
87 97 122 210 252 164 304 179 128 22 316 75 165 9 130 190 291 191 292 189
185 32 227 26 161 318 227 249 130 237 182 197 227 136 104 302 222 226 80 287
157 347 258 306 272 252 100 224 29 192 154 199 121 240 47 318 17 207 337 284
21 36 70 129 70 266 46 49 47 157 237 149 44 314 125 241 155 38 129 273
345 300 269 88 50 112 287 223 336 182 306 343 87 243 257 21 172 110 64 297
152 294 85 133 26 334 176 40 156 19 212 148 230 253 261 210 137 169 215 156
31 121 208 36 12 188 268 218 197 314 70 32 171 115 303 324 115 135 135 146
134 77 136 86 99 189 28 341 12 315 110 248 85 170 342 90 21 113 129 244
31 101 73 87 202 337 41 97 237 70 280 142 254 15 141 190 269 15 83 37
232 75 216 253 283 263 278 115 167 165 137 84 79 251 227 175 35 322 254 73
20 26 18 207 306 55 116 303 89 75 33 117 47 273 281 51 65 290 345 318
50 177 208 58 151 121 181 304 274 206 206 206 281 332 83 151 213 121 186 211
20 234 150 80 180 214 79 151 195 247 40 185 26 130 248 93 250 329 287 153
106 201 206 102 84 165 15 272 139 235 243 271 322 157 282 165 279 38 330 330
19 182 172 322 91 299 294 54 196 322 251 177 17 43 176 98 49 70 264 133
61 257 34 29 212 154 271 34 83 90 62 235 273 129 222 58 313 231 307 302
225 121 142 106 91 70 262 285 185 333 39 268 100 137 49 206 137 265 287 149
121 323 36 305 82 56 11 287 92 219 71 289 118 117 304 154 155 336 126 269
10000000 10000000 10000000 10000000 10000000 10000000 10000000 10000000 10000000 10000000 10000000 10000000 10000000 10000000 10000000 10000000 10000000 10000000 10000000 10000000
279 191 271 92 223 273 341 158 74 187 158 20 19 16 116 194 221 85 142 313
36 347 287 273 169 22 62 143 40 14 185 234 220 53 215 18 58 88 91 87
150 201 96 73 165 67 92 139 77 71 17 269 327 343 106 172 125 94 103 276
224 28 176 301 197 292 227 130 290 257 297 238 334 178 343 82 307 273 145 179
333 191 95 275 224 178 197 27 121 71 226 81 30 278 126 79 168 216 248 136
330 224 179 110 236 92 157 24 295 22 164 97 277 198 87 43 321 19 51 71
246 331 163 271 181 64 241 200 181 342 261 157 173 47 19 45 103 49 99 209
99 345 208 201 257 320 155 117 196 325 210 204 119 316 153 193 284 288 98 85
128 127 234 82 210 175 285 149 73 47 284 275 27 99 34 290 117 313 342 153
280 264 224 227 14 290 329 166 311 80 339 81 28 161 298 134 77 218 269 254
146 7 62 328 30 49 164 347 285 126 114 162 248 57 101 272 54 206 17 120
256 247 120 138 244 182 32 42 172 315 129 279 185 217 337 75 72 217 311 25
51 292 160 324 332 129 259 284 312 314 316 332 183 27 339 13 280 207 114 181
137 9 194 228 259 241 37 312 136 302 93 233 172 189 216 251 179 218 274 288
76 204 111 263 341 104 288 143 72 278 196 34 26 7 45 317 93 68 295 70
71 258 347 66 133 178 241 108 45 236 112 73 200 196 264 98 49 66 268 82
160 273 208 55 332 295 319 44 135 11 102 177 254 115 170 239 317 144 323 173
51 153 73 136 223 344 176 167 202 307 341 78 346 108 286 263 261 48 303 235
166 202 215 211 92 276 267 30 326 168 286 156 345 319 97 125 231 72 274 252
11 164 314 233 279 300 291 288 67 181 191 142 310 177 276 103 102 47 333 296
130 334 144 33 65 229 97 51 87 123 333 252 248 322 118 43 203 326 75 328
293 307 99 272 44 190 52 270 297 209 211 324 268 67 120 341 93 242 60 288
198 93 154 229 117 272 338 270 135 337 218 284 337 69 38 195 17 177 90 266
37 50 264 30 141 274 103 338 245 145 38 234 273 69 227 30 269 83 123 61
107 253 24 288 126 300 115 138 105 53 60 303 57 123 156 141 274 189 328 275
58 267 143 292 172 66 312 187 19 19 273 144 323 316 222 142 170 17 324 343
87 210 156 20 59 34 74 255 113 14 45 178 106 340 90 51 282 160 192 31
131 82 20 337 245 184 107 311 139 129 7 317 278 67 294 221 45 280 94 229
24 218 198 301 162 207 158 336 338 173 226 223 130 84 179 298 28 118 308 33
304 151 91 231 300 98 249 248 167 40 217 167 78 209 343 213 105 252 49 173
55 301 186 292 235 78 238 221 86 278 23 304 228 296 276 88 121 274 249 281
197 297 26 35 144 214 183 182 303 114 154 38 268 193 39 277 224 83 93 118
80 33 226 18 98 269 19 336 97 301 180 324 13 73 100 30 165 218 169 164
313 264 326 184 225 338 54 24 19 196 203 52 236 298 270 160 278 62 295 49
10 306 50 162 126 45 336 116 96 95 27 114 86 305 300 256 282 72 264 113
283 153 334 183 327 60 165 250 128 105 274 300 215 100 301 308 147 104 295 69
245 67 250 244 101 99 71 330 56 285 203 149 97 94 201 296 116 188 34 252
24 231 42 16 154 67 147 258 17 184 346 88 198 19 20 346 151 70 185 246
216 295 124 173 319 170 190 46 89 200 274 209 314 56 182 76 263 125 210 312
156 149 335 338 170 293 160 41 297 236 311 315 157 277 316 152 7 118 207 313
211 269 140 65 112 23 213 152 72 158 231 25 172 27 184 115 149 232 328 279
261 174 119 267 24 199 30 153 56 274 239 164 316 283 217 167 219 339 122 97
98 83 279 41 18 268 186 163 240 146 294 315 288 154 160 279 188 335 154 227
337 322 19 168 103 252 264 192 244 77 79 346 10 214 203 313 74 231 308 50
261 326 342 112 344 53 335 284 218 301 117 144 242 327 93 269 119 180 21 292
42 110 121 322 308 230 14 56 233 74 90 180 71 64 284 35 121 37 204 226
225 180 281 334 204 108 104 46 328 341 317 333 169 90 207 306 323 95 231 183
10000000 10000000 10000000 10000000 10000000 10000000 10000000 10000000 10000000 10000000 10000000 10000000 10000000 10000000 10000000 10000000 10000000 10000000 10000000 10000000
138 220 245 50 168 122 152 304 314 77 96 221 182 36 107 140 207 254 16 143
34 17 332 106 188 48 189 219 110 37 172 165 85 334 83 343 14 242 100 178
180 26 90 311 72 15 272 35 335 273 28 271 40 201 282 202 90 35 194 336
132 57 90 12 321 233 230 336 274 63 23 69 72 169 93 68 44 253 111 296
240 151 62 133 250 286 50 17 31 104 42 130 163 7 343 175 45 38 308 62
79 333 152 258 243 10 129 136 299 71 341 241 345 63 129 61 301 182 193 311
340 306 255 104 222 68 135 96 263 186 76 83 194 55 93 206 101 139 101 253
198 32 129 154 139 166 91 230 317 46 70 244 181 346 127 65 109 35 144 195
229 158 70 253 151 195 78 254 345 119 33 33 254 109 193 216 95 308 297 269
163 12 246 7 120 219 275 187 142 13 212 329 146 264 202 131 26 166 131 314
297 180 79 118 18 18 128 84 8 27 230 69 74 14 342 25 44 217 242 47
252 249 296 84 72 112 230 100 214 131 232 160 153 51 55 142 74 225 123 60
146 263 125 113 335 124 53 345 347 145 138 180 16 60 188 214 316 196 62 248
242 78 279 281 91 81 135 39 33 99 51 108 204 334 117 44 126 222 286 244
258 37 147 111 98 168 117 332 26 200 253 194 297 207 137 324 248 262 145 12
9 333 21 306 148 149 91 8 344 330 247 282 338 104 340 229 202 240 77 107
337 42 175 122 280 212 12 258 60 158 232 179 83 169 136 273 311 220 347 93
280 16 278 51 24 341 115 188 275 266 52 255 101 48 324 19 25 126 165 200
279 129 331 232 299 309 38 86 39 230 289 156 42 171 214 88 188 258 58 265
19 48 214 153 14 72 22 229 8 78 56 195 230 248 43 122 43 215 273 293
151 275 187 134 210 65 268 212 161 130 300 56 199 125 125 274 237 8 60 221
56 104 182 72 124 127 209 30 268 117 198 33 49 164 76 112 91 161 298 100
178 107 211 120 84 90 271 206 256 69 7 179 53 193 330 252 298 37 195 29
296 49 100 134 115 80 111 53 233 39 79 36 247 117 216 12 288 172 275 274
135 308 273 325 59 276 333 94 173 121 274 63 286 207 232 200 142 223 94 135
205 119 34 252 14 138 44 12 19 126 157 211 155 304 266 270 32 130 144 230
257 332 306 148 188 313 61 286 36 144 162 273 319 135 337 323 142 9 21 310
37 172 258 267 144 263 105 103 320 249 57 338 338 341 85 141 277 157 236 123
307 54 167 184 153 342 332 128 122 87 339 43 20 302 249 243 275 295 251 15
259 183 7 299 179 151 275 229 95 195 187 270 106 160 93 226 94 194 125 66
213 50 58 160 311 175 340 84 329 196 303 259 197 130 262 308 155 237 161 145
315 134 80 204 27 111 320 57 242 149 69 347 186 202 263 342 64 341 61 114
219 277 346 27 158 336 125 14 37 180 329 72 245 264 236 227 135 268 61 107
178 245 344 312 252 198 36 185 273 206 262 316 292 262 284 150 160 85 56 184
79 84 21 320 331 17 55 345 85 315 46 179 190 165 52 186 102 200 310 97
151 325 219 89 331 323 30 159 338 292 63 203 24 142 44 134 9 144 260 255
39 255 301 45 100 278 65 344 68 253 253 43 324 153 24 260 69 89 165 181
261 122 48 256 140 161 8 174 181 173 234 94 128 310 39 317 186 119 52 227
191 127 137 9 337 136 323 149 228 236 217 106 143 311 58 154 216 30 242 133
342 41 140 167 289 310 156 42 189 185 322 266 328 189 86 63 37 54 246 232
315 132 223 101 104 231 225 228 245 297 344 109 206 275 267 54 222 233 112 22
7 224 53 187 264 82 189 327 286 34 203 168 310 119 145 243 37 84 256 123
175 100 261 312 174 220 27 66 35 26 331 275 241 340 217 225 215 248 285 111
40 321 193 79 174 32 248 277 219 265 260 224 131 330 347 108 190 174 57 235
327 117 295 205 31 328 71 119 102 142 208 56 23 260 225 272 156 194 291 207
68 131 90 257 31 281 234 302 144 238 267 113 227 165 123 49 184 234 44 253
310 86 97 55 103 242 134 41 76 246 221 182 98 342 28 33 98 100 183 126
10000000 10000000 10000000 10000000 10000000 10000000 10000000 10000000 10000000 10000000 10000000 10000000 10000000 10000000 10000000 10000000 10000000 10000000 10000000 10000000
54 254 13 246 76 334 214 325 132 217 155 296 43 162 19 210 189 324 33 164
300 346 204 301 207 65 146 177 335 95 333 134 52 314 339 318 152 261 150 22
250 67 67 7 225 95 175 207 324 229 83 145 90 277 43 110 126 320 165 10
328 299 133 304 196 260 118 323 52 106 262 189 105 16 221 244 187 25 277 62
150 146 113 82 74 314 53 145 298 152 197 326 60 65 265 242 123 198 178 14
34 163 214 114 206 246 209 13 270 102 283 218 294 116 256 302 255 184 286 48
39 194 226 193 281 277 111 216 219 203 131 261 60 32 176 161 268 285 47 249
26 300 280 226 214 342 150 340 291 220 225 129 288 48 304 290 148 116 46 66
100 209 289 85 21 275 170 253 164 303 338 313 73 18 119 101 40 109 337 145
296 245 323 264 141 290 243 216 130 339 237 253 167 292 345 306 212 266 245 26
172 241 254 236 326 127 131 298 67 247 318 70 219 277 141 204 26 83 285 286
238 213 102 241 10 186 25 136 313 254 204 71 103 134 109 111 326 88 278 125
79 241 196 264 60 22 321 280 246 94 10 210 72 27 188 158 121 230 101 201
10 228 311 223 312 136 34 183 246 308 31 72 280 244 316 322 231 290 178 204
177 226 309 271 16 299 287 169 292 323 158 207 41 299 145 248 249 223 336 56
228 34 228 23 146 273 318 59 273 75 76 340 30 130 133 169 329 43 232 289
192 55 72 234 345 232 93 143 238 189 205 158 290 180 280 290 190 330 304 163
192 201 78 216 172 290 161 82 188 72 336 196 110 195 22 342 232 280 46 177
277 277 248 342 245 299 67 131 218 8 213 303 223 202 77 66 242 275 174 260
216 101 231 97 254 110 155 343 223 264 215 84 206 304 320 46 216 279 100 100
323 203 329 158 159 209 297 227 14 229 247 205 171 210 123 166 314 344 67 228
215 57 260 95 124 261 183 167 288 69 163 163 194 13 261 341 324 297 305 128
327 54 232 120 312 105 296 329 139 23 28 207 196 265 258 297 132 305 9 166
7 18 220 232 35 7 161 82 306 53 291 293 256 297 103 267 273 99 319 133
67 257 324 185 109 104 291 173 149 286 213 346 237 143 110 108 96 332 213 9
148 197 96 109 252 129 240 27 74 128 253 187 244 164 347 66 239 146 149 216
51 104 40 345 241 88 100 328 26 229 255 36 306 306 142 64 49 114 138 227
77 47 331 105 219 339 338 93 155 230 149 127 190 62 300 192 273 227 316 344
337 260 257 284 162 73 259 216 115 150 328 90 326 278 142 222 144 81 146 318
347 43 173 80 258 150 250 333 19 193 325 300 56 139 254 331 148 25 173 204
306 263 274 196 177 179 332 249 87 66 124 175 118 295 179 14 37 157 147 142
195 139 254 245 315 269 208 19 157 49 248 278 247 165 276 181 182 257 168 41
90 46 217 175 65 81 191 133 42 258 170 312 65 186 132 35 40 103 289 190
168 303 295 191 132 79 38 32 256 340 252 14 193 303 285 145 294 67 322 102
79 334 299 278 238 49 307 89 79 187 281 299 219 314 21 292 264 206 199 280
113 282 218 244 246 33 204 231 110 134 115 99 272 85 58 30 53 261 300 293
203 113 337 265 84 141 301 318 222 200 154 43 100 327 79 343 283 274 166 303
51 113 346 338 94 116 102 162 7 44 76 153 249 165 232 339 31 129 35 106
102 226 234 140 19 103 34 255 315 86 90 34 277 164 335 51 158 268 69 228
62 252 175 308 206 236 318 171 39 213 272 320 268 123 257 40 258 22 196 252
48 195 330 288 246 249 153 141 127 53 269 87 290 178 85 77 294 231 320 37
266 13 101 256 230 207 163 45 90 347 342 123 63 332 89 341 185 216 69 276
279 143 278 61 34 237 141 299 141 289 75 178 201 50 301 154 316 309 194 280
182 187 93 97 21 57 197 323 318 137 16 268 48 111 164 74 206 176 20 107
121 125 13 211 132 241 201 74 106 310 74 118 14 249 155 207 11 305 74 93
277 332 12 193 307 285 252 186 281 16 233 34 304 85 24 245 277 259 234 332
42 330 238 9 118 27 198 236 99 14 34 203 8 347 107 186 245 286 262 333
10000000 10000000 10000000 10000000 10000000 10000000 10000000 10000000 10000000 10000000 10000000 10000000 10000000 10000000 10000000 10000000 10000000 10000000 10000000 10000000
259 166 101 106 155 299 68 128 7 50 111 197 68 260 185 289 236 333 255 318
256 173 82 211 211 136 229 281 115 29 312 37 106 216 251 125 116 153 342 338
149 297 319 31 27 280 119 98 54 164 257 229 15 324 240 341 202 295 240 272
231 251 26 328 74 303 283 164 175 57 74 265 114 274 133 37 294 185 44 263
330 60 318 196 181 127 160 302 311 320 200 251 149 342 15 289 170 282 317 162
246 104 306 111 148 130 162 226 111 76 215 85 248 26 120 48 136 71 241 10
70 260 224 178 61 82 44 24 73 214 173 312 154 289 291 146 158 204 107 260
264 233 141 271 43 123 177 198 62 132 144 276 106 314 53 33 108 146 290 103
8 198 71 242 12 312 254 306 127 165 89 204 269 85 183 46 74 269 264 71
236 229 121 343 181 67 150 292 86 301 253 248 142 41 65 321 183 334 253 72
197 18 32 94 63 66 278 53 158 64 287 32 274 56 178 7 158 181 90 321
62 316 217 322 250 214 329 118 122 38 314 315 273 111 220 190 221 125 39 324
13 225 62 90 184 222 59 102 341 340 341 271 97 186 224 224 195 321 231 77
311 144 185 337 183 183 66 325 133 96 134 214 173 133 182 102 68 66 62 85
201 204 165 228 234 63 188 129 325 185 101 251 127 224 203 129 211 175 143 264
51 252 22 230 295 258 106 180 161 210 178 229 258 236 89 67 228 127 345 149
302 63 139 149 296 65 117 16 176 332 85 216 65 310 144 27 34 180 78 167
104 179 113 72 106 150 78 296 151 69 303 110 258 145 42 42 115 336 225 259
89 163 121 143 216 316 138 249 219 233 82 81 50 216 243 190 154 287 232 277
269 84 156 196 305 104 168 74 278 197 152 104 332 159 200 122 64 188 21 57
265 77 252 183 184 45 286 70 170 333 92 311 29 250 320 125 65 93 64 299
336 306 319 10 173 289 207 301 92 196 334 264 301 146 101 9 238 257 56 138
119 180 242 242 228 157 198 35 253 177 312 322 213 41 328 98 264 161 107 335
135 176 199 29 237 83 166 175 152 53 222 158 216 222 135 148 32 47 125 157
203 265 62 105 312 276 300 67 159 83 336 220 110 294 48 61 158 240 34 231
50 242 295 158 206 334 66 174 289 212 226 185 335 342 263 313 304 67 114 342
183 270 334 216 111 181 345 141 133 28 146 64 42 10 103 121 110 131 334 44
315 168 113 100 157 100 9 26 60 30 240 190 174 74 37 273 162 208 203 191
42 252 203 244 87 28 279 142 284 130 261 229 214 25 344 7 121 231 305 58
172 271 327 100 302 299 328 175 261 127 143 336 295 138 220 122 111 227 249 347
135 238 118 338 234 92 218 143 74 45 294 217 249 88 11 140 98 242 126 21
275 51 148 184 160 121 155 46 343 108 250 282 19 148 24 194 256 51 112 233
202 226 248 98 241 323 202 278 227 119 295 223 178 54 118 321 53 343 48 166
276 199 138 134 329 313 186 144 278 201 127 113 51 112 65 62 49 85 217 25
313 278 17 334 190 345 195 313 179 322 33 347 244 155 30 105 37 260 310 58
121 283 159 312 165 205 224 329 301 38 14 164 34 112 129 24 296 199 134 121
103 159 304 280 73 261 75 290 329 308 343 133 26 257 227 281 240 220 37 65
126 200 163 263 210 287 233 186 89 292 172 152 68 76 279 123 244 195 255 338
181 185 145 225 134 161 139 192 165 155 233 15 108 329 233 197 150 134 241 26
90 151 150 27 191 315 117 222 318 35 80 61 31 183 340 58 204 83 340 92
155 196 98 90 234 40 192 297 74 173 48 203 76 101 315 204 228 45 190 152
329 248 116 137 292 37 154 122 38 188 86 224 141 249 110 309 242 273 43 331
336 262 26 126 51 191 187 252 307 150 22 262 293 347 80 220 197 147 297 212
71 150 161 254 163 230 347 339 320 282 54 50 171 176 224 272 19 128 263 112
201 42 331 27 294 323 232 267 266 276 331 140 325 210 221 252 232 62 199 38
336 116 310 118 12 328 185 214 240 51 172 161 153 145 321 69 346 324 184 334
202 80 53 245 284 154 129 327 19 286 134 86 42 184 272 28 241 238 215 43
10000000 10000000 10000000 10000000 10000000 10000000 10000000 10000000 10000000 10000000 10000000 10000000 10000000 10000000 10000000 10000000 10000000 10000000 10000000 10000000
254 313 19 336 200 125 197 99 284 271 218 208 196 322 324 59 183 98 340 115
31 258 9 98 77 48 225 238 76 74 66 243 258 40 262 325 119 238 288 272
116 255 30 70 294 307 312 117 132 163 31 118 128 149 155 153 170 240 60 271
197 216 250 54 344 46 108 338 297 197 141 84 347 282 29 299 215 51 137 202
32 312 312 53 48 29 298 320 206 91 219 114 326 92 154 201 319 254 309 8
125 153 160 149 288 159 54 128 309 209 70 11 185 229 82 31 271 213 232 66
319 39 109 326 318 298 137 312 211 21 299 221 239 324 69 318 64 66 208 86
42 71 27 209 57 122 347 334 145 27 203 226 259 343 191 131 11 39 13 117
52 298 107 212 300 159 60 139 102 181 127 323 274 56 19 160 199 68 218 293
111 304 235 246 240 89 210 305 204 306 231 293 62 163 66 115 110 7 74 11
27 306 76 116 300 322 77 335 97 12 36 164 342 176 323 291 246 262 310 165
129 32 115 326 323 290 91 63 28 215 215 22 257 275 140 106 100 84 7 268
20 214 198 204 100 190 88 28 226 190 175 280 12 66 204 78 280 118 222 224
184 195 30 346 231 289 115 338 245 282 118 156 39 109 283 238 317 276 245 78
52 186 185 261 245 35 49 163 291 227 203 215 273 174 272 268 344 200 62 289
303 294 160 30 303 151 123 122 72 310 301 297 221 322 43 183 33 77 336 206
55 262 206 240 329 184 278 245 207 70 231 191 132 31 252 223 299 149 67 35
251 143 100 146 168 47 307 332 147 307 316 242 285 268 102 21 184 209 156 117
253 17 213 209 21 96 51 184 274 163 218 165 186 308 85 200 327 250 285 67
151 313 249 227 171 48 181 282 146 278 56 273 46 238 57 181 318 90 343 58
153 331 24 29 278 306 329 280 285 228 302 160 79 119 255 241 176 121 102 57
306 100 300 268 323 211 109 344 291 215 333 234 109 82 241 244 145 21 18 37
23 10 336 317 181 174 24 137 17 166 175 23 130 178 118 188 67 203 327 229
220 316 185 101 98 306 231 347 247 93 96 287 56 330 318 103 104 325 167 317
152 69 328 23 97 205 9 115 345 13 347 262 169 138 239 79 173 287 316 128
254 55 167 343 217 42 276 103 201 242 271 83 130 338 129 95 183 33 340 28
300 188 220 11 203 197 259 286 76 188 253 117 228 142 155 58 121 210 262 42
36 347 304 239 45 39 85 285 166 252 24 254 183 302 216 51 323 168 213 247
47 144 280 230 297 155 324 281 272 300 179 204 243 260 60 34 141 296 267 40
45 48 87 291 86 123 45 95 111 33 233 155 147 145 109 336 341 16 111 191
206 14 307 249 75 167 181 211 273 239 294 205 93 37 184 342 52 146 247 213
152 134 126 329 194 195 336 262 74 73 99 41 314 318 301 345 208 204 266 11
268 298 323 48 82 337 145 347 41 241 320 191 207 43 172 113 194 274 9 226
188 113 270 274 125 338 64 211 167 281 8 254 231 66 94 114 310 340 124 178
184 134 281 37 112 269 225 252 254 217 49 144 225 100 309 261 143 70 168 111
229 237 110 205 64 173 82 159 103 226 105 190 25 7 236 137 303 113 256 249
114 254 79 12 69 303 27 273 306 159 175 236 34 279 147 152 170 277 290 242
306 168 220 212 192 343 334 157 291 250 116 326 32 104 47 180 53 51 199 54
212 128 308 75 215 29 210 38 19 180 269 331 191 224 236 168 221 44 119 246
88 94 119 146 80 341 154 135 249 147 186 216 299 203 247 214 151 142 40 179
21 283 134 225 251 89 147 214 301 287 206 344 234 307 182 35 342 159 293 161
288 19 254 164 142 262 130 60 97 106 121 43 213 241 260 131 298 47 231 179
292 336 106 300 85 321 182 149 268 230 11 126 75 184 267 231 20 289 308 294
181 61 149 49 15 125 265 213 280 178 111 340 289 211 156 314 175 196 316 255
233 306 81 28 124 87 195 241 169 265 273 103 210 224 44 336 23 52 47 232
155 270 232 320 166 242 17 220 64 218 117 176 64 26 261 11 177 233 297 198
111 215 76 167 105 229 79 166 139 165 107 288 156 266 111 192 88 210 58 211
10000000 10000000 10000000 10000000 10000000 10000000 10000000 10000000 10000000 10000000 10000000 10000000 10000000 10000000 10000000 10000000 10000000 10000000 10000000 10000000
62 146 233 184 183 249 172 320 145 95 341 330 150 207 13 202 237 150 110 244
159 123 207 269 74 195 63 333 133 305 330 228 115 158 34 252 318 40 204 155
305 342 316 86 59 91 242 129 114 280 211 299 274 57 81 111 136 332 281 109
80 39 297 135 228 130 230 248 133 61 183 249 343 276 12 127 102 286 92 187
185 120 166 135 281 68 171 30 73 215 243 341 163 7 91 215 83 95 36 228
33 326 207 277 153 133 15 242 322 116 346 151 85 307 17 23 261 85 37 261
222 316 322 131 59 296 94 322 116 327 168 71 273 46 120 27 39 153 122 323
85 282 20 139 93 265 31 32 339 290 72 88 61 155 298 33 228 39 176 246
8 287 14 16 279 332 121 240 44 310 136 214 136 58 24 140 185 208 292 166
128 183 196 174 269 253 152 27 116 220 274 85 149 158 251 217 311 164 28 62
275 176 42 243 272 186 215 269 282 80 283 80 16 132 168 107 65 96 251 106
267 299 214 152 23 262 275 16 284 149 242 152 238 272 212 315 335 114 270 142
174 182 212 293 250 229 268 31 238 294 145 9 328 124 285 136 149 264 190 303
209 264 65 211 37 330 54 40 12 240 189 9 299 152 78 141 65 16 157 207
40 140 186 187 242 174 239 301 72 164 81 124 187 108 245 18 249 310 256 53
300 194 158 247 194 332 332 287 88 112 164 261 254 203 287 345 311 119 103 96
270 110 181 104 248 81 172 192 131 248 151 279 228 272 89 87 128 85 54 292
36 222 43 282 142 67 170 337 72 16 50 190 115 284 207 43 106 316 259 191
231 105 85 295 132 158 245 37 170 271 39 275 305 322 158 143 232 56 223 150
188 164 232 189 272 48 322 280 77 243 114 72 195 181 298 89 302 111 345 143
90 318 41 266 245 328 225 105 118 127 24 49 12 134 258 66 168 177 83 322
244 311 193 149 32 205 319 23 193 228 15 314 339 232 30 241 104 99 221 194
238 28 133 279 161 261 328 69 241 211 61 305 58 78 335 47 231 57 146 7
269 344 76 171 117 341 320 72 153 155 188 43 101 150 163 120 329 256 249 92
70 248 135 62 200 250 112 204 157 97 22 254 64 108 252 63 331 240 314 43
324 50 178 80 98 74 77 217 58 161 293 219 78 338 321 191 287 276 188 102
347 72 122 206 107 95 276 42 279 269 143 105 203 214 106 259 116 136 219 275
279 293 238 344 194 53 213 152 316 92 138 180 221 233 248 159 117 222 54 288
137 219 151 121 305 235 180 339 211 26 286 277 161 295 214 55 89 283 12 323
217 90 243 266 256 70 24 91 64 343 208 336 168 128 338 60 16 77 275 236
112 92 30 217 236 256 150 291 64 287 277 213 227 136 170 129 287 48 237 172
79 298 325 50 134 297 343 82 274 60 28 299 143 282 228 88 146 35 183 343
174 261 211 10 212 126 224 326 150 190 40 195 236 270 15 97 265 194 318 177
109 139 324 153 215 195 38 229 104 247 65 233 185 189 89 103 105 185 197 272
202 275 165 292 141 327 269 242 302 225 335 133 327 246 283 41 292 134 346 314
124 120 92 252 200 173 35 37 55 277 105 263 223 55 60 259 117 31 113 266
220 167 82 275 119 187 290 70 254 295 61 327 289 271 82 176 42 191 267 75
52 192 125 345 289 113 90 304 61 64 324 172 141 73 278 212 168 270 78 144
72 96 330 341 324 51 322 56 214 344 157 188 84 183 21 47 136 207 103 194
252 268 299 173 334 114 29 84 116 85 114 256 15 40 160 190 70 268 196 244
299 242 59 226 187 223 104 141 32 217 276 64 108 215 307 223 322 250 76 322
41 306 250 290 38 245 190 12 21 66 284 291 157 344 256 90 276 140 289 140
137 320 69 227 156 153 110 183 166 37 238 153 304 190 126 318 66 336 241 278
107 103 308 175 224 250 214 172 86 71 215 126 133 200 245 112 40 308 251 251
157 48 311 61 156 313 209 256 252 173 18 194 206 187 317 312 300 180 132 231
171 227 229 101 268 322 116 79 232 270 253 203 170 14 163 193 262 308 310 207
186 54 329 115 20 102 254 306 241 18 148 215 59 216 176 199 323 159 146 147
10000000 10000000 10000000 10000000 10000000 10000000 10000000 10000000 10000000 10000000 10000000 10000000 10000000 10000000 10000000 10000000 10000000 10000000 10000000 10000000
331 59 138 185 140 127 218 103 261 85 10 119 104 84 17 268 24 136 252 298
33 229 342 133 7 239 94 102 28 332 329 169 156 340 315 214 268 303 202 175
279 62 332 92 287 172 225 232 338 110 132 28 311 10 232 345 211 152 79 162
73 202 135 308 173 261 95 167 166 213 117 77 257 290 169 346 51 237 65 256
19 247 282 44 232 269 312 102 191 258 87 334 163 14 55 173 54 232 166 216
64 197 47 282 335 339 59 78 232 333 62 75 101 316 25 277 16 261 29 201
266 103 255 243 228 268 297 310 34 331 301 120 254 320 339 59 97 214 213 164
44 139 168 276 335 24 184 87 36 136 326 336 120 156 12 272 149 236 262 280
333 150 90 183 208 273 154 316 335 100 66 53 61 298 180 145 171 197 196 129
283 124 212 191 312 343 161 91 18 11 179 341 63 35 156 90 260 128 124 280
109 270 205 224 279 142 186 203 33 39 324 87 220 103 177 165 226 77 196 305
77 50 185 321 318 176 247 90 41 267 70 86 111 135 65 33 84 229 27 106
344 230 68 9 16 200 29 44 105 345 179 79 117 59 62 286 209 193 206 308
256 346 230 161 57 165 90 186 106 96 223 346 280 57 209 253 244 46 75 181
308 53 128 101 51 336 306 69 327 66 254 107 149 139 79 144 276 337 200 59
178 19 127 137 105 305 231 233 326 279 267 251 119 45 303 342 70 139 229 183
236 195 139 188 191 281 181 13 160 186 236 218 109 96 272 346 217 166 71 293
233 142 322 116 232 319 214 315 183 192 178 238 58 127 261 237 311 13 270 173
296 300 283 96 55 136 321 17 296 189 317 14 66 130 281 148 41 221 36 68
55 181 158 206 233 7 221 246 179 296 56 94 114 103 76 90 215 336 83 174
287 271 305 282 321 96 7 159 343 295 340 180 239 346 288 11 101 320 201 233
261 264 256 336 181 131 68 182 10 297 66 331 209 322 277 10 344 16 148 248
93 85 203 239 141 198 226 174 209 343 70 27 47 328 161 189 228 134 190 241
275 243 198 315 183 227 197 273 154 321 140 25 274 318 126 246 108 86 255 332
112 244 218 340 94 93 125 334 268 321 128 347 250 118 135 316 38 115 134 234
97 77 76 238 150 141 88 284 60 237 104 57 94 165 60 263 253 108 291 123
316 189 285 334 347 255 151 276 318 281 208 332 192 244 322 200 294 47 38 297
144 287 273 22 240 341 69 75 267 51 153 59 238 159 341 265 217 287 15 7
146 308 67 85 139 298 284 194 259 292 109 270 192 225 153 67 257 284 203 139
216 284 143 9 85 53 121 43 198 228 213 211 87 202 206 21 75 335 125 14
325 317 216 204 281 289 240 29 325 94 162 84 126 206 66 275 253 160 163 235
275 292 21 86 320 150 223 252 336 70 243 67 50 229 293 95 301 269 183 69
80 38 82 89 69 316 62 275 44 141 64 202 51 226 173 109 124 171 207 236
16 326 330 141 243 164 341 315 170 302 209 246 11 270 308 318 105 69 199 194
279 224 47 73 137 146 114 194 138 220 314 244 329 60 158 88 137 205 53 10
146 226 227 184 197 121 85 311 115 244 124 336 310 203 91 157 85 263 263 156
326 178 284 11 252 324 236 238 258 232 96 108 303 52 126 171 154 179 127 75
57 197 260 337 242 107 215 42 323 277 37 196 242 198 153 203 180 119 65 26
268 88 21 52 80 346 343 64 207 91 325 160 339 210 22 44 306 254 277 173
205 148 343 276 89 196 140 281 347 216 30 301 174 86 185 278 273 84 85 89
164 40 172 296 278 287 246 300 287 81 285 292 25 197 65 38 193 300 197 70
316 131 296 90 192 120 342 88 220 312 138 223 36 285 322 144 211 74 273 211
255 236 334 309 41 84 181 245 122 71 87 182 170 151 194 41 304 65 226 33
110 94 294 258 104 191 253 34 167 62 307 215 17 279 227 177 330 237 166 326
12 273 291 180 333 197 158 253 154 300 342 154 293 261 317 25 26 150 206 63
17 130 45 133 255 226 43 307 250 141 64 120 52 196 308 335 269 341 247 120
20 193 51 258 114 203 284 185 184 328 214 93 263 129 141 104 114 131 109 167
10000000 10000000 10000000 10000000 10000000 10000000 10000000 10000000 10000000 10000000 10000000 10000000 10000000 10000000 10000000 10000000 10000000 10000000 10000000 10000000
74 21 242 49 276 124 270 187 302 273 337 194 48 182 154 105 37 98 37 337
301 304 344 155 318 28 302 288 343 310 164 74 161 132 284 292 193 228 238 154
167 60 241 164 100 99 290 311 209 182 157 181 98 38 45 326 57 146 80 157
68 241 59 269 124 271 246 292 129 222 238 229 112 287 168 224 58 324 339 183
302 149 344 56 10 63 276 198 304 208 287 314 107 136 292 337 191 16 17 65
125 103 161 160 319 301 47 323 344 10 271 33 43 32 227 137 91 114 226 141
345 61 147 332 9 78 219 343 248 338 263 34 95 232 33 232 75 309 128 139
143 240 29 300 256 179 86 306 31 250 102 113 223 256 204 221 10 78 56 281
321 311 201 188 66 310 251 119 55 290 244 184 48 55 167 286 251 327 234 340
55 304 72 37 275 165 169 301 241 175 306 22 312 195 155 208 140 231 38 42
59 325 10 177 228 295 71 143 30 308 339 127 237 193 84 310 144 160 42 283
330 7 258 308 245 189 299 140 181 295 38 232 208 131 336 153 302 165 200 104
294 115 11 313 224 184 131 19 325 150 103 19 275 253 145 323 237 37 283 288
234 203 13 248 291 174 65 131 118 158 20 216 139 240 336 111 330 9 15 340
310 266 229 215 31 179 175 160 94 238 232 291 10 30 31 153 54 218 132 123
312 42 58 298 92 179 224 303 58 138 119 44 129 86 129 150 269 290 45 205
27 132 306 170 283 118 120 78 217 159 301 333 16 181 290 177 184 274 276 162
341 144 111 16 31 288 83 233 64 306 15 67 346 146 28 98 325 80 251 324
188 114 146 304 149 204 294 75 54 303 306 163 210 25 115 102 29 151 211 86
162 148 21 193 122 86 26 120 18 28 274 347 157 341 262 263 344 74 312 286
312 119 41 162 307 339 238 97 105 17 115 82 186 65 342 226 210 332 191 105
231 109 78 178 189 155 118 208 80 11 15 186 234 279 316 190 324 60 238 133
13 95 204 286 127 340 261 343 291 233 311 281 228 158 282 102 145 305 341 243
94 106 265 97 78 62 41 344 18 64 322 213 297 27 64 78 338 243 224 212
287 116 114 188 335 117 313 44 8 10 234 212 254 193 58 242 88 121 282 15
213 64 34 78 18 28 297 141 181 296 179 96 71 148 330 306 289 252 89 337
61 148 39 83 177 333 165 127 39 174 214 248 153 104 228 98 28 40 107 205
71 220 64 17 220 250 314 136 27 216 67 93 196 259 51 320 31 238 180 184
72 90 338 117 159 248 228 299 17 299 165 99 241 158 328 158 23 347 199 228
202 122 225 322 321 160 316 276 283 167 142 269 324 35 328 306 118 84 85 268
31 112 9 83 95 144 145 345 82 213 340 131 172 269 295 105 146 53 232 52
273 328 340 254 267 82 270 289 273 280 187 222 156 48 216 281 228 253 241 254
268 252 345 148 63 161 292 322 69 137 114 55 328 63 260 234 235 63 39 149
340 64 237 163 39 73 337 111 170 34 215 319 38 58 37 258 60 255 336 37
133 301 193 282 163 296 60 41 47 60 146 43 194 44 11 127 41 323 229 198
120 232 197 268 27 19 74 163 103 308 7 314 137 256 99 170 11 321 271 176
219 289 151 178 215 330 214 245 134 330 26 284 207 200 81 172 7 197 53 237
262 314 213 150 242 297 28 252 267 64 325 71 122 157 135 153 248 150 74 192
40 346 74 193 210 268 325 10 226 276 115 155 248 243 113 314 172 102 313 287
123 251 216 293 21 332 23 167 275 213 58 123 233 279 46 276 319 54 316 309
183 148 174 160 261 219 91 322 268 287 20 148 303 275 264 113 92 107 298 69
255 241 249 125 340 16 104 109 114 316 72 97 211 134 266 137 308 96 65 169
124 328 269 198 282 40 341 81 60 276 167 94 124 14 77 160 85 304 111 54
14 287 149 315 10 62 9 33 315 208 115 66 60 94 147 177 253 310 127 52
203 74 46 191 103 286 16 161 230 272 252 57 191 104 213 339 115 222 129 124
102 315 108 25 325 18 158 173 232 9 201 239 261 115 280 93 248 198 187 95
285 315 264 120 344 12 186 160 157 323 89 124 17 250 174 209 228 274 113 37
10000000 10000000 10000000 10000000 10000000 10000000 10000000 10000000 10000000 10000000 10000000 10000000 10000000 10000000 10000000 10000000 10000000 10000000 10000000 10000000
56 264 23 71 27 241 22 322 293 255 53 38 274 279 152 101 211 108 345 267
341 43 186 192 202 54 29 49 280 175 42 347 110 171 335 322 207 45 203 8
137 247 284 222 75 199 223 35 117 105 16 265 127 144 139 62 145 30 81 154
273 334 297 88 59 164 267 54 290 30 14 50 150 287 292 233 252 321 153 230
283 222 122 116 224 160 103 343 97 79 53 316 290 332 304 187 33 116 299 342
25 99 243 159 332 255 104 259 128 140 84 59 306 209 22 83 258 346 333 17
170 188 42 153 300 41 195 189 101 319 306 102 109 238 289 102 345 172 19 122
8 107 92 27 62 116 42 197 39 204 288 317 16 273 177 334 308 131 114 17
258 50 17 206 196 294 214 303 136 254 334 221 93 220 198 231 243 209 117 86
47 57 18 22 332 61 108 273 200 283 241 134 135 145 210 322 54 245 20 21
8 343 43 346 217 342 148 209 125 301 236 274 112 83 34 312 29 133 114 61
43 283 84 317 75 274 122 326 333 135 134 321 11 225 21 119 284 140 44 166
67 148 316 81 241 90 236 294 221 331 266 103 295 181 116 201 162 172 209 21
47 142 207 64 337 299 249 64 140 211 41 73 261 32 130 159 16 29 280 13
213 332 43 301 181 190 235 19 261 7 24 200 155 332 108 103 192 325 190 127
203 174 336 275 248 87 172 52 233 288 234 178 257 286 300 23 77 40 95 13
263 41 37 268 89 15 112 324 19 272 258 291 222 274 198 89 37 325 187 307
129 249 315 301 215 267 112 186 287 156 35 272 69 261 24 162 204 327 164 240
127 270 58 149 32 18 68 333 210 237 241 241 96 61 211 318 226 151 79 335
8 318 288 181 269 196 284 140 121 334 276 140 77 71 199 143 191 176 148 199
335 85 163 25 274 175 77 248 157 190 169 19 201 326 29 232 29 324 157 105
26 92 322 129 129 317 29 272 267 240 110 117 185 21 298 169 125 339 340 92
49 166 296 191 46 64 166 7 56 28 41 165 37 342 145 339 278 235 178 100
218 215 274 86 93 300 224 107 253 92 310 71 216 120 223 302 243 215 128 23
190 85 232 83 157 35 260 300 166 285 111 236 277 185 328 317 29 166 328 169
105 276 205 132 156 146 232 283 29 190 242 57 338 313 57 130 208 129 335 257
268 60 324 300 52 103 256 37 346 342 187 243 336 7 161 263 34 276 105 174
70 140 324 10 192 34 79 196 134 23 308 255 200 117 246 39 11 159 59 110
180 329 97 105 97 246 50 52 317 346 229 108 129 261 174 130 12 217 123 160
289 27 219 302 178 122 299 18 84 193 32 269 260 93 223 261 91 169 239 245
82 91 275 275 248 115 341 260 19 147 202 175 281 52 93 256 87 145 158 120
292 297 313 280 112 272 278 59 28 279 94 257 49 287 52 72 313 84 329 318
145 165 110 325 89 28 12 74 145 45 152 166 268 339 40 48 38 82 40 152
204 242 180 335 40 322 219 26 199 145 127 284 329 290 141 204 39 135 257 281
11 194 179 307 237 133 12 160 319 177 222 283 325 60 15 24 138 255 52 93
234 257 168 67 156 174 217 83 144 66 323 251 145 136 111 74 240 210 125 128
261 33 234 300 325 330 112 214 49 150 177 93 345 109 146 167 183 291 338 114
129 59 227 347 184 263 37 219 343 179 46 154 83 18 151 120 226 169 228 218
199 318 272 179 138 159 340 76 136 323 219 256 308 332 92 318 314 160 165 237
180 51 251 42 136 101 148 320 45 184 176 180 315 146 7 156 67 54 227 216
330 282 137 109 266 308 23 34 144 55 116 218 252 310 134 61 235 77 160 305
283 249 242 271 36 180 263 144 46 56 318 52 119 282 133 341 99 215 233 128
110 173 44 345 285 235 196 279 262 336 159 42 275 200 85 103 60 153 253 242
84 104 162 236 342 341 67 308 141 106 316 131 96 24 206 89 15 104 217 292
10 294 172 347 250 309 250 330 304 24 98 25 20 138 186 197 87 68 239 262
313 335 110 252 142 88 81 43 160 62 279 205 26 143 44 201 288 38 13 204
174 74 259 204 119 179 307 346 207 268 190 124 117 121 16 142 65 285 136 184
10000000 10000000 10000000 10000000 10000000 10000000 10000000 10000000 10000000 10000000 10000000 10000000 10000000 10000000 10000000 10000000 10000000 10000000 10000000 10000000
151 203 124 10 117 209 166 96 91 184 167 119 272 315 264 331 162 307 252 275
66 238 43 321 205 259 196 23 199 7 272 67 298 220 128 166 62 131 216 203
60 178 331 223 90 72 112 205 74 184 343 302 250 52 288 91 88 29 320 8
169 319 102 137 153 299 61 183 258 177 34 278 74 171 215 167 67 205 262 232
299 142 340 29 32 156 226 56 299 175 264 68 226 327 180 211 121 243 174 8
8 259 58 260 61 202 58 168 257 113 84 80 194 117 259 82 167 178 32 247
129 58 237 125 43 28 129 117 311 110 289 294 275 87 39 303 192 175 269 153
311 164 315 336 137 116 224 277 197 31 72 40 10 224 128 217 264 40 78 231
171 192 335 150 28 192 115 257 43 181 188 298 297 57 118 43 298 178 145 143
271 80 170 7 316 38 198 27 82 63 131 60 222 166 337 139 260 51 125 315
139 203 256 35 264 18 284 104 37 189 66 179 101 202 347 245 239 298 178 59
127 73 7 203 29 170 248 77 335 8 199 66 25 264 24 199 241 163 12 177
204 332 157 242 337 101 100 214 311 125 137 60 301 99 84 25 264 171 283 195
295 86 262 180 165 193 46 201 237 131 199 255 219 134 345 288 234 184 345 204
333 273 103 52 161 184 149 221 333 27 57 201 285 197 309 340 35 113 265 302
78 156 133 146 188 32 344 133 339 192 86 257 339 99 184 223 162 244 163 151
151 193 314 270 84 165 273 279 297 135 327 51 105 64 119 259 245 127 46 124
139 108 111 238 96 133 114 270 309 188 152 21 208 174 72 106 300 243 204 160
162 208 39 289 344 295 168 19 121 309 125 335 108 138 215 314 152 268 64 58
91 177 202 175 302 47 154 338 56 117 158 59 60 15 252 283 92 58 207 43
118 154 187 78 19 335 41 36 67 185 150 226 241 326 41 165 73 266 245 63
70 27 86 124 123 196 243 119 136 41 262 38 153 100 190 34 193 163 106 285
271 20 274 119 252 163 264 156 320 60 324 31 139 67 53 123 164 61 62 228
35 320 189 237 63 199 266 307 49 336 91 59 226 258 20 289 251 290 293 51
174 124 280 33 206 236 105 99 26 294 72 62 221 329 9 79 344 230 166 278
239 132 198 204 339 333 59 32 342 278 91 149 127 73 178 79 243 175 97 296
89 166 145 40 75 162 225 105 49 79 257 50 278 288 122 157 113 63 213 128
39 112 100 217 122 117 341 18 271 179 321 70 170 215 325 57 22 198 347 343
268 215 333 277 146 310 169 328 21 252 219 315 220 290 307 21 70 162 67 325
236 160 258 225 155 303 148 313 204 267 203 143 201 250 33 101 263 267 255 305
276 160 322 131 67 297 35 109 185 11 68 245 332 319 220 131 278 33 210 16
241 138 320 187 133 161 126 70 185 225 13 124 157 321 228 73 272 255 49 119
155 341 237 273 250 242 311 257 344 219 109 160 86 311 327 21 194 318 29 126
308 299 219 58 294 111 41 260 101 135 221 325 300 184 297 112 109 310 65 126
247 9 115 7 280 181 315 169 107 104 320 190 305 189 343 248 106 278 100 230
230 73 250 111 188 334 334 341 42 215 37 254 21 35 333 88 344 296 55 142
216 110 208 295 176 166 107 57 141 19 279 64 21 70 231 45 246 54 270 185
46 309 144 178 197 240 100 130 221 236 237 45 141 75 103 225 37 47 181 34
20 9 201 167 332 203 50 117 297 52 288 284 275 138 27 284 192 297 309 86
100 17 76 331 39 211 225 35 230 145 324 53 29 129 236 87 223 60 78 168
173 15 78 335 167 155 70 160 202 184 152 228 312 157 146 173 188 143 313 142
126 274 232 268 260 13 166 276 138 234 202 109 33 15 170 299 296 52 243 190
214 116 61 290 125 280 147 244 168 187 342 206 301 114 327 244 143 65 249 225
336 339 268 333 29 11 57 346 332 56 141 323 213 345 322 89 171 8 280 221
347 262 263 121 258 95 41 268 112 156 16 317 103 343 268 270 252 335 330 23
271 316 118 80 212 35 270 33 203 144 209 191 291 250 52 54 98 241 191 220
175 116 335 313 112 43 42 260 167 98 132 51 20 176 104 313 320 222 89 210
10000000 10000000 10000000 10000000 10000000 10000000 10000000 10000000 10000000 10000000 10000000 10000000 10000000 10000000 10000000 10000000 10000000 10000000 10000000 10000000
235 272 135 106 215 95 314 54 219 32 275 129 90 333 40 80 293 346 341 176
69 325 46 304 313 123 228 120 34 223 192 48 259 57 113 47 129 84 130 339
89 229 147 204 245 301 73 253 270 155 260 340 178 65 81 183 242 32 316 155
138 20 200 176 222 95 53 334 301 116 147 291 73 274 182 312 163 195 13 276
113 40 76 64 61 171 242 103 213 324 102 177 271 39 181 195 233 322 98 329
166 217 147 99 36 109 307 255 303 151 340 160 138 49 240 290 131 159 86 38
173 320 180 292 296 236 210 246 74 123 143 300 286 220 129 226 165 58 79 65
337 87 240 27 242 8 168 46 83 206 277 128 315 96 278 333 167 347 97 164
256 96 49 75 291 68 18 29 198 137 151 147 82 44 342 63 107 78 262 173
161 32 115 118 259 118 184 37 204 145 51 25 340 255 148 51 284 97 318 173
275 83 258 58 75 75 74 137 171 66 139 23 200 7 20 141 26 219 294 264
41 111 66 309 111 68 158 326 201 89 69 127 319 90 342 122 339 267 187 232
84 27 12 66 343 23 173 243 93 14 293 150 89 269 25 323 235 271 332 33
114 90 74 160 330 235 155 242 109 104 223 161 261 256 77 12 241 119 231 292
307 286 94 17 7 103 54 254 181 256 241 134 204 296 256 323 177 72 49 346
174 204 68 215 246 312 196 130 285 220 64 153 284 321 107 158 53 83 207 318
22 243 130 143 185 254 109 114 298 69 262 97 16 311 272 298 340 166 290 80
286 68 247 124 22 344 70 343 124 345 91 141 338 167 305 187 120 160 256 336
138 189 213 138 253 188 198 295 306 49 203 12 159 249 174 227 40 17 243 16
180 196 127 340 98 187 19 172 70 30 304 85 175 316 134 322 344 45 78 215
333 147 148 318 170 294 190 72 61 310 91 61 300 191 273 310 312 85 340 120
66 330 12 66 279 186 338 112 135 223 101 314 151 321 269 325 153 64 23 112
278 339 51 63 277 7 190 115 196 341 234 135 177 261 223 114 182 267 146 52
80 152 168 342 240 168 310 126 306 93 320 260 113 338 115 334 149 289 245 248
233 153 139 11 315 128 320 67 132 268 241 134 301 28 103 290 274 311 217 271
82 234 271 32 24 310 102 83 335 57 347 303 37 217 321 162 328 137 133 271
110 21 267 110 324 167 48 7 338 261 313 168 82 87 131 43 267 92 203 119
215 300 343 323 241 78 187 279 150 70 283 300 235 245 114 68 329 139 7 178
280 38 311 125 146 127 167 299 9 12 53 163 50 118 347 67 196 92 155 104
228 125 55 130 62 223 83 114 147 293 218 223 236 21 156 102 306 255 118 108
334 54 118 62 168 272 161 19 224 83 107 221 214 18 100 323 42 275 40 136
19 208 288 222 74 266 33 18 264 34 91 60 244 115 109 186 211 327 125 252
42 240 181 285 239 183 105 79 264 310 71 269 184 201 119 72 195 122 226 195
240 132 233 135 69 273 252 259 144 62 68 162 166 247 306 310 214 81 9 32
302 255 248 134 240 294 273 250 286 298 37 102 229 246 174 268 335 11 271 127
92 143 271 182 310 276 160 336 203 267 135 302 336 177 153 264 265 93 236 182
38 17 95 18 106 116 75 277 214 178 139 82 98 305 305 135 28 53 80 313
282 277 317 133 126 63 313 284 340 138 28 317 83 301 307 82 253 259 288 315
277 326 296 36 269 346 103 255 344 86 266 124 321 78 13 294 330 325 39 128
275 100 42 130 11 181 237 53 91 192 314 46 109 113 149 72 54 30 121 240
50 301 212 123 288 317 62 132 341 104 189 50 326 180 47 94 126 179 75 276
119 101 284 178 268 98 173 81 201 245 93 9 314 331 152 136 80 199 42 204
72 123 52 129 68 68 274 61 128 223 13 34 312 335 120 296 240 246 114 302
193 103 149 284 227 144 267 145 222 232 210 199 322 251 236 80 337 158 118 198
115 103 87 70 161 233 339 120 254 132 90 234 211 9 110 50 159 157 71 201
231 203 307 306 15 126 182 17 140 284 331 163 302 69 77 203 292 177 66 99
39 87 33 241 247 301 146 62 97 135 264 63 246 154 132 177 9 95 12 23
10000000 10000000 10000000 10000000 10000000 10000000 10000000 10000000 10000000 10000000 10000000 10000000 10000000 10000000 10000000 10000000 10000000 10000000 10000000 10000000
166 224 292 227 163 253 109 252 87 140 90 321 140 341 113 102 269 233 174 294
100 128 14 282 77 333 304 88 114 107 114 71 111 323 187 256 196 81 346 343
286 341 115 42 323 111 314 227 173 314 285 290 142 347 289 298 52 328 125 59
88 73 66 246 20 156 64 280 223 124 150 34 324 47 200 199 244 317 130 337
315 339 165 114 36 127 40 167 225 212 298 77 62 332 260 166 183 296 94 34
295 186 323 338 247 43 195 117 294 73 131 240 303 181 82 147 163 186 45 158
71 256 64 54 69 260 334 135 265 345 132 211 340 248 35 19 283 19 195 81
228 340 145 56 112 24 217 152 164 215 234 34 24 108 333 174 223 38 131 91
298 196 29 194 130 252 253 204 84 213 19 141 143 193 202 280 301 154 231 340
32 167 324 324 337 266 184 231 294 150 108 139 41 327 154 92 154 196 166 243
97 249 133 121 12 191 247 281 179 238 184 290 168 237 146 259 345 308 160 284
302 125 139 263 125 235 26 214 18 17 11 281 54 62 18 232 336 164 287 327
346 335 109 175 285 202 115 71 293 137 19 164 278 143 149 99 176 31 26 107
214 167 313 175 164 246 318 190 189 54 321 272 290 26 128 179 55 134 113 224
9 338 299 279 176 206 201 10 228 14 236 187 151 230 243 98 58 297 299 245
109 94 281 326 283 17 332 212 9 172 313 127 275 243 7 317 189 203 104 324
101 59 60 245 34 301 10 110 13 181 184 14 264 151 196 78 320 299 32 243
206 169 30 100 108 22 232 297 186 7 121 291 255 234 105 201 288 164 155 104
225 44 63 207 138 277 289 228 60 263 336 121 323 160 20 322 257 251 337 281
243 318 26 163 116 171 69 259 171 139 297 65 41 202 49 123 68 301 182 319
10 213 150 28 259 289 309 270 54 21 123 27 36 176 48 99 300 126 9 326
199 53 293 124 27 13 346 233 196 293 66 267 240 339 145 319 160 292 124 141
139 116 248 232 72 279 204 337 185 185 157 216 112 299 56 139 75 51 318 206
51 126 113 338 79 36 96 236 317 252 81 142 224 155 216 320 301 333 32 237
74 76 323 149 67 272 23 302 92 29 208 18 129 237 178 220 279 133 328 55
84 187 320 217 103 12 104 177 335 185 50 305 96 69 298 147 272 223 294 203
61 22 181 33 222 108 178 180 330 265 37 308 14 110 145 265 158 231 78 105
334 285 74 141 145 213 139 121 246 106 97 272 117 61 145 206 126 80 259 341
193 82 196 149 135 280 247 309 208 255 59 77 87 74 189 58 263 148 341 313
301 29 344 10 265 330 153 196 67 198 325 72 226 66 147 123 296 20 274 316
239 331 321 266 146 262 167 289 17 146 177 326 185 181 275 27 190 251 221 296
335 337 156 212 212 93 57 37 174 296 13 212 258 129 248 153 281 231 194 343
340 14 340 170 21 207 79 14 317 204 288 62 249 285 79 141 8 9 234 298
341 134 80 107 216 334 224 261 146 106 323 340 97 267 321 178 104 307 15 181
143 294 18 22 121 33 276 293 330 301 228 20 341 237 316 248 108 116 124 268
93 11 34 298 77 95 191 263 100 115 239 319 124 340 39 244 306 76 267 136
18 212 139 47 251 261 98 245 18 232 225 58 8 114 144 243 24 204 165 221
198 188 166 124 152 181 210 187 313 76 293 104 249 320 308 135 271 123 139 250
152 245 206 303 201 184 287 84 333 88 305 216 8 168 85 324 277 77 96 15
216 270 261 244 140 232 284 142 75 167 25 273 128 184 268 202 97 334 305 277
50 36 183 30 264 233 319 169 222 232 28 81 346 42 306 249 49 119 327 296
8 73 150 232 212 57 183 285 289 207 9 268 24 143 87 243 209 87 252 221
240 227 183 92 72 201 338 189 274 216 253 270 257 347 249 236 65 226 166 273
79 109 248 55 154 167 112 127 340 37 68 105 227 332 67 84 16 32 56 306
240 16 307 22 128 7 306 52 94 255 241 246 155 175 277 265 310 231 296 129
72 199 304 77 140 311 326 159 235 11 329 12 113 9 7 252 288 313 87 48
211 62 316 251 58 37 156 343 187 248 254 135 181 265 263 21 256 41 197 134
10000000 10000000 10000000 10000000 10000000 10000000 10000000 10000000 10000000 10000000 10000000 10000000 10000000 10000000 10000000 10000000 10000000 10000000 10000000 10000000
254 59 46 255 236 245 179 117 22 143 103 172 123 117 177 216 229 113 8 82
209 256 100 154 268 149 305 115 270 95 15 304 205 99 290 236 264 217 63 7
258 274 322 263 336 273 167 79 27 94 91 48 239 325 341 312 80 12 168 249
227 333 324 98 42 10 330 212 223 296 24 135 270 278 170 45 154 321 219 74
292 317 216 217 154 116 331 213 323 255 46 251 100 166 87 223 224 29 177 290
254 204 291 10 102 223 153 344 262 42 255 188 74 96 269 221 117 150 220 144
296 298 204 160 214 118 64 43 140 192 94 325 144 63 319 86 277 341 36 219
323 203 254 79 228 36 274 166 148 212 284 265 220 137 75 67 270 217 7 293
145 61 289 133 32 285 347 230 42 322 331 257 328 331 333 248 309 170 45 73
140 193 301 299 296 289 173 249 169 340 273 51 241 202 42 337 50 161 15 221
261 40 320 17 295 169 224 309 281 72 198 164 321 221 255 151 35 347 176 303
56 115 140 77 199 138 202 307 149 171 307 160 320 139 282 146 250 321 254 51
269 179 122 248 336 12 126 25 125 74 31 215 119 112 180 198 154 20 66 132
321 255 315 159 155 211 128 136 229 91 139 24 26 331 55 272 293 35 110 298
318 272 19 324 106 7 65 347 287 195 129 337 128 289 174 113 216 154 329 91
38 205 343 342 326 43 170 58 95 242 135 121 8 343 207 250 324 125 91 254
333 103 273 195 297 297 160 167 97 279 59 124 16 254 43 90 304 339 342 270
158 259 15 180 156 99 287 8 210 10 342 196 294 256 206 116 252 172 24 11
88 346 105 205 184 211 335 291 158 166 23 47 323 259 191 162 211 173 32 21
58 309 255 345 207 83 172 129 214 172 243 252 268 288 146 211 133 334 188 318
149 123 116 340 264 34 103 331 232 16 304 150 77 199 266 212 298 284 271 33
199 312 64 325 94 272 25 43 236 293 321 155 113 22 35 146 201 29 63 144
287 195 250 113 175 15 264 31 46 46 10 295 12 48 202 181 309 317 74 232
205 109 14 195 255 292 42 243 85 114 133 41 268 134 38 103 41 236 340 123
197 85 294 342 208 341 158 232 73 200 56 126 331 310 279 42 315 155 61 252
164 124 281 323 315 8 22 75 225 268 92 49 106 171 209 160 307 180 79 209
245 92 15 130 340 23 205 276 174 66 278 141 47 128 106 140 116 170 141 156
206 267 129 62 286 175 295 17 9 153 56 43 134 339 253 319 289 41 182 173
85 62 8 80 111 238 262 169 341 282 146 137 160 213 77 329 72 119 145 341
222 248 144 214 283 84 61 299 212 220 163 95 27 124 338 274 197 193 29 305
229 282 31 57 165 88 243 236 253 313 87 234 299 128 328 312 45 24 141 154
218 328 185 194 338 310 203 10 259 330 249 335 167 46 17 301 294 270 344 50
178 287 230 336 144 304 314 128 326 97 184 20 64 251 121 284 203 227 132 32
337 23 151 83 341 24 289 52 213 330 347 151 78 293 235 86 217 340 140 168
109 170 307 166 51 71 320 237 226 290 188 11 196 131 284 249 266 34 187 111
45 77 331 49 347 212 102 156 213 279 291 172 184 280 210 186 106 299 42 97
316 58 215 260 25 53 149 321 164 186 182 186 154 109 266 264 201 283 174 199
103 152 33 248 214 168 54 12 257 300 340 120 127 67 289 61 101 184 222 55
198 51 43 110 177 347 332 32 333 128 22 285 151 64 341 278 212 180 201 306
32 239 114 49 238 158 333 181 122 75 309 67 36 62 12 330 340 269 323 327
118 24 74 11 109 48 165 78 320 70 112 304 127 140 265 185 104 229 275 314
254 285 248 164 255 314 292 317 206 29 298 321 20 154 60 14 154 239 184 290
264 287 227 91 327 345 98 30 24 198 25 105 217 127 239 148 161 300 270 184
184 132 10 151 327 273 219 316 296 191 58 167 326 211 101 104 50 289 121 221
296 116 247 227 18 281 191 42 309 83 238 308 300 117 328 23 300 161 172 176
133 215 245 219 67 92 80 262 277 98 266 316 103 11 319 64 42 28 313 112
68 27 98 221 319 239 281 323 48 299 234 15 317 27 109 216 95 207 305 323
