10000000 10000000 10000000 10000000 10000000 10000000 10000000 10000000 10000000 10000000 10000000 10000000 10000000 10000000 10000000
155 255 260 30 59 145 340 175 51 53 138 265 219 183 100
316 76 309 199 317 13 136 281 330 174 346 9 210 275 291
336 101 174 152 344 325 331 228 307 159 23 148 70 92 81
121 188 169 85 112 265 311 55 113 280 44 260 300 294 16
262 175 55 25 203 298 153 138 173 156 23 309 347 323 242
89 211 24 189 108 43 22 97 43 317 27 307 320 72 123
222 145 222 261 129 158 14 91 249 283 266 265 246 52 316
335 238 132 232 110 274 159 237 179 26 273 292 118 51 317
200 339 73 195 193 75 175 133 148 48 271 221 142 21 242
14 165 190 168 264 298 58 11 302 124 135 199 339 121 154
165 317 132 267 173 50 12 106 226 212 307 332 151 90 308
87 129 277 42 33 288 123 17 94 33 279 124 226 184 307
319 65 129 37 208 310 194 292 294 232 303 168 64 322 85
208 28 213 55 15 168 337 296 337 25 27 120 50 156 239
167 57 106 308 226 180 177 77 293 26 152 178 97 166 271
25 193 199 67 322 72 150 21 311 330 42 175 296 228 181
102 12 46 48 110 255 64 274 323 77 251 202 164 132 36
292 332 174 148 141 282 290 257 147 21 198 275 184 143 26
18 83 81 42 160 332 36 251 10 205 232 38 109 51 100
329 41 263 228 29 66 119 214 190 265 114 163 336 198 243
192 8 26 121 341 184 41 229 160 122 222 225 192 22 200
72 34 177 132 88 135 61 160 347 107 310 164 243 123 45
221 41 247 160 160 56 207 159 150 58 79 285 54 71 45
337 8 13 246 191 141 152 166 182 106 206 208 234 167 241
37 109 247 100 125 10 86 319 208 70 292 84 110 313 255
322 263 35 291 196 137 209 87 131 235 301 181 186 286 162
123 203 183 287 315 265 341 42 83 49 248 97 201 50 159
22 108 314 283 211 336 181 162 33 257 143 239 121 184 38
9 278 81 303 136 254 228 221 305 332 147 292 161 24 138
205 110 271 195 180 258 14 48 341 273 268 127 124 90 316
65 313 174 14 85 83 284 239 183 296 169 206 175 270 252
112 90 48 222 38 341 18 94 25 181 293 132 41 49 14
266 55 277 286 43 164 170 138 184 184 290 66 44 22 184
274 150 64 46 265 294 32 249 68 236 235 268 71 120 135
279 174 229 286 166 125 322 44 322 20 44 207 29 101 231
10 304 150 78 34 21 266 344 259 317 90 95 27 159 186
198 92 203 273 161 149 341 220 8 145 233 59 142 179 303
278 261 225 26 141 211 12 142 154 222 98 249 183 256 269
211 174 153 210 241 15 178 36 275 346 245 241 60 97 108
183 139 325 164 347 187 321 20 66 149 282 141 140 186 88
128 65 102 243 244 190 338 344 302 306 94 296 190 240 177
158 298 214 309 37 287 60 17 186 66 28 106 58 67 274
208 327 103 21 41 288 216 107 332 288 195 257 216 144 48
61 121 321 60 67 291 336 307 266 235 298 225 289 60 143
256 83 211 261 323 139 86 91 332 108 11 170 230 125 83
197 326 293 307 233 299 223 20 284 240 115 143 161 53 293
307 15 90 157 204 172 177 203 267 292 169 167 216 293 7
10000000 10000000 10000000 10000000 10000000 10000000 10000000 10000000 10000000 10000000 10000000 10000000 10000000 10000000 10000000
180 101 311 59 276 36 94 181 126 113 240 9 66 248 298
240 280 14 158 221 43 50 39 100 111 116 165 236 228 149
18 108 51 166 45 100 130 14 88 211 101 42 285 216 172
54 30 78 187 204 294 221 229 189 212 131 164 44 227 103
115 340 62 208 209 114 143 18 103 318 35 160 161 134 278
335 167 162 255 321 20 9 329 201 269 8 321 152 75 61
121 274 7 321 314 308 284 60 243 16 38 166 163 103 35
278 196 346 189 256 297 96 254 338 167 35 100 260 52 195
335 283 147 72 245 56 176 334 47 89 56 193 37 252 306
280 86 90 39 171 107 199 168 163 110 319 258 205 285 284
280 112 272 152 39 261 161 179 172 29 111 303 194 281 170
336 57 98 333 132 141 44 86 250 251 245 81 243 126 190
105 195 203 86 111 289 211 214 21 200 31 47 145 285 298
88 324 177 82 223 334 28 281 95 290 253 213 210 152 105
157 281 290 271 304 142 303 249 215 161 101 129 133 240 110
169 158 222 320 24 145 111 94 129 189 68 186 207 187 276
64 86 308 137 257 155 108 20 122 15 64 224 122 266 132
227 292 62 235 160 270 317 87 126 182 275 75 93 144 116
326 129 283 59 300 89 119 103 331 38 75 96 150 138 260
217 21 50 299 322 245 192 87 306 205 167 323 29 311 134
324 328 90 283 248 56 165 115 299 204 281 269 173 22 243
219 107 104 251 202 318 152 224 109 272 134 133 81 32 54
244 55 268 82 88 174 307 56 249 111 168 285 303 64 163
295 271 293 106 79 140 283 159 308 294 18 46 269 152 197
191 184 89 39 22 190 317 320 49 288 255 230 310 217 185
225 116 40 41 29 305 22 110 25 225 192 202 328 241 253
320 263 263 16 315 197 88 318 247 61 74 64 184 171 95
207 346 101 209 104 164 121 143 62 58 230 189 181 334 294
340 196 64 91 292 243 107 35 299 335 346 146 280 322 107
334 68 57 285 67 264 179 144 139 308 307 144 303 256 48
99 278 291 59 253 140 180 170 212 186 76 215 106 43 17
83 132 199 226 152 281 251 182 253 274 223 234 326 269 235
190 107 197 125 147 74 260 240 40 104 125 247 238 282 297
137 59 151 238 206 297 327 116 277 98 63 319 290 226 120
146 122 201 292 54 253 262 83 21 27 209 186 19 71 329
298 215 52 337 199 43 83 347 108 306 170 108 74 305 209
205 165 144 150 140 228 9 22 310 112 192 256 32 82 278
7 94 191 315 285 50 239 127 323 90 217 281 104 38 147
153 51 244 278 194 290 286 46 273 108 50 250 107 200 62
68 20 64 171 29 22 217 209 291 288 104 295 314 101 92
285 111 292 334 135 81 285 179 236 211 326 237 331 229 333
214 299 23 253 72 255 171 345 147 214 29 109 317 79 89
56 123 158 125 19 198 254 187 285 234 105 100 90 258 153
255 243 230 230 294 275 53 35 134 143 327 37 106 140 191
268 193 190 42 65 312 264 215 260 303 296 243 251 279 289
160 327 74 19 149 150 181 328 304 273 216 222 51 180 28
154 89 285 213 190 20 17 53 314 187 288 103 148 132 315
10000000 10000000 10000000 10000000 10000000 10000000 10000000 10000000 10000000 10000000 10000000 10000000 10000000 10000000 10000000
76 338 187 66 240 129 236 27 83 181 319 236 7 193 207
114 26 13 209 39 272 224 333 329 332 314 308 321 200 237
286 200 326 292 115 326 24 91 315 150 66 316 274 63 239
263 48 96 162 273 162 116 45 54 274 176 263 42 289 51
101 41 223 343 177 124 228 158 299 199 71 131 339 41 205
241 217 194 306 221 18 177 96 275 325 272 246 89 134 96
107 237 132 185 112 294 119 136 219 161 184 263 298 240 289
70 328 57 139 344 221 271 62 62 145 224 168 324 152 132
323 150 327 283 326 315 339 337 177 310 56 231 28 156 159
199 228 152 45 146 20 232 152 267 98 158 166 77 16 100
246 304 51 38 276 276 280 243 209 97 221 230 67 233 317
194 242 135 76 254 325 14 237 216 201 95 258 110 197 129
36 201 18 96 344 57 260 273 95 24 265 127 324 8 229
313 195 157 18 288 162 160 243 65 110 24 88 325 187 99
314 254 139 82 346 114 45 43 254 124 122 58 78 240 8
118 141 344 73 150 217 218 334 297 32 180 339 251 133 125
161 132 286 291 31 325 165 304 101 187 22 31 124 342 109
61 39 139 268 12 151 23 247 266 279 278 9 48 253 302
28 43 157 134 90 265 68 21 74 7 303 9 68 120 273
308 331 186 25 182 96 52 21 335 63 266 52 61 64 167
78 338 289 98 148 107 290 80 195 67 335 220 182 32 28
56 270 93 259 167 115 175 79 221 328 57 240 82 170 46
147 196 219 260 347 151 120 48 262 312 304 227 73 252 273
300 175 101 85 95 259 93 133 13 209 280 136 129 241 186
129 280 134 343 97 268 341 275 99 234 69 224 211 86 221
49 267 144 221 283 254 204 223 77 228 174 332 320 308 313
234 270 45 38 143 204 37 91 139 85 82 246 35 70 314
271 37 69 135 274 98 329 300 58 84 213 344 67 200 100
339 44 172 300 170 28 322 239 323 80 296 87 144 190 101
113 80 178 125 67 329 174 104 309 340 288 224 206 323 241
261 115 101 43 26 224 206 257 270 141 47 271 13 328 101
320 292 343 179 70 256 63 188 313 29 163 267 119 275 281
11 230 185 230 223 55 329 135 149 324 222 35 307 11 18
330 132 313 320 74 87 128 11 200 49 96 212 232 115 83
86 260 229 241 44 171 32 323 209 169 186 25 106 90 279
130 68 125 194 341 98 118 221 124 153 229 224 155 307 192
198 31 80 220 116 53 345 188 210 178 238 77 161 288 237
322 130 95 232 181 101 139 44 265 97 149 55 276 90 216
36 288 296 242 130 159 151 130 57 85 97 9 21 91 289
31 284 19 251 137 231 87 334 180 253 243 55 45 80 127
107 271 182 324 278 24 105 288 235 283 36 186 102 215 123
199 187 102 345 229 145 55 111 262 16 131 208 316 321 55
199 249 339 186 118 15 174 276 118 122 37 298 86 293 74
253 103 104 200 219 75 251 301 125 95 186 76 134 87 65
239 150 174 332 328 234 83 262 231 177 345 257 253 260 45
47 167 189 105 61 203 192 310 194 191 90 212 258 335 243
194 155 59 222 251 186 301 249 237 103 18 167 260 135 32
10000000 10000000 10000000 10000000 10000000 10000000 10000000 10000000 10000000 10000000 10000000 10000000 10000000 10000000 10000000
341 75 180 162 41 171 280 164 145 75 314 85 342 37 133
60 181 27 331 207 347 296 56 324 246 42 235 194 117 16
57 76 315 52 85 59 213 342 29 152 65 86 37 306 306
233 289 264 143 301 118 152 98 281 346 90 108 226 10 215
336 347 26 231 82 173 291 155 239 95 198 62 273 73 346
248 287 73 282 310 173 154 302 226 20 75 245 137 266 288
121 245 42 286 162 346 158 244 312 28 94 221 259 61 170
87 11 81 10 169 193 176 123 75 232 180 78 126 124 253
149 10 245 283 129 209 122 212 174 257 166 49 298 41 102
219 64 86 35 147 324 24 149 268 74 323 290 113 155 187
114 90 143 132 337 204 138 118 303 58 10 182 52 220 56
214 8 142 44 134 89 22 252 224 316 301 298 248 256 154
10 86 301 124 73 36 52 39 149 32 135 62 164 149 317
214 212 67 318 72 190 12 246 345 103 255 267 175 133 316
92 269 233 210 106 96 92 44 115 46 70 103 147 267 335
258 284 111 47 319 139 127 241 140 193 231 315 245 157 314
153 209 212 342 35 164 294 149 82 175 329 29 247 285 347
333 200 200 219 175 138 345 79 47 255 136 257 112 210 160
114 171 208 316 226 211 128 8 55 187 215 235 300 298 192
299 92 248 284 290 130 271 315 139 168 232 57 154 189 311
126 226 166 243 241 214 259 155 258 339 71 120 74 329 284
19 148 182 167 261 290 151 218 41 336 44 289 252 17 108
207 207 103 232 201 129 200 75 201 118 179 327 337 48 314
107 89 61 29 223 229 84 199 307 77 99 74 59 175 343
198 102 66 137 41 107 256 248 287 194 103 313 187 253 306
316 103 187 160 203 87 219 241 83 37 92 277 267 241 159
336 106 205 325 266 115 344 284 157 20 220 205 101 266 294
200 259 182 310 188 224 133 97 152 118 13 103 209 178 166
346 16 286 127 78 137 27 206 251 178 229 120 301 281 100
268 178 274 188 191 115 143 210 46 221 141 218 79 149 42
244 330 187 150 200 163 283 335 344 85 54 243 125 113 106
273 280 168 286 324 306 154 24 132 121 133 183 211 38 166
129 92 87 153 190 220 134 214 86 18 95 203 123 135 126
153 236 318 17 106 234 316 127 226 84 182 281 292 334 136
194 199 304 233 159 89 127 127 181 76 313 277 246 144 115
207 202 89 223 290 300 315 155 110 78 195 184 142 67 320
92 129 42 235 50 226 113 293 156 161 310 173 328 277 334
293 59 65 64 243 24 319 131 315 249 226 207 235 335 188
266 226 204 227 179 209 277 203 74 161 65 79 195 44 245
131 98 58 19 85 78 329 161 321 50 136 197 8 72 62
40 320 281 254 177 297 151 258 100 261 84 239 137 200 17
227 81 282 79 44 27 20 210 46 260 124 41 104 264 244
273 279 312 86 331 137 259 9 42 26 337 161 297 205 261
68 289 27 208 52 118 299 68 292 75 202 74 270 30 281
50 233 336 300 143 294 263 288 141 255 296 224 256 237 101
237 214 64 190 266 180 12 70 298 149 254 230 147 234 299
44 343 82 78 212 314 36 233 60 287 93 164 260 250 140
10000000 10000000 10000000 10000000 10000000 10000000 10000000 10000000 10000000 10000000 10000000 10000000 10000000 10000000 10000000
198 246 267 227 318 340 201 76 338 174 91 53 232 306 239
279 81 143 207 278 231 229 294 141 262 162 46 317 76 81
284 306 87 336 335 200 190 122 35 48 44 36 245 313 10
313 307 97 318 95 186 256 285 335 343 115 258 84 193 65
27 177 58 175 119 67 197 173 320 335 93 33 118 194 236
124 20 289 19 39 97 53 271 309 310 231 228 11 93 174
37 152 334 42 105 199 37 112 169 79 324 118 230 165 68
308 266 139 289 121 321 140 238 272 90 30 257 84 215 270
154 197 107 24 308 14 232 259 28 44 204 94 331 217 15
10 20 290 307 148 246 135 321 79 312 244 84 283 333 153
74 157 187 345 315 159 185 125 150 276 53 15 246 174 158
217 9 48 170 282 141 215 275 259 282 313 70 104 118 109
95 173 268 335 260 124 190 51 73 176 150 103 221 293 174
261 296 130 305 84 275 255 189 271 46 7 217 133 227 180
139 77 131 231 307 292 177 232 176 176 72 240 88 256 177
120 21 120 35 208 50 45 141 115 193 258 73 121 206 18
184 142 25 345 135 18 221 261 245 159 336 83 306 33 49
291 208 299 41 222 180 7 185 81 236 323 14 236 102 84
237 60 168 346 319 318 44 288 29 82 172 215 298 324 94
52 311 263 48 91 187 346 236 317 287 276 45 36 303 222
194 277 81 254 51 122 273 156 91 83 328 54 239 187 181
128 107 136 71 202 228 186 247 255 217 307 137 88 155 73
155 214 45 73 218 75 31 130 203 17 112 71 21 223 193
282 48 71 307 16 89 329 334 36 12 329 10 221 325 305
304 306 130 27 168 108 292 263 176 291 224 307 135 223 279
76 168 276 135 156 336 167 294 233 300 34 233 67 206 111
254 179 141 10 202 189 339 309 72 161 244 321 97 101 230
346 74 245 233 110 303 207 262 159 167 244 33 267 273 323
68 108 31 124 276 238 309 139 11 309 347 184 191 326 190
74 83 36 246 317 76 165 54 40 317 263 237 143 280 135
128 188 110 184 247 157 338 225 58 346 309 151 335 347 203
242 137 180 24 261 123 338 323 331 35 230 181 63 343 29
250 23 201 324 278 265 339 9 119 121 162 25 85 55 76
52 169 325 36 130 176 346 301 173 7 106 267 92 284 79
266 9 105 245 77 88 124 248 311 294 211 294 40 49 223
212 307 96 277 109 279 333 252 129 70 204 48 49 290 340
22 274 289 99 269 204 300 327 233 333 60 33 293 217 162
101 322 279 124 159 186 314 119 281 52 217 256 30 70 276
101 312 347 51 171 169 224 175 167 36 185 222 298 159 84
75 25 337 107 26 95 341 117 240 130 212 129 223 178 126
104 130 58 190 200 178 167 186 107 96 272 245 206 72 285
60 318 250 8 210 337 291 152 225 310 251 180 96 123 104
66 158 218 147 206 194 14 166 81 151 303 217 87 100 282
289 172 120 97 204 326 259 257 117 17 33 147 249 106 14
250 173 117 168 324 120 211 249 221 261 180 137 192 143 263
27 38 325 72 48 24 265 51 76 107 30 44 313 20 246
109 47 309 77 261 176 117 51 313 44 319 165 235 84 8
10000000 10000000 10000000 10000000 10000000 10000000 10000000 10000000 10000000 10000000 10000000 10000000 10000000 10000000 10000000
14 212 50 281 309 113 176 222 236 109 260 69 290 273 245
75 171 106 22 38 338 181 142 178 48 331 234 334 159 31
310 65 256 169 257 10 185 50 12 105 191 257 165 332 120
260 146 89 174 120 297 194 284 235 233 340 288 36 52 343
54 159 289 284 26 311 317 203 126 151 279 173 16 89 316
24 199 101 208 59 313 321 97 331 165 52 113 261 257 18
84 311 209 221 124 60 189 248 172 194 35 145 304 205 53
253 267 213 106 294 86 52 338 210 335 22 120 220 183 282
169 78 235 249 305 200 138 152 319 126 345 14 144 46 78
185 214 129 231 149 86 291 14 117 334 96 132 284 248 153
46 346 288 106 9 323 265 42 55 168 325 22 332 157 86
189 172 185 346 215 212 159 188 165 60 232 295 16 336 84
198 150 179 285 294 91 215 178 196 148 147 192 185 161 243
229 145 65 16 110 143 320 81 63 49 341 78 26 150 300
17 122 105 154 321 103 328 220 282 68 105 64 306 189 151
19 138 308 326 109 316 130 236 92 87 137 172 288 158 102
337 197 68 89 125 93 161 286 21 20 28 274 195 29 48
264 347 321 144 140 199 189 316 334 115 199 265 179 298 27
84 253 200 59 69 162 194 158 175 162 151 276 96 149 132
109 260 313 188 317 115 347 330 77 248 141 34 183 108 268
162 12 185 94 119 331 17 87 211 126 167 196 150 145 341
93 202 192 177 40 256 345 126 202 220 115 205 106 7 160
205 36 311 92 157 54 97 335 223 85 268 117 46 330 63
282 312 230 344 324 150 40 120 55 216 73 199 300 246 246
320 124 340 184 115 65 153 240 132 147 228 178 177 76 254
244 265 342 331 10 60 200 167 56 96 128 347 317 28 196
94 83 89 209 193 89 291 88 70 84 173 62 83 205 95
54 164 26 194 200 221 37 169 286 323 296 337 41 123 160
244 36 153 194 86 186 21 279 232 169 68 78 306 201 236
43 148 217 305 277 72 79 95 172 341 86 247 18 298 194
151 175 140 135 198 95 13 347 226 219 47 259 171 124 70
56 328 263 249 178 21 210 114 280 325 254 132 44 331 221
221 59 42 143 298 200 213 39 130 268 60 257 153 330 37
312 276 207 280 229 312 105 26 159 47 136 43 336 48 184
8 236 325 19 158 54 309 116 312 113 153 271 250 221 335
281 175 279 289 179 45 216 321 246 326 208 39 182 86 326
165 227 30 155 222 163 189 11 241 327 272 54 14 334 86
154 280 293 242 282 169 106 187 26 190 277 114 141 63 214
268 15 245 24 275 331 123 15 138 315 114 124 44 25 128
306 56 347 48 304 125 154 132 333 314 88 258 68 24 126
210 15 151 172 230 168 261 26 160 214 10 245 303 238 220
165 198 17 286 234 256 15 167 266 156 280 157 85 62 22
325 237 146 158 212 81 260 251 137 201 220 266 324 29 17
90 11 71 53 146 198 140 22 188 172 9 312 67 52 171
76 134 63 220 313 49 329 293 145 82 210 311 140 296 170
86 338 100 164 131 327 24 111 96 245 40 183 294 278 20
179 171 300 322 232 7 245 171 151 52 159 213 220 130 324
10000000 10000000 10000000 10000000 10000000 10000000 10000000 10000000 10000000 10000000 10000000 10000000 10000000 10000000 10000000
215 44 54 165 290 39 137 144 161 277 278 114 65 168 138
38 164 104 67 293 157 195 117 268 27 336 239 169 15 107
114 208 214 213 65 131 246 277 263 333 19 159 31 189 9
84 324 135 56 186 342 333 329 134 267 242 90 256 223 91
279 48 194 154 130 282 339 121 295 254 253 315 325 76 262
300 39 260 233 286 111 242 109 284 117 142 12 212 326 51
58 340 274 59 136 133 135 202 209 123 68 312 35 74 267
346 314 306 191 92 253 289 178 290 53 123 319 272 262 272
94 48 338 249 189 37 208 214 246 85 71 276 316 243 153
202 268 150 158 100 73 236 80 197 98 339 190 230 88 192
198 268 141 191 24 77 328 103 91 260 170 162 84 54 199
81 15 222 225 13 316 230 263 211 292 176 215 147 160 283
143 154 234 264 111 322 322 183 333 75 9 128 73 206 84
191 57 64 199 330 278 47 184 162 245 254 183 280 64 337
289 19 24 264 82 138 245 43 131 270 51 201 220 265 213
148 134 221 56 274 31 75 201 154 166 185 111 38 131 283
246 313 152 212 115 228 240 311 16 124 141 173 239 202 162
90 160 12 24 32 290 117 168 336 80 213 198 69 193 210
167 157 337 316 54 293 198 38 116 196 181 215 281 323 337
245 21 174 334 148 236 186 260 60 16 197 247 181 57 118
201 214 270 244 327 10 108 249 298 180 88 85 43 173 216
143 225 94 308 178 342 258 267 144 14 65 333 222 54 43
293 198 156 295 317 303 103 328 89 98 208 335 257 70 201
60 252 148 199 163 221 337 170 186 235 179 9 143 297 316
233 197 267 307 303 191 165 152 182 329 168 39 265 31 32
213 256 117 134 87 260 288 259 272 264 70 25 293 18 213
324 9 24 86 214 23 114 268 311 302 342 128 145 274 288
187 257 154 283 84 198 147 280 160 17 245 146 54 174 309
291 139 73 217 234 240 201 213 206 59 174 203 47 89 330
13 317 174 100 289 142 314 235 155 55 295 40 222 233 280
99 118 48 343 294 86 148 149 74 228 69 153 25 156 13
310 335 153 37 291 263 35 189 265 138 292 80 321 337 254
301 293 38 149 299 212 247 18 284 140 211 31 175 129 275
267 79 160 288 198 273 157 171 250 307 300 258 194 28 208
314 73 112 290 280 292 290 53 174 29 240 239 275 20 123
283 332 52 201 181 271 183 279 149 168 63 300 284 273 29
187 282 67 18 334 64 200 254 133 167 155 115 190 317 93
246 224 282 200 298 53 130 24 197 170 275 346 230 42 103
21 27 47 161 81 58 243 124 24 185 253 307 138 292 94
33 106 246 32 212 62 41 241 274 265 291 332 300 333 48
136 59 51 104 252 238 284 109 171 63 328 261 49 132 147
77 102 70 223 300 116 246 149 91 105 105 267 182 70 113
164 339 72 257 240 24 128 84 301 300 323 70 142 329 219
83 311 77 42 37 187 157 181 313 68 132 226 105 335 234
75 291 187 90 138 254 128 284 278 310 266 55 41 110 202
116 15 280 286 254 47 141 295 174 126 273 106 296 310 16
120 88 255 67 145 337 344 10 239 194 130 110 295 346 335
10000000 10000000 10000000 10000000 10000000 10000000 10000000 10000000 10000000 10000000 10000000 10000000 10000000 10000000 10000000
278 97 317 283 333 133 292 96 105 298 306 193 254 337 266
336 105 203 60 119 325 8 109 118 70 256 288 45 13 39
160 212 227 144 81 236 297 87 282 98 155 312 26 189 40
74 342 87 282 151 341 122 336 26 26 16 253 22 175 268
212 181 89 238 52 345 10 306 290 116 60 284 45 58 128
276 37 332 268 195 165 299 261 329 311 31 254 328 343 40
12 146 33 88 136 287 29 95 23 18 317 341 265 269 123
149 135 323 228 71 309 327 257 191 132 32 243 68 33 100
64 110 216 69 82 116 7 346 12 328 274 58 276 18 317
57 266 212 340 31 190 322 119 99 227 244 216 123 237 206
114 155 220 292 11 119 79 245 20 23 198 47 23 290 11
192 163 136 113 268 184 326 209 248 316 85 201 9 64 161
239 104 164 342 19 239 264 136 232 143 19 160 50 68 64
157 337 110 116 41 190 311 214 81 294 163 268 72 217 277
122 119 181 105 170 65 139 342 337 244 86 110 318 63 155
168 141 80 20 301 199 203 35 85 340 267 216 103 337 207
161 162 181 186 29 247 80 109 149 266 303 305 159 103 91
323 114 191 300 63 167 21 269 72 305 289 306 112 133 264
193 320 285 89 152 316 218 70 19 117 244 344 249 322 15
126 35 57 224 240 323 123 10 79 340 155 288 211 196 34
97 253 223 78 300 271 231 172 111 61 63 155 158 175 274
125 23 58 341 113 324 166 108 52 315 231 164 101 208 41
130 76 279 106 101 210 330 181 184 277 16 163 288 276 56
93 81 16 343 105 48 163 200 289 215 244 74 102 239 271
249 69 127 289 235 223 121 288 23 170 315 119 290 184 185
93 259 293 200 22 10 262 24 200 307 35 177 262 77 37
71 161 279 50 88 86 13 140 44 334 126 347 237 230 15
69 113 182 59 265 304 137 203 127 34 192 178 117 35 75
215 292 187 221 219 80 179 312 7 241 80 325 327 74 136
342 77 291 335 82 267 57 162 307 120 52 289 245 189 214
90 265 144 207 285 338 263 212 100 212 50 129 147 251 159
321 102 101 11 108 320 53 330 276 137 304 49 184 187 168
215 340 116 120 78 93 137 280 103 175 92 117 202 155 102
335 286 108 8 52 242 321 231 147 110 313 83 172 38 42
49 112 26 183 272 285 71 197 39 50 313 17 295 11 79
259 316 143 262 256 11 278 73 311 14 215 160 345 315 98
39 240 307 293 12 105 75 321 82 301 267 19 178 299 15
242 253 34 211 124 105 64 111 109 74 116 245 86 113 233
294 52 141 62 227 156 215 248 25 46 207 189 263 339 287
261 246 161 239 137 28 158 242 69 114 312 162 251 153 341
201 198 141 247 230 60 128 269 247 337 198 30 135 143 74
286 285 61 59 284 334 251 48 155 156 347 228 10 85 195
227 295 263 234 229 252 171 74 282 241 141 98 167 33 127
339 230 120 42 250 272 249 233 9 79 110 155 36 85 336
36 11 152 8 173 149 138 325 25 22 232 91 286 114 172
51 229 251 274 165 250 337 84 158 114 50 195 266 176 157
121 182 195 132 18 176 251 174 108 184 213 59 337 307 301
10000000 10000000 10000000 10000000 10000000 10000000 10000000 10000000 10000000 10000000 10000000 10000000 10000000 10000000 10000000
80 25 136 137 229 292 46 26 17 321 131 139 131 265 240
244 20 332 180 251 346 288 225 317 144 82 292 322 183 112
48 206 162 311 247 225 46 134 206 98 275 309 250 278 132
68 99 174 191 262 181 177 334 181 290 195 236 322 67 283
322 184 15 10 330 68 131 202 68 228 215 184 38 317 192
133 329 291 174 27 255 111 131 256 232 117 305 206 318 109
266 306 281 276 168 231 286 295 225 35 284 62 47 41 86
226 94 33 275 335 147 289 169 55 108 305 156 60 52 55
40 317 220 343 44 134 301 214 50 332 257 166 17 180 256
237 161 114 119 169 62 66 334 82 30 166 36 191 193 204
283 284 279 210 214 260 91 83 136 37 141 214 45 300 228
158 228 205 97 192 202 95 221 216 222 133 252 97 265 92
119 310 81 206 95 261 31 324 295 310 103 339 324 155 70
59 12 146 39 49 238 33 91 60 307 228 100 306 90 280
186 309 44 339 312 287 63 262 23 344 216 34 297 65 24
346 271 285 290 170 228 290 203 115 101 94 132 86 22 177
47 334 324 145 127 30 131 224 92 13 169 39 183 337 231
255 41 183 124 33 307 287 92 319 238 251 227 219 185 176
335 187 235 277 23 221 96 188 106 248 171 230 247 198 156
313 87 72 36 239 37 162 257 125 133 314 263 252 307 120
147 205 227 222 263 271 301 99 258 41 11 61 21 302 14
180 332 231 162 307 11 346 69 322 60 67 119 238 143 173
12 100 207 10 52 95 308 130 290 172 94 111 325 41 233
171 144 215 202 178 114 245 234 230 172 212 304 340 298 252
302 167 135 163 219 275 180 198 51 116 245 201 107 79 180
49 93 22 170 34 269 166 197 131 315 64 27 287 60 277
217 338 11 88 176 49 310 254 167 79 345 161 212 129 271
72 137 186 289 163 34 319 15 78 289 190 95 10 190 150
203 180 150 90 305 207 245 272 156 153 100 200 307 93 154
163 118 18 225 104 274 164 339 313 48 176 160 195 53 330
129 273 304 104 345 194 46 328 229 117 267 335 17 183 275
44 21 254 161 36 333 175 64 337 336 320 55 176 252 205
144 298 135 108 119 92 295 185 81 119 306 109 223 333 73
343 243 68 134 139 20 188 335 83 128 40 277 324 226 182
138 148 140 66 147 205 142 89 71 333 65 315 341 251 11
36 210 20 258 25 160 41 249 240 116 52 120 108 11 212
270 274 143 151 179 320 138 247 106 171 66 251 186 33 114
209 258 66 45 119 40 336 267 177 205 205 53 139 173 269
163 284 343 199 267 165 22 168 293 322 159 299 37 201 333
240 7 285 332 333 117 11 261 48 227 40 180 88 80 315
22 90 65 174 137 268 104 273 32 108 46 78 212 82 107
206 235 233 220 168 66 144 126 303 277 233 185 275 322 37
209 320 319 308 278 76 98 111 245 160 206 130 261 180 320
319 203 323 262 195 231 305 93 67 328 32 243 102 292 267
130 82 323 68 57 100 239 90 238 30 212 285 258 298 217
186 132 264 320 98 154 145 75 58 196 120 141 127 22 58
262 231 24 162 40 165 308 171 274 252 28 342 292 329 308
10000000 10000000 10000000 10000000 10000000 10000000 10000000 10000000 10000000 10000000 10000000 10000000 10000000 10000000 10000000
238 113 197 253 151 284 108 97 306 67 127 63 296 218 29
252 60 299 101 326 324 94 283 170 244 257 280 199 344 238
247 59 191 143 150 86 175 52 275 145 164 180 210 204 208
108 281 44 291 90 109 295 36 249 256 41 82 112 44 149
318 32 82 168 130 218 23 151 271 65 100 276 305 204 157
130 283 163 261 152 346 101 18 77 149 138 92 87 92 99
273 86 328 97 226 284 183 18 186 63 176 17 347 40 265
255 220 9 156 311 158 130 289 191 276 341 84 20 217 283
69 46 270 220 144 300 63 190 73 151 106 264 203 317 222
244 99 142 228 93 274 291 39 69 331 276 273 103 264 225
88 158 241 255 279 90 248 221 216 208 22 274 215 298 101
230 78 115 96 306 288 334 219 138 135 257 30 247 324 199
262 91 305 213 143 336 141 18 11 44 247 290 312 262 31
196 243 229 276 193 88 64 223 91 278 130 62 27 184 224
313 279 78 177 297 156 182 63 328 219 338 39 33 188 295
317 270 341 140 118 277 315 302 174 321 119 96 199 47 27
248 86 270 195 154 267 238 77 77 106 93 235 325 127 45
344 244 175 323 151 210 264 321 170 176 242 153 117 109 231
231 61 191 24 306 59 318 262 175 43 266 332 233 79 195
273 10 245 146 103 83 44 345 286 185 203 12 215 249 27
286 329 246 28 154 287 118 341 286 318 217 341 127 216 59
233 287 31 132 69 105 175 79 245 248 326 260 14 12 286
293 92 190 146 207 294 75 153 36 304 69 211 186 106 203
289 252 271 307 306 101 236 197 43 316 189 149 30 165 190
288 340 33 139 225 312 114 283 337 54 189 283 171 15 87
197 126 332 89 203 241 147 162 263 169 16 77 243 9 211
147 72 167 48 183 168 92 195 221 141 110 138 309 232 223
9 146 133 106 240 222 278 162 315 245 102 140 85 234 318
45 167 291 287 103 325 282 260 225 160 294 221 238 241 70
163 191 260 64 33 53 265 316 218 306 13 338 82 229 118
342 83 106 182 73 268 340 27 321 289 261 217 217 223 26
143 224 230 11 103 245 32 213 291 133 301 269 238 250 196
268 34 195 297 132 346 244 284 293 256 277 83 48 146 20
144 129 81 313 127 33 174 200 345 234 193 305 284 110 187
203 338 256 144 327 171 43 179 209 314 22 20 274 151 316
15 82 169 38 33 106 334 94 15 27 43 312 266 73 232
205 23 293 259 233 251 181 80 71 310 174 108 69 332 281
36 157 178 99 78 96 298 246 228 175 248 90 94 174 174
156 15 286 260 248 35 341 131 25 127 33 23 97 324 13
169 249 192 145 211 129 67 219 13 233 70 15 200 190 290
118 239 84 70 325 66 75 305 288 32 100 199 181 204 325
230 164 112 215 221 287 285 22 255 114 146 334 111 312 278
61 116 29 117 169 88 159 206 255 101 275 157 197 86 320
113 97 155 55 211 284 138 191 253 72 59 198 180 86 248
341 250 90 151 216 250 284 253 251 197 113 85 147 197 262
288 215 74 157 288 36 325 123 260 347 328 59 258 337 333
218 152 135 179 193 23 109 306 162 62 163 205 268 258 237
10000000 10000000 10000000 10000000 10000000 10000000 10000000 10000000 10000000 10000000 10000000 10000000 10000000 10000000 10000000
256 48 90 265 89 164 269 338 10 291 51 40 210 211 162
210 57 301 103 39 172 248 168 114 133 257 146 298 285 251
90 220 63 294 180 200 229 174 72 255 48 128 89 24 173
34 55 341 277 76 151 140 318 229 163 25 319 298 215 102
20 311 40 245 120 145 113 107 270 109 179 141 156 125 116
128 113 98 257 283 100 166 287 100 300 56 96 268 22 228
297 60 64 66 110 295 226 343 312 285 320 265 210 43 61
228 71 32 152 55 180 341 227 49 61 274 83 181 317 85
134 310 88 35 180 229 285 138 335 124 224 120 255 34 227
337 301 328 92 234 209 99 177 310 283 185 170 200 122 66
330 167 45 317 34 24 334 161 167 297 339 178 48 157 125
313 210 235 256 163 124 9 115 318 21 116 80 36 235 276
182 338 112 91 196 323 156 339 103 137 215 139 342 317 343
99 105 306 148 124 250 308 248 140 188 75 268 326 204 276
19 99 77 66 300 270 235 50 43 272 264 131 74 303 83
266 234 220 95 177 295 227 286 124 272 172 339 173 119 144
320 304 214 220 185 304 322 200 127 196 31 244 77 32 277
75 99 137 68 111 208 273 63 178 20 49 70 123 127 139
206 87 189 133 314 74 18 314 153 122 120 105 333 67 99
333 247 315 297 244 180 262 15 191 137 66 67 275 210 303
130 153 287 294 69 176 234 160 135 146 203 159 185 254 153
310 202 304 268 182 204 62 37 54 39 162 327 94 283 340
331 185 106 81 10 147 280 344 229 251 344 214 342 31 160
14 48 125 95 317 134 257 158 59 27 206 330 27 160 31
224 222 347 159 98 28 159 306 284 24 180 69 227 30 170
306 46 169 47 299 221 267 267 38 85 24 187 288 299 245
128 261 113 262 262 312 195 230 266 39 141 231 313 151 320
239 319 47 134 115 250 203 44 258 181 95 197 42 120 222
223 338 315 40 136 323 191 94 252 46 234 52 207 254 318
70 84 85 106 209 141 317 96 264 155 129 66 309 306 146
40 220 119 225 88 277 301 129 337 318 333 253 256 219 89
113 140 215 132 209 233 112 280 144 247 144 162 233 186 137
197 268 306 29 296 133 273 178 236 225 250 203 253 149 52
289 331 178 33 249 98 104 159 180 165 293 96 145 127 235
122 160 62 195 22 322 301 278 79 137 217 27 206 62 99
254 196 293 292 161 294 200 216 24 96 329 15 320 120 102
247 77 80 294 68 272 307 83 287 280 149 273 149 163 63
11 83 98 49 30 308 187 68 200 156 319 78 25 134 272
8 313 300 329 243 114 108 198 125 192 12 79 186 62 50
215 110 207 302 337 149 86 52 340 7 263 281 63 19 122
228 142 89 178 307 44 39 10 303 323 327 40 61 103 82
44 53 285 124 265 173 160 154 213 89 21 246 47 195 37
164 218 56 199 297 51 115 106 90 76 245 13 46 187 176
310 115 98 180 273 219 208 277 107 35 108 225 344 148 204
105 232 37 293 184 279 340 42 49 306 103 53 175 152 124
178 38 255 124 88 79 50 50 219 22 31 170 301 92 19
318 274 338 246 260 114 158 330 140 23 26 328 135 323 100
10000000 10000000 10000000 10000000 10000000 10000000 10000000 10000000 10000000 10000000 10000000 10000000 10000000 10000000 10000000
145 145 168 259 217 240 205 340 226 243 232 255 15 234 22
345 166 299 233 136 74 292 51 229 331 308 8 82 248 150
269 68 223 159 75 33 126 97 229 84 11 242 194 148 51
235 138 26 152 327 299 212 245 15 154 62 326 340 239 145
327 64 291 204 321 111 320 134 281 41 126 127 118 33 30
112 161 106 130 228 203 122 100 154 257 196 313 327 278 204
284 159 51 318 87 138 234 267 109 56 104 198 164 16 85
275 30 256 260 27 137 138 312 114 271 28 263 129 176 114
153 190 38 276 62 126 162 203 19 173 282 343 303 292 142
24 125 239 118 324 300 143 106 40 137 272 184 153 177 10
265 192 291 23 243 236 132 262 47 196 101 341 156 106 89
172 262 44 239 21 122 304 231 117 101 327 307 99 181 311
278 40 160 113 56 312 54 188 330 163 150 70 264 204 282
39 299 131 45 138 257 206 204 198 342 33 88 55 239 149
232 240 238 7 22 105 309 177 174 34 28 41 281 301 63
150 54 217 329 75 117 69 309 247 99 212 57 124 239 202
266 85 257 273 143 335 280 79 317 143 256 124 266 319 230
221 231 27 259 35 184 230 319 303 18 99 257 58 161 331
169 144 94 139 119 162 131 83 260 312 60 98 159 52 202
312 62 265 71 84 309 11 107 132 71 324 24 166 31 43
142 57 129 253 182 184 124 245 157 7 110 133 91 60 44
236 45 269 272 41 322 305 106 278 265 155 241 48 124 115
230 266 219 22 249 322 30 268 103 161 311 39 33 238 17
332 88 191 324 146 259 130 263 170 303 212 308 294 285 161
126 307 146 254 257 146 103 312 255 273 203 321 116 196 209
144 232 71 287 229 68 346 316 257 233 271 104 108 137 52
83 32 264 311 28 43 18 60 8 144 255 308 300 263 31
296 169 338 175 234 156 48 221 309 302 229 69 164 347 114
264 52 49 347 68 191 114 12 230 300 44 319 229 344 48
261 156 268 39 262 64 168 208 312 268 60 270 291 310 175
279 189 78 61 42 216 289 322 157 119 62 339 165 237 311
221 44 159 62 138 274 153 20 287 337 160 154 228 126 270
128 117 316 43 209 246 282 88 250 42 263 122 142 129 263
58 161 300 144 123 198 222 131 161 340 53 183 315 17 96
175 212 150 197 11 80 191 264 60 284 120 227 86 274 174
38 247 284 153 232 285 339 236 19 14 274 201 299 85 63
284 179 284 96 245 327 109 223 320 289 51 148 324 274 199
59 78 34 170 214 66 274 265 147 120 97 173 134 294 152
46 128 68 300 237 260 161 316 167 243 268 204 143 318 253
216 67 249 69 125 186 33 234 255 287 14 242 205 293 14
165 235 347 334 172 106 276 302 167 155 120 270 277 182 221
200 212 300 68 87 163 213 27 341 257 58 336 79 261 308
188 155 280 119 161 88 209 162 312 9 185 22 346 340 109
66 199 240 213 306 137 319 77 76 137 149 84 259 100 240
169 317 160 326 117 164 17 100 93 245 338 286 308 163 156
79 189 53 277 270 184 34 285 187 271 289 32 83 58 216
213 145 120 218 96 186 147 230 297 138 28 322 211 255 199
10000000 10000000 10000000 10000000 10000000 10000000 10000000 10000000 10000000 10000000 10000000 10000000 10000000 10000000 10000000
204 142 161 80 84 45 270 289 340 271 244 290 193 323 132
158 279 310 187 337 310 316 258 12 197 269 8 51 326 43
159 271 44 276 327 208 223 149 217 229 36 248 341 235 296
198 318 294 97 213 62 214 62 335 266 314 308 227 188 264
25 222 239 82 318 198 215 257 20 154 312 163 204 50 210
346 45 258 46 8 95 171 24 324 19 281 184 226 270 95
188 331 89 154 121 319 195 8 23 325 260 48 57 218 276
28 218 169 84 90 27 229 178 60 234 190 113 135 311 292
190 293 90 240 299 197 229 101 209 77 323 184 156 335 35
33 50 194 127 97 69 14 242 130 337 186 174 276 116 89
29 185 42 103 286 174 43 300 248 145 288 338 46 302 146
203 124 256 309 173 103 144 24 233 60 330 312 186 317 225
281 267 197 61 321 177 162 266 141 323 130 79 199 295 92
344 309 181 335 185 269 97 160 267 231 240 17 270 126 300
195 222 46 176 266 187 83 13 303 116 130 163 131 105 345
223 105 64 173 312 326 9 11 209 94 212 38 195 198 57
45 51 262 218 61 247 311 34 227 214 189 168 178 48 280
265 211 332 338 103 189 103 88 190 132 21 195 174 331 274
274 15 199 215 48 232 72 306 129 157 281 74 214 29 64
136 138 202 23 163 166 129 60 198 93 36 145 100 55 100
316 17 303 268 119 219 236 195 68 327 89 56 321 109 156
117 250 159 13 310 275 190 337 164 236 168 17 323 314 324
37 52 147 278 323 329 54 12 138 131 257 327 313 215 209
258 247 201 177 292 52 227 93 166 106 182 146 59 18 277
62 312 15 35 230 314 163 65 65 131 140 180 128 71 230
334 332 246 205 141 142 205 280 213 171 7 330 273 51 161
94 62 10 175 52 9 231 152 326 139 317 52 120 62 292
254 143 310 290 210 133 102 180 29 76 206 267 285 11 211
34 313 221 169 315 91 69 144 248 100 292 324 279 125 97
206 330 93 12 120 131 322 339 255 78 116 55 69 333 137
182 11 260 44 81 252 214 31 149 137 130 347 125 50 151
277 94 176 8 226 52 302 309 162 33 330 320 225 50 249
159 309 217 43 30 33 225 149 143 232 325 226 217 246 264
37 23 61 313 71 179 115 142 345 185 228 34 19 307 185
129 59 143 232 304 21 204 178 275 179 248 307 52 78 113
95 152 129 9 117 168 83 184 118 288 230 285 89 103 187
274 115 296 327 306 318 35 12 259 93 8 336 113 194 231
13 133 281 124 75 7 169 53 337 224 41 105 64 166 98
77 229 153 86 321 31 34 232 237 42 168 59 146 158 317
138 156 56 276 283 138 192 340 229 344 210 297 232 310 133
217 130 96 106 56 179 132 251 308 329 260 338 281 7 103
146 289 252 289 196 112 272 291 340 254 147 105 30 140 144
31 219 166 175 98 324 122 251 290 319 342 163 105 143 52
288 239 22 247 275 179 338 193 174 207 45 119 134 169 322
302 284 119 210 67 63 12 242 252 222 317 337 120 153 104
287 266 282 195 169 317 155 218 290 180 292 215 202 234 225
312 37 120 186 209 108 186 274 81 228 321 245 168 132 308
10000000 10000000 10000000 10000000 10000000 10000000 10000000 10000000 10000000 10000000 10000000 10000000 10000000 10000000 10000000
239 82 124 31 213 86 42 248 94 66 284 284 117 343 133
259 240 286 53 331 108 69 188 320 229 181 341 344 98 152
173 287 228 294 211 220 99 97 262 69 212 313 269 206 232
246 83 163 250 227 325 197 213 61 275 160 121 275 9 148
293 35 314 162 205 58 255 306 115 81 17 264 321 193 109
139 268 214 265 268 271 135 129 52 303 287 269 290 147 320
237 261 243 23 66 77 39 295 276 137 221 194 233 173 283
188 56 82 281 129 90 332 338 48 143 141 179 289 113 34
187 199 258 191 15 169 52 217 244 247 295 339 11 129 312
21 200 327 58 236 279 308 323 123 75 75 271 140 340 33
14 303 269 273 245 280 125 233 245 45 182 292 253 188 108
132 58 21 106 89 165 207 65 197 309 245 24 216 180 35
308 141 223 263 242 178 227 162 208 202 50 78 19 300 22
177 213 89 334 337 124 334 45 69 215 139 10 9 226 283
40 321 32 235 246 235 184 83 169 49 228 282 80 339 250
131 334 203 271 74 24 34 334 224 252 326 207 46 90 253
109 329 21 74 320 156 72 196 143 238 245 140 166 260 170
26 113 132 308 166 83 190 303 137 7 44 315 43 186 204
82 155 70 258 81 214 145 224 244 234 189 183 148 8 153
203 7 293 281 177 277 324 31 207 50 212 63 331 306 84
172 101 33 83 134 164 269 156 52 16 291 248 169 289 244
159 255 231 262 167 193 304 99 320 225 339 68 206 283 246
148 332 261 72 312 330 250 278 207 291 128 150 96 308 289
78 39 309 283 75 218 285 209 41 110 235 187 216 297 130
52 133 196 262 308 45 249 145 210 101 285 149 175 242 96
125 175 162 149 40 320 122 110 313 128 116 114 235 60 318
312 8 217 306 171 306 295 201 337 175 137 226 126 209 324
37 263 58 286 316 333 136 296 24 227 179 125 341 345 225
347 177 114 158 40 311 264 150 224 139 121 32 188 217 109
191 149 177 171 292 264 20 182 69 134 67 29 35 96 128
236 91 63 205 153 282 204 15 45 279 294 195 332 116 249
283 86 66 53 319 45 250 61 97 135 233 158 157 35 108
259 227 316 256 285 277 158 116 111 205 178 341 73 129 160
228 270 264 250 153 45 154 273 91 168 77 277 307 38 83
87 143 273 217 204 277 304 78 253 336 336 191 282 334 17
128 124 347 311 56 158 116 244 29 238 50 318 33 65 285
269 216 330 41 179 38 78 29 324 297 29 150 200 340 253
34 134 103 97 339 21 40 192 190 20 33 87 254 233 21
265 226 327 283 116 7 81 183 239 263 238 86 108 187 303
302 307 64 144 241 200 251 105 311 152 244 35 134 71 124
201 175 13 107 185 187 261 216 47 141 189 302 136 168 260
92 298 206 49 116 156 157 111 252 254 323 261 246 27 327
338 119 38 135 43 108 134 211 129 132 54 283 339 43 95
54 257 154 226 127 317 160 54 74 63 125 245 33 339 263
159 158 104 244 306 263 27 126 190 43 98 340 337 216 162
252 166 7 166 120 217 195 278 134 250 197 285 169 41 193
105 13 239 86 35 240 51 151 244 28 108 319 137 261 188
