10000000 10000000 10000000 10000000 10000000 10000000 10000000 10000000 10000000 10000000
296 174 130 8 118 198 322 14 236 208
257 165 229 264 169 261 166 239 268 194
220 185 250 289 140 40 168 236 182 181
262 307 268 26 255 279 305 302 176 267
185 294 171 177 246 165 94 39 6 46
128 109 183 245 164 120 294 129 263 161
35 117 164 244 229 255 196 109 118 150
73 287 263 209 69 233 241 82 127 268
43 290 267 153 181 275 126 10 239 246
87 70 201 171 200 323 10 109 90 185
92 61 189 142 278 271 186 271 13 79
147 78 38 127 167 166 309 100 137 66
115 200 16 224 177 120 227 293 149 102
149 202 89 45 27 44 102 213 15 62
187 48 286 314 188 233 65 64 266 38
77 163 175 242 100 195 182 135 102 265
103 183 303 293 70 152 11 112 225 39
208 202 50 84 312 234 196 139 283 199
127 281 63 275 177 59 322 33 125 265
36 50 169 75 290 286 109 187 139 94
166 250 199 134 235 36 322 154 298 229
189 21 184 96 104 133 117 84 309 267
28 89 128 99 61 216 216 144 185 59
137 235 149 67 187 244 179 23 303 74
46 72 82 82 136 165 171 19 84 289
192 131 55 294 280 219 190 195 12 321
196 225 211 242 144 255 227 171 34 228
234 237 126 237 142 150 187 236 188 41
177 226 76 23 263 52 121 60 142 131
81 318 223 203 307 178 195 28 322 200
86 175 17 255 132 33 110 59 217 172
25 297 121 231 118 25 307 103 49 274
284 318 99 253 103 11 245 21 119 258
238 294 45 104 163 270 141 23 106 111
235 35 75 165 135 167 79 225 132 232
176 316 148 275 183 87 274 111 36 220
247 236 179 18 200 46 137 66 45 282
150 137 209 253 77 193 138 74 108 231
141 298 119 241 96 132 55 302 201 198
92 106 179 163 100 144 19 11 17 270
279 268 115 225 170 263 254 156 95 231
31 81 71 25 11 304 176 53 318 52
286 161 209 192 219 155 70 190 222 310
198 130 32 76 95 33 136 248 322 8
150 121 21 113 67 70 142 89 308 185
281 260 294 122 300 321 315 22 214 158
152 213 146 206 174 295 130 114 205 174
72 143 71 63 113 296 230 187 67 91
293 155 302 259 41 159 65 297 41 55
170 57 256 314 223 315 26 158 112 295
171 291 288 293 153 289 263 133 188 81
21 278 173 125 308 80 251 80 313 255
259 275 91 276 296 101 147 266 55 203
190 184 37 145 93 35 282 248 146 183
66 186 41 286 46 132 230 168 201 43
10000000 10000000 10000000 10000000 10000000 10000000 10000000 10000000 10000000 10000000
286 180 268 12 236 246 312 223 73 226
24 323 291 79 164 19 95 219 165 116
300 293 299 131 203 278 268 55 82 127
301 35 288 184 120 252 248 271 149 96
147 14 49 178 116 38 187 233 237 214
293 55 92 66 108 49 77 178 267 153
247 197 70 17 258 42 67 199 301 103
301 234 11 69 189 216 59 74 80 51
308 291 96 41 201 320 46 246 150 110
85 51 172 294 272 150 213 215 78 89
252 255 313 90 136 219 79 249 16 219
290 225 181 79 162 227 177 181 107 269
284 138 270 124 114 157 160 124 35 297
240 90 69 205 130 274 29 58 157 243
8 66 116 43 274 218 170 295 81 126
281 192 14 92 123 10 17 96 174 45
322 220 247 63 231 269 123 16 216 299
290 163 169 134 57 170 278 315 156 247
81 11 47 266 252 163 29 177 54 15
307 99 83 93 252 63 213 140 282 164
167 229 247 61 318 198 211 44 137 287
171 98 76 119 175 305 138 66 267 168
259 55 197 40 158 61 135 64 188 53
200 58 129 211 234 34 59 18 123 50
144 54 198 31 168 79 184 194 231 116
253 61 156 157 197 247 8 244 137 211
19 299 87 117 66 247 20 58 172 185
83 252 275 305 166 93 131 87 192 168
119 55 280 64 218 155 142 286 310 103
28 233 133 9 102 124 182 188 60 65
20 9 98 135 37 97 6 268 171 233
40 146 71 139 159 189 100 96 130 109
46 59 89 303 236 180 91 189 172 70
238 151 60 288 132 217 259 222 212 62
185 6 239 97 56 101 257 76 111 205
210 189 110 273 24 198 80 323 72 75
120 94 213 96 276 280 230 47 80 240
138 244 102 64 138 182 106 33 57 194
226 179 70 178 209 271 184 282 44 180
250 284 209 85 229 291 316 270 63 49
7 156 28 215 153 83 24 39 71 260
59 6 231 201 72 236 185 178 226 214
117 90 254 16 73 30 278 284 58 311
37 76 146 278 114 127 64 197 9 131
12 139 47 280 127 65 37 100 25 163
248 317 215 242 36 317 82 211 54 43
251 309 35 237 76 33 268 288 137 103
179 107 218 196 257 298 11 297 10 60
116 40 299 52 127 164 39 84 87 26
111 215 92 152 261 109 74 236 299 302
281 152 255 191 122 302 318 255 203 313
74 305 308 165 265 293 80 317 59 40
64 310 103 133 134 299 12 144 135 20
183 148 42 87 217 279 257 201 183 157
192 265 45 48 322 80 127 320 160 303
10000000 10000000 10000000 10000000 10000000 10000000 10000000 10000000 10000000 10000000
80 95 178 151 68 212 75 27 181 252
273 9 86 273 261 188 105 160 174 269
207 241 214 96 191 23 236 289 93 322
112 313 109 38 74 142 64 131 88 286
94 76 220 62 129 21 294 316 154 124
21 23 114 21 201 233 118 192 229 214
297 200 227 63 92 171 41 169 86 186
19 271 133 44 266 72 303 283 160 206
285 223 232 285 240 66 60 29 9 321
140 268 50 204 316 148 24 142 83 183
273 118 115 86 170 279 154 314 133 47
6 138 191 214 237 126 134 19 74 117
269 135 212 252 176 204 249 220 183 299
312 122 280 196 190 269 307 58 133 304
124 50 174 222 188 182 299 304 97 96
270 114 202 203 303 189 109 290 224 120
139 56 190 91 206 297 183 140 254 36
134 144 41 143 141 83 288 292 281 127
223 130 307 194 180 173 227 317 18 308
118 314 240 295 154 37 289 219 303 276
253 8 33 106 85 133 289 47 96 267
107 319 150 321 298 260 193 250 31 285
193 180 211 241 88 318 83 224 262 315
185 59 233 121 206 323 8 34 246 21
26 35 193 45 52 29 230 9 123 37
262 261 254 309 188 236 117 189 186 61
320 130 284 90 277 308 145 136 240 181
103 91 243 117 121 185 87 99 111 206
63 195 312 107 203 247 180 100 198 233
159 155 263 117 213 182 45 103 32 309
300 251 198 231 257 228 239 47 98 216
197 167 227 46 227 142 294 105 96 107
292 35 42 50 27 278 107 296 63 68
114 180 158 18 87 286 216 45 68 272
257 129 33 45 196 160 48 315 223 67
100 179 35 241 220 98 160 297 205 275
243 165 182 47 225 267 45 37 38 48
113 52 198 33 238 40 8 163 53 86
93 319 169 67 61 72 289 57 298 33
32 295 145 83 216 22 196 184 135 250
158 233 109 273 31 228 187 6 116 305
219 111 50 89 241 62 303 251 274 254
229 124 106 150 84 193 129 178 283 218
90 225 177 48 239 113 36 172 234 195
70 295 56 171 222 85 251 258 98 216
204 199 58 182 12 197 116 242 261 44
317 209 24 105 20 131 302 229 20 65
113 76 317 106 20 115 38 318 13 263
239 298 196 80 207 285 99 184 72 51
168 254 125 126 238 192 136 267 39 282
291 298 294 61 64 319 305 127 102 321
286 256 207 303 138 83 49 65 92 198
92 287 97 142 118 126 262 53 70 233
144 144 231 296 204 266 184 147 181 99
275 130 198 53 180 190 218 241 251 145
10000000 10000000 10000000 10000000 10000000 10000000 10000000 10000000 10000000 10000000
188 226 90 43 263 306 151 195 196 56
102 227 264 205 52 268 190 142 270 267
108 30 122 272 296 136 11 24 185 64
131 207 230 267 249 9 223 306 85 298
105 225 164 68 303 70 222 249 307 32
19 311 52 117 110 71 49 130 266 193
56 309 188 282 72 181 48 34 49 6
133 148 134 274 54 103 278 69 112 37
305 150 222 128 157 26 65 256 139 323
275 305 131 84 99 280 84 26 6 23
162 11 151 6 35 188 12 173 268 299
313 149 76 294 9 122 265 217 75 55
177 261 224 256 129 300 225 134 64 310
308 20 239 297 298 9 27 124 237 57
120 228 184 109 43 64 100 10 93 65
92 24 184 149 164 213 187 166 260 298
84 33 40 98 52 248 246 231 155 163
276 224 82 284 18 263 96 190 213 134
76 219 285 20 289 215 15 208 38 46
6 233 248 185 204 285 112 153 250 68
41 88 249 198 209 273 268 205 10 96
70 37 81 132 114 53 157 171 142 11
272 240 174 73 179 208 251 228 159 196
19 61 259 129 123 40 72 44 241 315
256 87 82 130 74 13 73 109 116 234
163 44 190 228 278 49 24 273 175 206
137 218 12 171 63 302 151 308 91 258
294 24 258 14 243 284 287 184 37 288
167 75 209 168 225 60 280 120 25 72
167 269 159 117 208 30 184 323 256 105
174 139 48 215 63 124 321 119 214 58
304 276 225 274 72 198 194 11 192 201
296 218 177 64 181 210 215 285 294 45
323 143 285 209 20 244 125 266 59 120
305 69 240 67 252 174 87 206 201 288
194 75 278 123 120 247 45 30 266 62
227 204 140 301 143 249 130 127 300 232
75 18 68 149 18 125 46 318 283 271
160 252 240 53 126 116 16 235 34 169
122 30 69 185 122 151 108 227 42 152
90 73 64 64 252 30 240 70 275 59
113 159 181 254 32 282 116 174 191 59
48 11 252 109 140 189 102 68 224 63
239 125 300 236 75 36 143 215 66 182
241 219 113 100 295 170 95 21 309 146
26 30 277 107 195 265 175 79 284 47
185 30 89 21 231 20 160 45 104 170
132 10 237 289 302 177 127 139 66 71
319 212 123 51 40 281 126 53 158 188
317 124 90 299 289 37 129 316 277 322
61 103 191 56 153 322 126 286 283 309
75 112 26 71 59 41 273 244 159 267
182 136 25 97 247 252 269 161 16 253
100 17 161 275 159 115 165 219 20 147
40 97 211 49 312 258 303 208 52 176
10000000 10000000 10000000 10000000 10000000 10000000 10000000 10000000 10000000 10000000
143 55 70 290 124 90 45 145 60 145
299 102 68 233 34 155 312 150 92 11
195 106 120 222 33 129 159 197 320 219
132 21 190 264 219 309 57 292 64 20
318 109 111 44 194 21 252 169 42 284
89 69 101 135 158 135 59 107 156 168
230 278 190 212 31 251 232 86 84 181
145 147 7 296 46 86 64 22 41 196
263 240 104 86 124 84 317 106 257 137
42 180 93 253 292 8 179 8 37 194
318 103 275 201 128 63 34 151 21 98
263 219 111 209 19 39 209 192 26 313
264 214 310 216 185 211 149 124 286 21
112 174 73 299 74 137 14 114 71 61
44 286 91 311 314 307 69 131 133 147
68 95 292 271 34 197 322 196 303 111
66 152 93 228 96 226 299 310 29 178
127 16 111 81 323 201 260 156 312 20
255 54 174 114 80 180 74 117 207 191
253 25 9 225 188 7 187 104 84 78
93 52 255 274 247 52 177 266 94 240
194 93 21 147 318 294 32 275 206 181
265 308 153 235 284 159 99 136 229 276
257 92 43 111 199 63 310 269 288 32
226 267 122 160 48 314 9 118 194 115
229 107 247 48 55 102 306 55 121 91
196 44 14 260 151 53 277 229 199 208
149 111 66 295 239 161 186 306 314 13
273 313 192 281 127 157 190 167 114 31
39 165 128 202 14 270 187 320 308 142
108 81 196 173 246 98 172 51 266 246
269 156 158 30 86 14 157 29 32 167
74 87 138 26 50 195 265 214 203 265
36 83 67 90 98 127 19 273 94 83
178 268 185 198 247 73 222 95 247 42
165 264 41 213 191 125 224 207 229 184
228 223 26 42 216 63 178 129 226 23
142 65 226 52 36 36 7 245 179 148
303 79 266 149 15 168 118 61 41 179
61 220 136 161 34 204 262 275 87 155
93 114 197 64 198 105 38 292 263 222
255 290 81 110 40 51 269 22 74 155
78 106 224 123 143 43 121 242 57 211
313 208 172 105 225 226 153 52 246 59
277 217 284 253 13 297 232 235 24 289
33 193 12 19 27 236 42 239 253 194
274 251 121 284 111 271 276 138 198 298
130 258 141 39 15 207 155 262 166 238
209 294 110 166 152 88 105 251 261 235
34 19 34 102 48 147 127 104 75 214
310 277 143 157 294 13 189 250 309 291
132 299 18 59 215 93 283 94 188 151
92 113 228 198 263 180 195 136 22 37
86 172 140 93 320 123 24 233 166 215
130 25 73 17 42 155 233 17 25 313
10000000 10000000 10000000 10000000 10000000 10000000 10000000 10000000 10000000 10000000
212 141 176 67 55 141 40 179 181 126
141 137 89 52 223 185 135 244 227 84
207 321 323 150 133 282 131 117 268 133
313 308 32 176 245 162 53 80 165 273
72 264 99 162 49 239 261 187 192 76
113 313 38 67 245 8 119 219 161 15
155 217 154 271 9 263 249 169 195 134
184 85 229 175 190 166 170 48 39 207
242 74 44 307 166 251 75 99 172 27
199 132 321 106 177 145 246 30 207 209
261 226 307 122 125 24 226 16 124 270
318 185 297 268 234 278 316 311 278 107
35 18 245 304 276 164 188 224 8 174
153 12 104 255 244 294 300 28 193 227
208 311 27 168 130 307 189 271 246 117
228 270 286 106 320 62 121 173 40 157
150 27 128 287 198 104 242 156 29 121
204 40 109 208 89 102 71 89 28 316
144 300 289 152 155 279 223 25 167 232
7 27 261 39 166 109 286 313 258 159
265 256 92 131 252 214 137 213 92 100
248 105 58 82 201 190 303 32 250 246
159 126 163 241 136 214 63 287 256 196
255 307 118 203 131 298 247 75 212 59
269 58 103 166 318 184 189 320 142 165
264 115 89 170 234 247 279 75 87 99
311 166 189 318 51 221 322 235 94 18
59 47 143 86 54 191 19 296 272 123
248 312 44 245 185 145 106 307 311 319
313 90 282 24 255 65 254 74 270 201
284 303 176 216 240 188 233 58 113 249
243 182 243 248 216 81 231 23 278 232
137 227 280 282 50 267 258 86 210 191
127 89 256 195 59 113 184 295 220 176
253 36 75 118 196 88 62 314 221 8
300 146 235 287 19 221 136 164 320 22
211 249 31 31 128 29 55 122 7 191
217 251 125 226 90 232 76 196 310 227
238 323 249 49 132 203 114 239 240 181
252 270 217 11 67 263 217 144 49 198
199 232 26 96 50 286 160 201 175 140
72 313 104 322 213 198 83 145 20 74
109 248 228 137 104 79 150 321 82 246
189 174 308 307 71 243 133 116 280 256
172 81 289 34 99 45 184 9 101 52
59 214 28 180 287 168 120 74 187 121
51 155 230 203 204 87 317 302 134 259
239 240 216 282 32 94 114 179 240 86
106 147 160 287 167 11 260 90 31 282
43 117 14 287 17 231 234 46 321 182
258 53 322 119 166 315 38 320 190 45
192 67 80 122 83 41 23 169 55 219
105 144 113 283 277 127 275 44 125 66
122 198 231 314 221 234 240 169 53 66
20 247 127 25 300 212 15 319 197 286
10000000 10000000 10000000 10000000 10000000 10000000 10000000 10000000 10000000 10000000
154 251 262 208 281 291 58 304 133 177
83 308 258 192 39 314 75 167 196 72
88 27 185 289 186 146 238 201 16 19
158 273 222 323 248 185 146 215 313 35
285 240 317 15 96 133 48 294 95 297
199 302 317 33 264 183 54 140 142 142
282 96 281 310 80 91 129 20 219 262
73 141 85 64 18 108 33 124 129 204
225 15 227 174 296 192 274 267 244 205
138 219 40 233 261 170 153 213 61 83
111 287 151 10 69 12 207 22 256 46
184 43 62 257 83 98 177 239 9 221
297 205 163 280 298 272 118 172 201 60
239 157 314 255 110 122 63 126 209 51
213 17 13 136 176 198 41 276 96 11
221 311 28 258 303 83 133 28 322 181
109 73 83 245 244 50 202 72 258 45
228 12 18 213 294 222 231 120 97 170
170 279 63 99 101 259 204 284 201 7
92 74 132 202 67 66 141 106 106 297
249 8 137 236 291 256 193 293 105 113
155 10 314 309 71 189 40 276 81 314
137 155 289 170 120 88 282 164 73 10
289 66 212 250 268 223 135 172 13 118
126 18 236 74 27 55 47 269 111 144
28 129 187 104 209 144 319 125 207 322
77 18 44 261 165 257 154 72 8 254
255 237 174 49 256 229 271 111 177 88
178 188 32 152 238 278 245 175 42 53
131 62 117 146 260 214 174 249 290 107
170 53 138 195 161 39 120 231 255 41
323 298 65 79 37 294 18 28 100 94
43 23 14 74 276 155 138 43 130 169
247 50 108 244 187 24 29 263 89 321
14 150 223 132 158 300 282 323 318 29
210 217 137 318 32 48 241 92 39 121
197 258 247 72 90 213 172 92 50 292
47 207 46 48 221 61 36 300 318 55
172 319 249 318 265 96 255 99 174 316
244 165 309 158 37 259 12 175 62 179
90 58 41 312 104 90 278 225 216 280
71 255 52 153 120 187 189 252 141 286
286 107 280 183 112 86 10 296 224 188
67 273 174 238 312 13 309 161 156 106
98 208 183 180 129 309 174 230 136 245
49 196 54 183 262 256 216 17 62 13
253 9 9 34 142 240 302 115 121 250
256 95 105 206 323 100 264 59 193 103
96 38 240 54 182 188 41 27 226 238
260 29 214 309 272 222 183 129 235 89
197 27 199 32 244 258 278 65 174 54
16 96 193 279 50 59 190 62 292 44
152 227 205 320 277 258 220 99 132 128
238 248 230 208 101 94 138 238 280 283
100 107 159 89 286 8 146 99 82 100
10000000 10000000 10000000 10000000 10000000 10000000 10000000 10000000 10000000 10000000
142 160 119 144 174 107 50 18 22 71
237 122 110 266 292 60 92 195 100 301
273 107 158 293 274 199 159 104 84 194
38 64 271 115 75 179 233 310 170 57
133 236 37 59 150 287 76 22 78 118
102 199 189 275 23 238 95 96 197 257
291 17 119 79 293 97 60 208 101 163
109 56 216 156 237 109 276 253 42 164
58 8 174 249 18 67 153 115 121 274
36 304 21 296 81 321 172 268 216 234
258 278 65 286 64 171 129 209 195 82
188 283 117 247 282 308 37 80 35 263
160 20 173 190 41 168 63 152 133 191
243 72 113 7 77 146 141 211 100 76
11 256 242 303 33 251 171 173 263 181
256 190 73 116 316 242 237 41 195 294
264 310 218 133 148 226 277 57 213 206
116 159 73 37 269 301 208 143 282 122
26 254 280 267 130 148 130 262 8 323
156 292 122 238 138 58 278 228 22 259
58 59 234 269 305 275 167 191 138 120
151 299 72 266 9 285 180 84 194 138
143 309 156 64 300 148 133 57 303 48
126 274 108 185 223 242 168 93 234 11
98 201 218 201 23 279 207 187 168 305
188 112 250 238 151 174 143 230 162 24
299 103 49 186 55 90 104 279 295 211
134 242 203 313 317 152 90 56 33 135
236 302 78 40 24 22 174 285 301 82
87 175 36 136 192 55 253 37 22 85
202 9 141 152 216 115 100 273 188 130
258 88 157 174 29 154 301 181 153 259
39 92 192 165 92 92 99 73 117 60
148 173 81 131 241 212 271 73 95 17
154 202 262 310 111 7 311 285 59 175
136 202 257 117 148 168 164 31 57 221
51 271 280 109 212 250 189 178 12 222
279 271 317 7 321 204 267 47 238 251
313 300 178 49 135 279 200 220 51 10
64 71 66 141 18 214 275 29 168 227
300 319 194 162 77 145 224 311 33 104
178 19 97 307 30 169 42 310 119 318
275 29 204 103 20 21 186 261 106 320
44 204 25 303 299 73 232 50 81 282
267 183 21 170 90 16 45 26 35 17
23 302 220 79 160 96 117 310 31 170
323 77 277 52 95 69 166 292 279 216
89 260 105 304 26 249 27 24 248 312
243 278 28 116 192 146 299 201 136 311
128 235 78 269 71 229 131 310 289 70
98 126 227 129 104 150 183 36 288 240
48 242 275 31 109 149 206 113 36 112
18 176 276 216 56 176 160 199 297 50
178 40 136 314 103 175 83 322 130 109
287 211 259 197 277 264 165 217 167 27
10000000 10000000 10000000 10000000 10000000 10000000 10000000 10000000 10000000 10000000
103 95 267 147 15 8 39 173 183 123
316 7 287 297 133 143 216 97 264 77
310 231 273 179 164 137 50 168 12 15
297 199 152 287 280 299 78 114 53 323
67 82 20 100 91 159 67 319 14 141
254 322 274 269 73 104 294 192 91 104
165 40 74 289 75 189 218 127 86 86
316 134 310 168 136 282 125 181 138 197
246 210 55 184 205 248 276 114 50 193
234 274 231 125 81 169 296 27 60 131
51 151 107 67 149 118 296 252 196 109
247 278 61 28 226 67 90 77 182 21
260 12 279 68 160 124 243 267 57 232
165 97 61 293 227 88 216 285 298 173
163 255 174 77 171 36 256 321 170 105
307 266 247 319 214 156 277 140 314 151
289 281 126 144 23 251 24 44 175 272
38 256 178 188 216 296 63 19 72 255
140 301 263 310 321 125 42 228 269 207
214 123 269 90 158 215 197 132 86 266
316 146 304 173 145 287 68 316 251 314
125 217 162 96 246 244 125 316 185 206
305 238 221 282 83 137 116 314 17 146
190 243 62 224 233 79 232 9 73 86
74 227 36 135 9 255 44 27 202 268
271 20 101 305 279 213 159 233 209 171
71 71 236 170 211 297 82 277 225 243
211 296 315 99 178 265 162 273 258 245
164 79 314 125 315 205 32 239 68 87
101 206 271 239 78 311 40 132 39 287
269 123 288 238 7 89 220 241 113 200
247 261 173 190 220 186 265 129 46 71
226 119 231 60 280 309 124 166 67 268
73 96 71 212 54 197 271 272 125 315
294 12 305 301 106 22 185 84 106 258
99 27 292 203 19 144 214 143 244 69
54 24 274 118 6 205 213 129 310 261
259 173 279 196 217 12 213 314 199 208
167 171 236 134 140 75 280 132 56 184
313 291 278 181 225 10 260 217 9 221
74 312 289 221 191 17 271 123 74 200
82 199 189 160 307 171 270 204 55 80
111 21 86 92 245 189 206 38 245 99
105 308 204 169 51 196 80 282 216 127
178 81 51 18 313 136 126 129 154 69
168 132 197 204 240 47 274 108 26 64
208 265 76 135 35 267 66 68 258 270
247 25 212 202 252 35 215 254 287 15
91 46 110 195 116 268 66 161 146 254
173 253 128 123 43 107 132 31 99 92
154 90 284 118 11 202 158 65 139 49
230 248 120 111 58 25 174 229 247 110
257 121 171 277 200 222 85 161 265 308
310 120 127 259 226 164 136 211 299 248
144 17 66 263 202 85 125 279 37 15
10000000 10000000 10000000 10000000 10000000 10000000 10000000 10000000 10000000 10000000
17 45 286 283 163 99 152 65 255 204
130 63 77 209 91 231 58 60 28 35
211 214 231 111 18 93 139 128 142 241
213 212 233 323 185 84 216 278 163 132
322 222 19 191 305 63 19 141 249 44
240 252 105 309 98 130 225 162 84 315
41 67 123 73 129 125 146 69 217 201
126 60 10 51 180 48 117 104 145 173
178 24 35 200 185 50 290 101 186 33
211 32 76 302 16 106 120 180 316 143
94 194 21 241 199 237 278 114 112 191
87 197 251 183 158 147 198 42 113 17
221 288 158 90 30 217 216 153 304 319
247 25 110 62 248 253 75 93 312 88
26 268 99 123 179 158 19 66 189 59
259 247 230 286 293 163 23 217 226 176
107 222 159 295 46 237 233 131 109 156
203 240 96 150 135 315 103 33 255 310
170 137 62 285 87 79 168 166 279 212
247 305 94 289 248 157 267 173 109 93
22 147 206 28 186 168 61 307 245 284
152 191 44 255 246 299 29 115 157 52
120 65 30 306 106 106 35 110 57 153
94 212 277 181 274 54 229 124 190 293
76 165 300 138 49 151 287 236 29 85
252 59 279 290 89 311 201 298 294 164
251 236 280 125 133 266 204 299 61 241
272 161 53 97 298 195 229 179 89 302
101 282 273 321 305 244 267 90 187 189
163 35 128 215 262 120 163 145 320 143
284 308 80 316 208 17 112 9 227 10
274 178 299 6 276 54 169 244 193 149
123 182 255 27 172 139 9 312 71 203
140 97 276 313 189 320 307 72 55 287
110 125 65 92 198 76 185 89 179 320
130 168 69 99 139 297 208 276 12 89
234 286 167 267 155 75 142 91 139 132
132 116 201 216 18 19 121 201 99 103
203 142 126 132 313 61 124 201 237 18
176 53 300 179 157 87 285 282 101 97
310 294 68 120 92 307 135 78 241 230
251 49 82 294 134 296 64 303 111 272
59 272 160 221 261 39 218 173 269 142
88 54 180 315 119 61 257 295 218 108
57 14 80 234 193 139 128 15 269 46
58 321 123 258 169 143 229 315 257 155
44 171 189 176 56 125 216 233 246 110
190 139 12 159 140 15 296 199 212 285
118 281 273 56 211 300 32 169 248 265
294 21 124 15 303 220 218 289 209 249
291 103 52 10 56 239 320 322 21 84
135 20 215 225 204 248 116 14 22 69
14 41 121 264 171 301 146 136 28 243
116 62 177 272 126 39 8 176 11 208
239 183 235 107 317 99 158 168 233 301
10000000 10000000 10000000 10000000 10000000 10000000 10000000 10000000 10000000 10000000
216 93 23 82 239 205 13 262 30 215
35 62 294 292 243 272 256 38 286 177
278 258 237 123 186 175 41 52 57 199
178 265 90 47 144 50 77 19 103 199
150 243 308 215 69 323 315 131 238 197
108 138 46 140 100 169 98 156 69 140
168 116 68 33 132 99 134 75 125 93
126 249 11 129 250 43 80 178 206 189
165 131 104 106 301 16 235 135 24 61
62 33 264 95 9 310 277 209 44 64
187 226 230 198 288 234 132 303 302 123
279 11 106 319 317 82 66 134 124 30
251 281 187 32 110 286 264 139 225 36
153 154 94 316 79 125 115 118 237 58
322 310 25 14 258 245 59 56 136 263
257 173 194 162 83 73 231 64 202 249
112 30 240 122 55 195 186 12 218 173
226 17 211 79 302 128 246 51 296 216
323 126 98 137 112 114 141 139 39 175
157 302 156 135 83 157 208 189 310 240
228 202 123 292 172 140 238 54 308 11
278 251 74 309 168 154 313 73 209 243
155 182 168 254 128 303 88 283 115 73
195 184 236 153 144 39 283 264 162 39
92 269 225 19 249 103 96 302 319 31
53 183 144 259 162 18 154 168 127 312
275 76 211 179 74 309 64 87 263 112
106 134 315 197 13 43 63 108 73 145
95 236 170 254 162 93 65 261 16 289
307 198 323 228 92 239 182 57 178 157
248 163 16 214 198 224 47 285 204 188
122 161 203 282 162 187 122 34 214 134
96 158 141 248 259 228 26 84 293 199
184 320 268 133 118 279 116 254 170 153
171 154 243 304 12 280 241 255 286 188
103 128 81 104 144 32 302 207 242 156
44 309 302 216 261 121 83 283 87 132
317 32 80 120 295 271 162 281 116 247
154 215 235 267 240 114 69 234 281 85
115 311 267 278 283 230 236 243 96 235
131 300 294 27 56 183 248 197 215 39
226 25 247 140 110 129 100 124 94 13
174 146 72 174 185 85 314 61 295 100
43 270 119 74 236 106 35 242 38 302
94 142 35 251 177 37 268 162 118 263
239 175 7 90 100 236 9 266 154 167
104 165 217 244 35 60 17 82 126 215
279 266 33 209 248 221 249 152 42 99
275 110 81 134 97 200 13 167 144 257
209 172 196 161 148 190 202 100 106 8
251 153 27 64 111 138 217 150 100 250
252 255 285 194 228 99 282 177 161 192
160 246 188 185 142 133 146 312 32 130
113 117 20 203 275 152 150 21 204 114
231 235 53 322 28 304 218 317 144 176
10000000 10000000 10000000 10000000 10000000 10000000 10000000 10000000 10000000 10000000
188 190 265 113 232 276 155 176 11 52
50 287 313 265 289 272 296 293 89 161
33 109 225 99 294 318 72 171 303 35
51 187 56 235 32 225 56 72 13 306
80 42 149 153 297 307 176 154 312 180
69 15 119 234 256 8 145 52 311 159
239 211 311 94 67 280 55 34 146 245
153 257 257 185 154 219 112 119 99 137
63 42 63 110 48 63 140 238 60 88
21 90 13 184 247 119 122 15 107 262
184 303 263 116 308 44 276 309 213 266
104 95 300 248 240 137 90 21 315 224
182 298 195 267 91 244 194 88 279 138
121 179 146 8 189 19 215 298 287 138
313 85 100 169 96 102 127 308 176 229
6 94 226 236 313 69 7 127 110 282
146 151 85 26 33 83 265 308 70 284
21 35 145 70 266 97 265 275 32 173
315 209 124 291 178 207 285 127 46 248
128 265 28 261 267 216 6 135 298 53
191 144 174 202 264 63 15 146 242 95
262 100 89 63 236 10 307 150 313 219
279 205 84 115 303 179 87 160 10 110
276 56 101 323 47 148 139 310 256 180
124 46 178 101 301 72 120 280 311 189
119 41 134 283 112 22 157 321 320 145
271 17 225 29 244 65 167 292 25 284
254 131 204 12 188 96 155 292 314 122
128 41 312 297 44 58 15 107 122 188
26 260 126 321 273 198 289 278 192 217
195 193 299 260 73 166 175 279 231 94
205 266 60 307 196 247 176 264 297 181
313 299 127 19 252 316 199 102 319 41
24 254 233 252 296 146 94 104 93 78
299 282 313 135 163 40 267 126 98 314
114 298 7 213 73 197 159 267 307 103
59 131 309 276 268 116 77 62 25 137
214 59 270 249 88 25 296 91 21 59
161 59 220 151 302 138 182 280 116 215
46 99 306 6 21 275 225 254 305 211
190 185 74 316 238 135 132 250 274 113
105 230 268 112 268 82 44 179 275 139
303 155 123 74 81 278 289 16 112 11
300 188 146 242 237 248 139 208 105 320
30 9 97 183 168 209 203 122 180 143
201 315 289 255 252 279 157 235 174 263
306 51 152 49 100 37 199 188 282 153
275 17 74 280 143 232 79 25 81 296
244 81 218 266 77 322 46 129 126 312
314 263 263 295 137 73 292 308 132 20
224 99 118 265 212 110 225 47 79 196
201 88 322 150 251 271 303 277 225 269
311 193 302 181 81 319 310 177 32 117
310 191 281 267 20 105 179 54 297 294
144 211 38 38 117 66 223 224 312 77
10000000 10000000 10000000 10000000 10000000 10000000 10000000 10000000 10000000 10000000
135 258 116 16 140 90 81 117 71 207
151 101 283 238 288 57 304 30 310 289
189 16 107 220 96 241 238 104 255 167
256 277 272 46 240 86 119 36 201 280
267 25 317 145 216 178 7 111 229 206
316 272 207 200 242 164 91 165 38 171
321 96 15 139 157 128 221 95 196 316
233 208 111 288 266 244 103 12 315 256
149 128 139 109 220 303 81 84 321 276
79 152 10 313 123 192 245 263 119 156
106 80 258 93 259 108 27 163 66 119
139 184 44 130 223 247 19 273 186 110
210 71 237 316 234 21 16 249 242 144
57 244 27 150 161 73 78 23 209 14
102 174 305 177 225 129 230 164 40 287
113 274 73 96 41 234 22 190 153 204
233 8 256 251 161 155 101 38 23 42
6 189 154 190 118 279 192 224 72 203
291 44 272 84 196 70 16 281 138 145
43 68 104 10 135 158 304 32 229 156
230 204 133 255 238 273 302 189 125 239
90 170 107 273 73 168 94 102 139 62
61 34 296 145 295 83 199 102 52 210
51 274 313 34 12 124 279 207 112 312
172 245 317 230 189 20 131 34 67 168
79 296 112 131 238 234 98 137 307 179
159 9 37 75 255 232 295 273 314 287
287 297 31 90 103 174 145 164 268 157
206 236 298 188 264 54 57 68 166 305
77 291 99 136 163 19 296 158 85 227
27 306 143 310 58 303 184 47 150 253
208 131 61 148 292 312 218 63 222 12
205 56 308 157 163 39 128 163 305 57
173 131 133 235 215 230 223 163 237 150
260 18 304 125 214 121 131 83 165 310
217 99 231 272 275 174 171 16 246 153
183 90 199 71 53 166 271 156 98 291
110 151 255 284 69 58 185 102 153 26
250 322 258 22 159 80 69 53 254 164
27 190 154 109 163 276 299 133 132 251
220 47 153 168 51 226 310 303 91 192
53 13 158 115 156 282 190 89 267 147
281 150 284 19 139 14 298 193 154 322
227 296 124 99 61 297 46 202 131 230
167 151 319 313 223 190 310 244 190 163
282 25 59 137 18 35 27 133 265 173
230 215 63 9 168 158 6 184 227 294
300 173 41 248 13 40 263 123 219 165
39 179 285 86 131 237 70 308 247 143
17 270 33 140 61 135 159 111 290 160
319 149 18 15 102 204 160 260 254 176
272 224 320 35 113 128 106 20 198 153
127 254 141 195 128 87 59 225 77 90
160 41 200 308 266 16 244 113 213 277
116 301 217 276 10 296 38 191 285 297
10000000 10000000 10000000 10000000 10000000 10000000 10000000 10000000 10000000 10000000
76 233 250 196 107 113 45 68 155 54
288 55 49 180 13 271 68 258 277 6
230 226 300 64 170 289 44 172 159 271
18 220 180 134 310 292 196 58 186 131
32 168 74 205 240 75 99 129 278 24
126 134 127 125 217 191 146 274 242 209
111 303 175 190 301 40 300 258 224 181
132 164 102 172 252 18 140 223 208 158
250 87 188 77 179 291 174 63 60 295
291 182 146 255 287 109 281 229 72 15
237 58 184 290 90 239 218 75 311 145
11 41 215 177 147 9 22 192 262 293
227 254 186 123 58 71 139 23 66 155
175 194 72 175 223 66 265 47 278 83
154 160 263 248 119 305 107 175 311 179
294 46 314 191 78 56 235 61 297 260
267 285 293 141 146 264 160 91 225 87
21 57 257 26 246 86 50 318 191 263
120 158 262 287 213 215 28 200 274 280
140 194 100 62 6 108 249 34 271 178
165 109 318 100 269 230 99 84 274 119
13 230 223 42 156 288 185 291 204 199
65 61 256 232 52 162 147 128 223 55
148 249 247 178 80 86 156 250 163 66
314 155 207 53 253 314 168 91 112 184
30 297 304 266 123 12 189 213 275 118
171 124 27 209 111 89 275 73 236 228
283 98 200 44 236 177 217 104 317 135
144 50 168 103 254 39 188 307 25 309
235 91 129 17 259 130 94 83 136 158
57 307 230 110 185 123 98 225 40 110
210 225 37 175 80 108 286 257 153 198
121 245 238 235 64 13 219 149 38 198
262 258 263 286 76 283 173 121 114 83
125 194 223 174 298 313 218 227 35 315
285 315 251 305 295 135 219 255 91 97
109 293 42 290 101 121 208 245 189 157
162 64 255 191 95 52 270 294 247 110
188 22 310 181 293 137 171 16 288 202
276 201 201 303 201 89 189 13 146 260
11 15 8 198 316 19 104 26 79 74
262 158 29 20 155 279 31 44 83 117
117 93 98 270 268 223 322 221 233 30
141 101 290 112 57 260 281 68 218 144
193 67 273 124 146 310 89 43 126 321
178 179 139 163 320 169 263 232 209 115
66 274 277 311 182 237 193 240 246 151
110 186 106 66 133 247 91 17 150 8
148 215 104 317 121 225 70 168 92 161
59 251 159 251 176 128 171 239 49 68
19 93 171 321 8 221 182 302 113 196
293 151 209 149 235 104 130 136 106 217
75 130 59 206 17 237 70 55 187 220
225 146 191 235 14 176 205 43 145 276
245 15 106 288 52 51 263 268 58 48
10000000 10000000 10000000 10000000 10000000 10000000 10000000 10000000 10000000 10000000
264 41 82 25 274 236 311 221 241 257
42 252 179 48 198 233 76 42 169 110
112 63 89 216 182 61 247 207 58 206
28 150 241 203 21 236 105 98 84 318
203 317 84 312 42 274 193 153 243 104
136 178 277 95 18 155 180 206 240 201
202 275 59 319 114 88 94 56 167 251
157 211 320 63 233 284 91 33 50 195
66 122 181 187 127 144 112 275 288 138
66 115 130 272 278 116 217 67 216 200
287 166 105 22 277 132 243 310 240 114
269 86 63 231 241 9 221 122 191 232
255 231 21 20 138 110 183 66 165 211
195 128 194 183 124 100 304 277 114 41
90 251 170 278 277 129 226 196 46 102
189 93 237 125 91 102 274 58 129 167
233 63 25 40 242 76 169 127 135 167
196 190 220 164 320 145 178 141 272 299
11 207 67 94 32 271 41 226 24 75
157 213 227 139 198 11 182 56 305 220
222 78 167 110 111 97 291 230 79 7
163 301 154 245 260 323 40 205 301 270
168 108 285 30 98 128 218 278 157 53
258 18 146 222 79 204 56 75 322 162
48 74 201 305 58 109 289 175 203 177
77 284 248 86 22 47 196 49 30 115
82 44 183 303 190 239 244 186 280 90
118 248 94 165 123 273 80 58 316 276
19 136 306 80 316 180 194 264 322 150
64 88 147 59 72 8 138 142 286 225
128 163 110 300 90 202 158 161 100 89
112 53 137 104 59 59 302 15 181 226
117 320 247 234 277 231 271 286 190 59
258 270 260 254 198 34 138 298 86 87
239 247 123 109 59 320 40 281 87 298
48 24 114 91 173 158 216 241 233 308
57 28 183 110 87 225 313 187 282 289
263 227 126 106 262 282 202 35 9 239
272 76 302 74 256 188 87 259 128 148
311 17 242 148 207 139 209 105 313 297
24 200 230 92 110 142 251 176 133 237
197 191 12 167 283 95 93 251 245 54
167 184 23 275 149 218 52 321 42 173
275 111 57 124 242 121 171 221 118 102
14 201 78 249 144 129 67 62 33 257
58 38 93 14 19 228 219 32 279 68
89 184 225 188 202 305 128 188 254 62
298 145 254 103 266 129 316 69 259 240
244 210 318 281 52 53 272 61 312 98
298 181 281 19 191 31 37 38 120 213
88 196 87 57 7 43 111 25 278 228
147 307 43 12 217 286 22 271 94 287
43 222 47 157 66 109 51 174 63 122
312 302 11 24 264 182 142 248 277 188
316 118 56 248 159 171 110 296 82 54
10000000 10000000 10000000 10000000 10000000 10000000 10000000 10000000 10000000 10000000
321 236 281 28 206 41 246 245 161 103
121 194 188 255 65 300 164 275 63 149
283 119 212 263 57 295 167 92 213 33
98 236 239 305 204 182 238 309 182 153
209 96 84 230 103 125 217 103 53 153
137 253 94 102 95 124 91 53 72 216
319 35 54 130 174 154 302 168 125 282
190 9 146 279 273 153 72 282 296 158
217 319 70 179 123 42 51 279 162 139
193 157 17 198 62 218 151 33 15 226
44 105 111 20 264 94 230 70 64 191
17 283 41 275 191 18 219 233 97 164
260 148 106 251 316 263 296 191 271 235
254 111 142 197 272 199 86 32 32 145
68 47 54 154 134 113 302 65 155 49
200 50 37 213 115 318 104 251 190 148
43 53 139 165 258 257 135 227 126 210
218 163 227 220 269 142 142 83 262 106
116 116 140 51 69 146 48 306 11 165
130 250 26 56 268 161 44 138 268 176
160 56 27 168 321 243 168 57 167 269
192 278 88 64 314 192 115 263 11 20
304 245 290 169 194 267 55 123 284 317
271 206 236 43 92 243 51 296 276 177
131 147 102 201 159 131 157 318 49 124
247 115 210 65 153 115 235 255 292 35
17 8 248 30 56 172 236 157 186 22
232 21 96 19 33 145 273 24 197 307
212 147 198 42 230 244 17 18 123 137
80 172 197 170 195 64 14 69 46 239
313 29 63 205 209 275 207 12 83 47
114 153 64 102 281 318 91 77 227 271
176 212 152 261 154 119 186 229 171 253
215 56 135 315 248 153 169 118 88 137
266 20 38 36 269 20 34 319 108 232
20 185 173 14 233 237 168 252 220 9
224 211 283 121 10 123 199 14 210 155
288 97 266 123 314 50 99 177 54 213
98 121 36 249 30 144 300 201 220 242
41 276 29 307 16 146 163 55 235 284
7 39 173 211 145 255 100 229 48 276
162 187 298 132 177 34 212 53 208 258
308 300 69 216 309 248 15 11 175 303
142 126 109 238 301 267 192 176 291 312
200 18 165 137 216 128 216 231 39 142
44 119 248 43 237 159 60 210 170 92
199 151 228 155 215 298 288 111 29 109
36 16 210 213 80 138 18 210 42 140
211 15 88 81 193 307 257 43 270 44
30 52 124 209 231 156 176 130 133 279
187 316 183 34 231 53 167 200 102 38
235 238 50 71 240 236 30 19 110 236
227 214 85 285 259 143 43 197 105 173
218 176 25 283 238 47 102 21 214 56
242 39 311 58 301 319 60 209 103 168
