10000000 10000000 10000000 10000000 10000000
84 296 173 244 79
86 243 314 291 271
23 318 26 281 116
90 202 307 249 13
153 297 96 315 167
132 42 60 23 263
104 125 91 209 203
142 98 304 137 233
138 166 297 169 26
133 221 186 226 164
89 283 209 124 124
271 161 92 82 224
248 109 216 218 147
291 59 31 129 194
313 27 172 32 308
136 180 82 265 27
196 149 81 246 34
144 313 130 107 14
293 279 300 146 245
314 271 85 105 89
45 250 139 181 53
211 191 273 177 12
50 108 76 208 82
27 275 100 23 178
288 119 218 77 128
67 5 178 141 71
40 43 7 265 123
194 85 234 279 197
58 252 255 245 19
243 35 304 96 150
136 211 195 310 60
111 134 68 181 173
251 192 172 74 160
138 72 125 218 35
233 93 161 100 288
86 215 140 185 27
48 105 164 78 161
145 102 60 103 150
291 208 307 46 129
315 21 187 230 73
185 133 295 273 106
55 247 32 133 263
17 47 267 241 208
84 153 110 291 248
68 67 309 99 190
192 213 289 70 6
279 191 216 45 31
37 230 301 173 10
11 267 41 171 8
119 74 270 223 137
203 75 170 80 255
20 165 148 108 111
88 154 97 136 316
310 117 311 138 26
202 7 288 309 262
117 91 227 209 87
219 256 168 227 299
185 131 205 137 251
114 272 308 164 272
284 248 145 122 265
238 18 298 317 239
158 59 165 309 218
227 320 91 57 287
254 137 278 316 184
38 246 94 176 93
20 262 296 170 93
120 201 98 315 220
240 38 162 182 112
89 224 43 47 87
54 234 92 53 34
176 219 245 62 259
154 139 312 189 315
94 283 203 312 285
216 32 291 198 141
61 195 140 177 215
29 8 263 75 208
315 293 301 266 89
252 169 272 132 182
203 49 165 252 95
189 160 241 144 170
218 12 210 278 143
109 31 226 84 250
239 74 104 199 240
167 120 26 172 63
191 241 226 94 188
290 279 69 302 218
240 319 58 55 74
255 182 14 77 106
181 89 22 221 134
102 310 311 19 310
10000000 10000000 10000000 10000000 10000000
294 201 87 120 199
262 195 39 139 124
285 79 92 309 140
49 48 261 176 318
26 17 35 11 118
263 56 51 185 280
266 40 273 169 22
172 37 179 82 301
88 34 157 35 167
169 180 305 38 265
211 104 110 92 172
93 52 19 107 191
62 201 248 122 191
206 288 186 305 309
25 296 265 178 49
258 274 177 147 160
46 80 286 144 42
300 68 134 22 167
220 52 110 211 57
197 151 239 134 114
281 313 206 282 319
76 49 129 127 163
311 21 112 213 175
187 150 178 42 267
55 6 168 296 292
206 85 73 147 159
145 250 155 5 259
286 271 272 193 63
129 52 12 119 13
164 255 265 9 272
165 131 82 252 34
136 10 306 98 60
295 12 13 253 208
48 75 21 21 237
284 117 57 26 127
80 291 36 158 138
76 228 140 269 292
200 143 218 146 241
19 147 142 259 280
212 42 19 123 225
7 126 141 46 131
16 301 298 309 275
151 283 90 15 36
309 56 29 47 225
238 209 57 311 75
200 252 43 136 148
157 195 192 291 202
34 55 83 163 131
152 76 160 274 107
252 98 96 141 24
228 233 104 142 64
25 180 115 37 303
59 232 299 158 223
313 106 34 165 163
17 217 174 118 155
157 192 191 91 11
176 225 162 257 249
5 10 293 81 197
150 6 217 91 96
121 263 313 54 129
72 219 144 118 11
307 5 141 16 8
63 87 264 116 171
42 154 262 103 19
171 85 90 140 149
175 307 115 116 271
140 43 73 280 25
203 140 304 180 301
134 8 176 277 226
316 139 289 228 15
162 281 292 134 53
83 74 319 83 12
284 254 275 26 71
130 137 264 218 54
149 210 232 45 298
119 212 194 277 279
228 139 28 110 116
42 147 24 111 106
187 140 201 59 191
157 22 45 297 274
215 169 310 172 265
73 30 243 262 52
223 87 28 237 129
15 127 66 146 282
27 160 231 139 235
254 110 258 298 49
129 148 182 200 16
104 312 172 58 82
143 53 126 199 138
261 185 85 225 98
10000000 10000000 10000000 10000000 10000000
238 18 84 233 290
148 252 141 80 8
153 320 122 154 294
245 293 251 96 104
242 239 182 314 163
181 124 110 241 203
162 150 22 184 101
253 9 113 175 105
69 33 26 270 225
131 250 283 235 197
28 85 217 71 307
191 235 85 149 133
201 104 116 10 29
313 247 95 284 167
158 292 174 258 85
197 65 119 9 237
147 118 183 188 269
82 168 57 161 148
201 102 226 270 119
110 17 82 87 178
228 30 152 320 118
181 214 32 8 8
13 198 111 25 118
126 18 308 227 270
122 181 234 292 276
160 238 102 246 191
114 47 133 49 16
254 215 157 71 5
306 300 253 208 228
241 49 7 218 28
244 97 191 24 284
143 187 116 312 266
100 46 176 53 118
42 307 109 211 200
24 240 156 33 219
136 309 259 102 307
70 14 303 233 262
223 54 320 272 138
208 134 62 129 142
147 261 212 158 296
119 102 188 72 306
111 172 197 183 280
159 250 119 219 320
211 298 186 42 319
152 271 132 87 271
25 41 186 57 83
319 190 108 194 97
81 296 117 47 33
265 274 7 199 187
248 84 229 241 23
193 279 161 6 28
15 34 318 23 159
40 255 276 309 138
171 152 13 264 73
69 128 198 150 291
200 219 76 168 22
242 217 67 106 119
112 289 315 107 50
281 119 131 81 259
211 303 132 69 252
44 312 242 102 215
314 244 296 234 88
35 126 110 187 93
248 103 220 320 86
231 9 197 273 249
143 185 253 90 131
315 319 92 288 274
129 93 222 18 139
141 244 63 221 61
313 36 148 129 289
74 306 265 273 143
310 77 317 229 255
171 39 114 21 195
165 54 256 14 73
196 194 106 84 79
171 106 28 102 263
283 135 217 84 244
268 148 143 136 172
279 47 167 240 169
243 312 271 203 92
133 37 210 260 38
225 112 291 279 266
97 253 224 87 228
101 7 237 173 88
7 202 94 73 208
152 211 49 68 162
68 202 192 41 17
269 104 61 133 147
194 27 185 193 156
145 79 43 191 95
10000000 10000000 10000000 10000000 10000000
85 150 55 274 75
318 100 225 142 9
56 12 289 296 135
198 68 282 162 73
256 164 98 108 43
92 306 258 193 26
208 112 284 20 247
221 203 38 240 310
281 212 148 247 270
185 91 248 207 60
30 298 280 307 12
152 141 219 304 229
172 183 42 267 187
236 219 316 282 54
247 248 300 205 286
8 130 205 12 171
68 37 279 91 301
301 172 137 84 33
78 41 119 217 65
30 269 41 176 72
249 242 119 86 78
145 123 184 93 187
305 34 149 306 223
169 110 52 124 179
262 152 104 65 233
115 250 128 298 110
26 245 21 11 320
87 22 317 241 104
130 96 176 126 56
84 105 229 257 298
23 140 254 31 33
146 45 265 12 258
274 219 45 248 139
7 160 310 97 137
307 279 161 111 191
136 286 9 284 249
105 247 61 284 81
314 185 302 245 208
224 280 52 212 12
34 236 5 93 145
126 112 194 67 50
135 287 263 72 108
286 128 283 32 206
37 205 320 317 228
288 57 99 154 109
297 25 149 286 285
68 86 249 156 161
156 238 54 265 73
221 289 5 51 24
136 156 240 196 34
175 206 6 63 96
41 90 194 30 201
29 305 89 316 30
41 45 274 270 152
262 99 108 201 76
146 18 311 317 64
191 253 182 82 27
290 231 302 99 199
125 294 233 313 16
229 162 34 44 86
309 282 292 29 127
267 137 131 206 207
279 179 262 75 89
20 286 66 244 90
221 12 256 291 157
152 304 318 179 175
188 137 304 49 172
83 127 120 256 260
40 131 224 317 32
242 259 183 266 45
68 191 279 223 270
130 35 143 291 38
280 224 302 103 274
62 110 128 115 232
152 25 194 96 144
117 119 208 159 173
308 262 38 266 91
230 64 156 205 84
189 277 34 20 134
294 109 282 105 155
129 96 239 42 287
87 314 247 224 306
61 308 320 305 154
99 58 274 123 300
272 256 156 241 298
175 230 101 282 150
303 315 66 215 285
208 256 206 257 168
172 63 219 264 92
296 55 105 141 68
10000000 10000000 10000000 10000000 10000000
244 231 222 174 312
199 199 155 314 278
160 38 38 285 47
243 120 205 225 118
68 271 42 107 190
263 315 149 312 248
123 163 147 241 291
210 30 171 70 37
307 248 87 243 101
235 38 108 92 134
145 187 101 98 203
282 47 34 73 95
266 204 245 8 219
192 78 24 24 128
250 301 201 194 294
291 280 169 233 131
28 291 44 81 37
103 71 298 274 99
129 23 320 146 318
11 160 132 58 17
22 242 34 25 135
178 254 104 111 13
258 65 135 119 189
166 19 191 141 117
284 224 79 305 231
144 246 306 165 105
226 101 133 152 65
257 276 286 46 305
249 273 297 302 261
103 217 143 181 260
113 191 198 222 19
24 139 286 231 47
86 108 114 125 108
256 178 214 130 142
71 304 62 29 273
208 244 15 242 18
311 13 236 277 132
88 243 236 235 229
201 23 267 95 59
236 71 104 129 238
195 71 245 293 154
113 243 97 252 230
279 299 141 218 240
303 149 21 108 313
66 183 263 223 278
263 67 111 277 268
225 202 121 65 195
126 68 281 281 235
291 313 33 111 313
306 146 311 63 19
35 271 54 239 282
141 223 62 33 181
16 170 101 157 243
58 26 87 211 210
270 235 111 30 127
220 230 71 59 26
233 255 59 193 38
177 258 25 212 34
318 13 46 197 151
218 55 293 316 198
51 190 169 74 252
168 183 300 314 314
172 111 89 274 76
301 116 36 152 178
147 44 58 110 31
163 249 32 105 157
289 293 299 145 70
301 30 16 214 52
305 89 117 242 228
217 92 85 99 236
105 91 153 109 231
142 179 205 168 248
231 81 99 288 52
187 176 141 179 225
291 280 259 266 9
10 9 141 87 150
207 71 20 139 174
37 247 83 291 318
105 8 101 259 37
16 265 41 129 109
232 223 122 258 208
151 223 235 272 259
230 203 12 268 138
186 166 107 123 224
79 54 50 318 187
181 210 220 302 137
303 234 122 255 143
164 189 272 241 10
173 283 124 128 20
303 137 302 21 189
10000000 10000000 10000000 10000000 10000000
19 237 88 273 286
207 179 44 220 46
285 241 95 320 45
307 78 168 276 74
237 92 65 125 153
185 271 161 135 59
118 22 111 65 235
276 306 293 136 173
206 215 24 20 73
78 312 141 252 234
116 180 150 199 259
50 165 230 171 29
251 135 12 226 154
104 160 265 10 76
59 31 10 184 187
191 200 266 192 43
50 193 21 235 7
116 129 100 221 138
51 237 224 146 204
121 7 130 224 105
53 139 300 261 38
138 145 170 94 281
312 175 47 261 268
282 97 270 45 246
24 257 120 68 40
68 157 288 184 184
17 126 303 222 132
109 148 61 139 182
74 168 284 274 32
285 69 231 125 289
11 9 71 88 238
91 54 315 226 47
241 241 40 215 271
76 169 86 46 209
95 257 250 280 197
196 108 267 293 39
285 178 269 233 305
23 302 254 52 190
38 244 84 265 109
76 112 160 276 260
207 234 68 70 43
70 224 97 118 259
173 256 255 153 127
24 260 272 94 28
15 40 58 16 256
257 220 148 18 37
60 154 229 189 176
222 146 242 108 224
119 28 242 45 292
30 114 196 183 278
273 213 159 204 101
12 62 312 160 106
142 91 300 180 100
229 69 138 216 51
158 254 73 9 22
125 249 297 203 141
102 32 54 234 117
285 144 53 21 295
117 67 105 221 184
220 157 168 138 285
19 186 239 6 5
230 149 10 98 279
233 159 84 254 168
225 100 187 260 262
311 282 72 37 171
145 24 19 290 31
126 245 88 278 183
173 103 115 187 240
19 54 125 229 31
215 247 317 171 78
306 19 282 109 194
73 62 113 23 141
73 67 92 96 132
59 140 256 211 177
266 243 108 183 127
144 284 317 249 294
137 129 149 129 69
51 50 27 15 92
217 106 275 102 141
187 10 33 234 289
318 241 15 305 177
259 270 184 40 301
219 180 293 59 252
228 29 291 267 54
18 256 182 31 260
146 53 23 218 145
197 218 96 78 37
17 51 140 109 127
310 212 135 9 149
280 86 94 201 44
10000000 10000000 10000000 10000000 10000000
105 265 237 204 104
8 194 83 24 317
41 294 14 261 164
191 285 27 188 40
100 160 203 125 18
253 186 274 84 315
284 269 62 68 308
169 243 83 64 108
178 224 67 284 217
309 253 278 177 285
44 314 278 175 206
239 163 209 62 200
76 10 104 181 99
208 168 170 60 210
259 85 272 83 85
238 236 173 171 313
143 248 60 310 237
164 29 234 106 267
187 156 15 48 169
11 147 179 107 151
268 57 162 279 146
245 98 172 147 196
222 30 102 232 34
86 75 42 233 318
273 90 48 150 281
81 72 47 195 80
251 268 231 152 59
25 40 260 172 65
74 151 277 291 123
10 53 223 308 286
27 181 278 68 216
190 195 225 148 285
27 120 157 244 109
268 48 197 296 234
140 219 14 283 262
168 44 242 53 177
25 208 106 20 222
29 295 40 117 129
231 52 184 6 137
73 304 169 175 208
81 228 85 76 209
17 284 155 55 82
282 7 175 52 197
314 39 309 127 56
32 89 195 47 317
248 16 313 221 131
51 135 107 42 171
291 314 165 184 44
111 25 308 21 222
102 238 190 169 111
7 119 315 117 174
181 167 316 55 96
150 209 281 69 154
63 26 259 140 309
134 8 142 238 73
117 304 302 289 187
238 9 243 163 272
5 21 16 159 299
81 232 43 150 28
104 296 67 63 274
304 142 203 298 178
6 303 113 68 251
281 157 261 17 89
62 261 40 130 231
88 74 15 65 50
40 193 132 121 279
170 17 190 58 116
127 261 56 236 6
93 135 313 169 148
69 87 37 255 301
113 147 261 25 270
298 210 26 312 132
63 125 248 231 90
105 34 206 237 260
223 53 125 204 152
217 286 6 221 7
210 99 176 72 221
214 220 232 7 85
164 31 274 56 239
267 177 189 25 319
121 247 231 155 69
226 269 52 12 169
26 301 111 208 13
93 275 234 282 49
257 20 227 237 47
74 288 12 80 116
61 313 307 122 122
135 152 259 194 289
273 86 202 265 12
35 73 91 8 70
10000000 10000000 10000000 10000000 10000000
60 185 154 168 90
181 210 294 137 177
300 74 7 70 301
94 72 142 12 103
46 227 28 117 210
151 289 70 288 194
320 264 152 118 127
7 41 273 31 300
198 80 246 122 34
240 20 183 303 270
27 279 280 190 116
309 79 88 237 285
246 134 145 208 149
47 10 268 180 170
198 296 269 247 94
201 237 155 245 45
116 226 167 20 200
5 142 272 140 154
105 154 163 66 177
216 30 93 295 148
299 156 155 55 262
315 124 78 97 313
151 295 226 222 196
209 284 27 180 13
114 308 112 169 85
16 191 59 298 303
197 6 23 101 246
240 48 41 49 261
23 123 85 41 157
99 137 64 20 20
48 66 130 127 257
312 188 291 33 304
127 15 308 315 185
251 10 31 225 129
7 280 259 310 13
178 318 244 208 210
180 94 85 5 275
41 292 88 183 276
64 167 274 230 184
184 256 205 49 251
127 194 63 287 128
242 154 90 31 220
96 117 148 203 148
215 101 196 259 225
88 238 136 170 268
179 135 188 45 273
297 213 268 247 175
13 195 315 215 146
96 181 167 245 218
304 203 234 134 226
119 261 169 170 113
318 128 104 298 275
249 272 160 258 318
83 81 133 9 19
250 72 154 97 19
254 17 251 206 229
68 181 151 16 84
55 318 190 277 104
145 63 104 311 134
272 63 46 70 204
205 17 251 205 243
140 269 292 152 296
131 206 162 53 245
85 280 212 23 105
232 259 119 146 198
213 143 227 276 58
81 10 282 134 49
96 195 138 179 79
248 226 125 221 215
21 44 181 155 72
118 237 110 311 247
146 315 261 123 148
190 160 226 78 289
262 198 177 55 109
37 191 76 177 297
256 14 308 148 47
224 307 297 278 94
47 188 274 42 107
117 286 18 40 189
216 300 67 301 151
210 228 71 307 158
141 305 164 156 39
35 293 55 131 251
211 156 86 307 190
209 246 296 294 189
235 186 137 160 72
300 123 204 267 71
116 164 249 98 280
221 46 106 276 10
165 194 58 278 263
10000000 10000000 10000000 10000000 10000000
130 292 198 88 12
147 120 92 216 232
268 203 114 223 93
287 31 41 303 263
241 185 240 285 300
76 313 268 258 74
314 101 81 214 35
49 68 136 167 207
219 289 94 166 243
237 73 106 166 7
240 90 75 257 90
191 225 91 147 185
139 246 88 65 233
51 194 86 106 17
32 225 220 229 228
100 271 186 269 285
191 220 254 19 111
42 117 129 130 12
202 135 227 175 66
80 229 68 207 263
302 146 70 187 16
136 163 88 40 209
133 63 78 151 190
313 286 10 93 28
67 110 263 115 212
317 69 180 271 263
62 97 306 255 188
47 81 193 155 50
83 169 137 300 56
37 90 153 315 48
64 54 74 174 93
113 243 254 188 104
204 288 320 211 80
201 235 85 51 193
141 103 306 200 99
273 290 223 83 176
171 18 46 138 187
295 197 111 235 264
85 162 166 237 247
54 124 222 225 282
134 269 144 45 213
69 137 244 257 92
274 208 122 44 218
211 133 210 82 165
88 164 20 159 274
34 76 45 89 39
256 276 192 237 109
18 305 99 224 217
124 167 222 234 108
154 225 291 162 39
189 233 292 186 79
69 161 28 63 230
299 129 272 25 122
291 40 251 197 169
242 140 62 46 196
195 127 232 64 160
80 54 43 58 98
196 164 139 121 295
261 45 121 303 115
252 105 60 313 133
165 296 241 200 143
137 224 159 156 117
223 261 237 273 176
80 175 230 5 180
240 103 257 213 15
50 46 210 315 5
264 170 221 294 185
192 87 307 232 42
90 320 104 175 57
300 165 194 59 204
105 172 170 19 284
271 277 313 114 227
215 168 218 17 30
225 8 68 173 163
245 37 122 109 159
253 57 90 152 27
42 100 130 32 311
190 211 69 19 55
309 133 305 161 223
186 138 32 254 290
24 93 211 283 44
152 131 285 35 18
23 22 219 235 163
136 276 277 256 149
59 276 311 140 249
263 143 164 179 92
23 108 91 108 282
70 214 288 283 87
79 189 223 145 122
41 242 320 140 214
10000000 10000000 10000000 10000000 10000000
285 22 317 141 283
209 69 68 186 248
320 37 7 177 27
68 121 276 214 122
307 275 101 152 60
108 198 70 229 244
161 15 212 319 144
157 251 217 274 95
212 299 195 278 143
181 68 219 292 306
80 124 87 44 224
151 80 163 118 54
159 95 304 208 266
206 46 227 24 266
13 115 198 83 280
254 169 241 220 62
110 247 130 278 220
66 148 234 53 74
254 119 67 245 58
22 143 105 262 151
273 286 186 120 92
218 62 110 289 174
58 28 79 129 285
231 32 269 259 15
159 319 205 151 244
72 251 147 22 217
44 134 250 127 168
221 54 258 185 39
82 190 197 142 31
185 272 286 163 137
182 39 232 252 74
202 169 39 14 132
253 167 216 287 175
100 173 204 186 101
257 229 93 53 247
230 232 90 140 171
163 179 56 101 240
293 228 319 137 310
269 206 214 118 306
29 241 66 83 154
169 143 80 255 232
35 183 258 309 85
193 172 15 229 146
110 200 97 299 177
198 68 157 305 278
131 169 245 295 217
283 225 292 78 8
17 194 221 68 92
226 64 218 102 300
201 271 56 312 198
58 216 83 288 204
244 122 271 280 155
257 120 268 26 299
129 43 75 198 26
36 260 307 137 172
148 162 218 106 12
251 74 133 36 195
132 178 290 281 5
167 27 41 89 247
284 302 229 132 246
271 319 242 157 171
11 276 22 15 6
15 128 125 27 63
245 256 41 36 226
307 280 212 220 239
96 254 157 255 250
228 77 152 7 213
77 117 255 109 177
90 19 138 160 288
39 128 282 319 104
218 70 111 148 246
125 90 160 91 280
50 304 36 318 282
100 203 119 154 26
194 119 251 163 318
307 273 14 178 145
200 19 178 94 183
247 233 138 173 106
296 251 5 261 277
252 243 192 191 81
118 80 244 139 166
27 13 208 153 176
280 299 80 180 116
138 14 261 298 29
96 32 267 43 78
82 124 257 133 280
89 173 313 314 76
75 266 213 276 88
83 282 146 26 218
115 173 264 14 43
10000000 10000000 10000000 10000000 10000000
274 291 28 316 83
133 90 173 242 152
226 51 314 285 168
208 250 311 150 293
111 100 184 14 58
186 186 145 194 105
98 273 132 8 43
267 189 168 187 135
165 99 6 268 22
215 8 14 278 66
175 231 212 95 288
164 77 95 218 139
281 36 24 144 12
39 235 197 320 289
72 126 220 184 117
23 190 87 180 123
251 40 313 242 187
221 295 226 306 196
265 303 217 46 138
131 42 48 249 24
32 170 191 256 181
175 304 142 36 10
315 48 102 197 162
45 108 310 142 148
109 302 33 162 196
39 132 82 165 95
59 25 70 298 17
170 169 22 98 129
220 259 82 41 6
135 60 23 103 66
107 286 252 122 174
217 32 152 21 36
193 208 98 298 78
25 114 272 73 86
263 269 63 158 308
169 20 116 271 157
251 237 270 104 182
213 175 240 219 235
105 161 150 303 104
240 234 111 242 320
303 120 295 319 281
262 96 300 215 123
158 26 130 169 299
212 304 54 27 171
299 283 161 21 92
117 117 211 201 253
125 38 71 35 125
194 209 191 100 78
66 125 98 286 65
66 10 21 69 240
217 197 278 211 87
139 130 182 147 192
231 293 270 164 125
18 60 150 68 109
179 282 286 266 32
217 126 272 93 232
168 238 175 282 292
34 218 178 10 297
277 18 289 240 74
318 87 36 115 53
86 45 218 18 295
32 244 210 148 104
220 93 117 100 220
253 45 271 78 293
140 53 38 222 171
31 85 51 205 98
29 232 280 126 116
138 184 82 240 291
152 32 61 5 310
271 195 173 119 247
24 316 197 167 137
309 140 221 75 261
157 44 123 138 21
248 299 110 213 256
159 132 81 143 272
292 277 93 318 101
24 148 68 292 21
273 28 201 244 54
55 155 170 292 41
227 312 195 104 91
101 239 87 26 182
148 45 259 246 216
175 246 270 98 200
137 181 303 103 308
213 232 208 297 49
56 123 212 155 81
53 66 241 246 153
307 86 52 238 154
221 127 42 253 310
161 120 199 105 44
10000000 10000000 10000000 10000000 10000000
66 32 180 265 307
166 86 247 257 292
146 224 42 192 132
198 261 108 89 21
301 299 244 268 298
271 210 288 38 37
269 165 320 238 200
120 173 230 29 250
141 120 225 187 121
75 125 204 317 224
57 207 56 247 231
119 119 305 133 281
96 129 72 185 185
320 303 318 44 239
51 280 227 74 114
37 191 80 164 85
247 132 187 231 22
193 155 184 157 259
195 166 216 61 238
167 215 249 65 297
191 158 287 69 136
21 54 76 186 191
118 14 124 125 70
157 219 312 283 123
41 167 240 124 149
103 205 84 12 218
193 156 222 74 95
194 291 266 163 316
202 231 73 113 260
187 214 87 147 187
209 257 225 160 194
73 233 180 127 41
256 206 149 267 143
190 211 126 8 26
152 294 65 113 150
145 211 23 228 126
24 314 71 61 261
188 169 214 62 34
135 188 181 232 138
53 243 294 159 22
54 147 40 8 119
126 24 212 130 196
80 160 208 152 178
19 39 85 94 58
83 297 267 307 215
249 245 134 91 208
160 181 101 180 122
286 261 298 25 123
300 241 119 290 311
22 185 60 258 304
137 199 50 6 194
190 215 320 145 205
214 310 31 290 114
12 235 136 58 269
235 134 203 109 37
312 46 315 152 233
256 26 234 259 53
288 93 244 152 83
39 117 78 301 195
244 316 180 186 235
30 258 320 299 176
313 243 238 263 303
300 114 128 279 153
190 156 262 167 34
21 197 33 94 47
303 221 166 20 130
169 198 118 242 101
197 79 128 70 318
25 85 282 202 113
304 211 22 75 317
38 132 302 36 194
284 158 204 11 39
64 316 249 252 17
241 81 21 222 276
30 305 297 253 278
40 300 205 22 294
274 205 69 10 295
215 141 89 16 17
187 246 115 178 224
45 317 244 45 282
314 226 51 285 160
196 271 27 230 229
258 101 231 47 121
162 252 101 130 54
30 317 169 54 12
190 135 19 307 211
306 79 7 8 113
318 139 171 93 318
146 312 114 228 313
42 183 170 257 148
10000000 10000000 10000000 10000000 10000000
64 90 236 36 242
56 154 8 8 98
44 115 206 260 202
207 220 216 300 188
159 63 76 196 127
49 107 178 66 87
67 318 55 45 26
85 109 169 57 250
124 226 13 137 255
50 70 194 227 92
109 144 42 234 189
301 167 213 258 160
117 213 100 152 270
70 282 135 210 139
214 106 244 23 69
288 13 171 26 44
297 98 219 257 162
303 59 295 87 124
123 106 194 170 129
32 195 84 180 205
244 30 239 183 274
210 297 84 237 105
291 314 114 218 300
112 37 118 293 82
246 100 223 288 204
154 278 80 119 231
9 233 142 230 232
208 227 175 164 97
32 275 185 16 298
7 187 297 144 174
135 221 66 230 25
130 181 306 91 70
56 63 212 85 305
39 96 92 139 54
224 177 283 95 93
230 142 158 288 33
279 90 240 127 85
87 298 243 122 23
177 256 249 28 255
275 314 236 283 198
315 144 93 87 109
279 136 54 215 155
70 44 165 105 163
201 252 20 299 300
179 280 294 196 128
189 172 16 291 284
315 241 36 203 63
103 86 269 225 40
167 151 218 252 273
110 98 283 165 18
96 47 119 15 269
294 184 75 9 8
195 13 133 98 28
20 40 133 65 221
228 5 112 246 240
22 196 103 53 31
104 234 15 303 214
310 280 110 234 117
239 159 33 27 215
273 8 6 228 320
243 289 5 289 243
232 168 124 232 123
281 72 248 194 113
33 47 236 191 212
27 150 205 73 221
20 217 209 178 140
311 55 219 202 307
121 30 10 280 181
185 180 147 31 191
11 33 39 144 152
69 149 69 105 169
228 123 156 280 125
259 78 124 170 33
131 24 59 305 247
12 271 162 56 292
200 124 174 173 82
183 121 215 167 278
91 280 102 283 68
54 61 192 64 32
299 75 193 98 34
8 181 143 103 168
237 46 244 48 30
91 72 147 185 139
97 9 51 27 253
61 266 124 31 99
239 212 79 283 104
209 204 154 292 211
109 234 209 189 275
314 55 202 216 231
98 159 208 58 155
10000000 10000000 10000000 10000000 10000000
42 157 266 177 117
227 39 32 306 146
261 144 30 257 244
156 121 118 311 82
153 203 235 40 217
191 165 300 268 253
179 42 15 173 231
62 35 193 311 257
272 153 40 161 126
285 308 7 56 54
202 235 16 102 91
126 106 54 310 25
283 196 245 117 213
251 178 205 186 170
226 196 185 61 285
226 243 228 161 50
148 76 199 215 298
166 135 136 54 318
128 296 151 182 233
35 119 318 108 318
304 289 9 238 207
303 261 65 14 64
54 258 102 95 198
119 123 114 314 19
94 85 230 217 288
166 203 219 109 50
105 143 274 222 270
60 149 13 118 98
317 232 41 243 242
157 55 148 171 269
266 134 308 163 74
104 101 260 94 164
24 193 31 159 28
284 41 169 242 220
183 257 92 193 253
181 222 285 227 203
223 49 234 203 161
57 101 135 230 91
60 112 66 255 129
264 65 60 47 28
250 308 82 236 228
34 157 306 106 269
158 249 134 149 192
13 197 192 237 104
165 15 208 282 157
93 85 94 102 34
215 263 14 55 273
279 207 46 36 201
69 300 33 285 242
109 307 66 267 264
72 76 107 130 171
218 159 10 171 152
215 181 253 51 99
244 126 214 113 294
93 235 59 193 52
200 242 169 88 80
175 211 125 82 277
147 102 11 16 55
191 21 229 69 303
128 178 243 53 166
256 185 168 190 124
119 217 61 120 100
263 155 265 85 87
52 290 48 250 167
226 144 68 169 41
245 278 186 225 8
24 190 80 242 63
243 142 190 154 273
201 283 189 53 174
280 134 262 29 247
54 262 64 31 163
145 54 307 287 219
169 209 207 12 250
45 301 61 78 132
58 135 157 279 217
94 90 45 105 263
41 239 309 155 306
313 123 142 122 181
96 300 198 124 304
215 49 136 105 268
110 268 80 252 229
259 28 168 154 46
205 142 70 110 42
303 182 35 164 42
219 82 234 84 290
107 83 115 149 180
119 275 280 130 272
108 148 281 52 286
239 287 116 183 52
285 297 220 192 25
10000000 10000000 10000000 10000000 10000000
196 199 115 86 19
226 98 149 130 117
110 230 55 278 21
158 132 274 271 226
241 214 148 292 196
306 286 301 164 43
222 75 58 252 114
224 236 292 172 297
244 33 138 272 259
63 234 225 276 20
228 213 196 221 37
31 144 54 38 79
151 36 182 16 224
172 18 162 223 112
306 157 88 110 253
86 57 108 59 61
253 9 25 256 307
316 49 123 153 211
181 294 241 261 156
24 58 174 242 199
201 38 82 171 103
311 236 179 48 177
75 234 45 196 51
40 309 29 254 219
130 174 313 233 138
270 201 65 215 68
158 125 43 286 216
179 97 195 229 186
97 214 19 84 187
36 252 17 305 298
296 263 181 49 280
66 295 114 48 233
206 10 206 118 303
116 233 241 248 57
208 60 221 81 157
28 276 80 123 154
140 231 305 195 41
294 257 160 259 261
23 272 236 305 128
198 63 135 126 187
241 45 313 217 309
305 132 187 305 51
238 18 194 266 57
300 258 258 164 280
316 141 114 55 103
245 96 213 30 21
9 73 134 150 191
200 240 215 43 100
244 145 126 128 66
261 312 301 27 292
61 205 188 304 185
318 67 239 255 255
291 239 70 233 176
142 204 38 274 243
117 59 16 165 256
165 252 207 147 23
224 298 24 17 204
38 229 87 11 211
28 230 100 281 258
78 5 135 41 315
86 294 77 224 129
82 187 236 226 64
42 303 134 253 26
117 170 74 146 303
287 282 136 59 252
123 53 221 97 309
303 21 174 39 42
305 104 243 67 186
87 180 257 240 183
195 164 97 231 184
156 6 167 72 175
130 137 53 87 216
12 19 75 219 171
64 17 181 10 127
122 76 191 267 301
223 205 185 175 25
161 169 224 217 82
181 36 17 183 20
209 112 317 287 272
229 190 81 206 311
270 65 119 275 312
320 133 183 134 269
78 6 78 306 157
134 295 99 160 22
226 306 103 315 159
207 217 143 21 228
120 100 224 10 58
269 177 250 183 142
160 262 319 257 36
208 44 40 29 7
10000000 10000000 10000000 10000000 10000000
157 178 144 57 29
22 5 21 219 215
231 86 254 94 38
55 106 110 50 15
279 77 190 318 198
228 154 301 196 101
6 114 181 128 96
66 74 146 311 47
40 286 226 254 299
133 274 198 71 176
203 168 174 175 96
312 295 45 113 259
122 45 218 35 50
77 319 224 303 39
36 180 118 21 219
260 283 124 283 256
98 106 36 35 84
15 181 189 254 315
48 249 44 53 248
99 32 299 12 212
264 39 247 228 83
257 106 261 161 167
63 274 57 128 254
218 284 40 191 124
49 285 63 60 275
269 202 18 240 12
203 182 55 27 298
297 82 40 183 237
154 308 32 255 316
282 64 69 193 216
217 271 186 238 204
104 36 274 274 37
240 130 246 26 196
153 76 99 307 253
296 88 297 243 139
111 5 15 87 212
248 10 210 7 235
287 132 27 255 65
46 212 297 9 315
182 249 66 20 12
202 314 283 129 48
222 296 23 166 238
197 301 243 44 257
10 124 9 236 256
113 115 251 113 136
270 275 227 283 301
110 311 301 288 149
226 247 301 249 143
236 100 191 135 25
246 187 66 55 194
154 246 267 16 288
29 13 97 124 85
78 312 275 120 63
55 29 42 81 74
147 201 230 255 269
189 127 219 261 80
46 167 213 98 113
294 27 302 46 136
90 246 35 33 86
66 231 114 20 109
116 86 111 20 268
256 251 80 315 294
80 236 20 302 261
137 266 284 88 6
234 159 185 123 105
143 10 252 80 270
154 96 306 185 29
114 148 153 126 187
241 125 78 48 66
144 217 223 89 166
217 80 17 135 305
26 251 5 81 229
276 194 136 274 76
93 57 63 99 307
202 120 291 21 98
253 21 147 297 292
178 201 213 44 299
30 250 28 133 57
79 214 246 77 52
202 13 171 311 267
40 21 104 111 110
78 178 318 266 57
58 63 228 319 152
85 210 245 206 104
109 133 67 267 265
181 85 294 320 64
210 204 285 176 124
197 23 207 275 58
67 121 313 180 164
36 41 63 288 59
10000000 10000000 10000000 10000000 10000000
148 317 80 304 106
195 234 171 113 54
90 318 192 24 108
175 101 260 73 234
246 270 63 219 183
222 136 12 19 122
272 30 134 73 298
270 215 14 182 22
14 288 173 8 287
212 191 20 283 224
114 127 144 77 202
121 46 135 279 46
272 42 40 126 43
41 273 19 232 202
305 285 158 65 25
34 27 313 218 160
44 260 175 301 63
65 307 244 320 307
44 224 189 190 25
268 233 262 232 15
312 313 226 170 81
315 88 20 53 244
257 112 88 225 255
67 300 215 135 64
205 100 296 19 157
309 141 311 141 305
161 311 169 149 241
46 177 174 78 288
67 314 209 105 295
177 140 230 214 268
26 47 213 70 182
313 319 295 173 81
72 18 121 195 229
11 289 130 217 229
203 215 310 35 233
73 132 190 245 36
259 57 45 253 172
153 209 307 306 311
155 247 106 173 70
223 85 205 105 17
250 254 286 146 221
102 55 93 132 142
256 26 277 62 262
65 139 150 91 185
67 219 183 52 151
235 84 94 14 130
300 180 233 46 293
172 157 106 146 114
84 78 107 125 225
218 165 9 178 98
315 24 289 320 84
43 105 159 158 264
220 282 242 173 144
98 142 112 252 33
271 29 166 240 170
134 243 249 80 130
320 270 233 303 232
192 107 60 55 258
76 76 59 166 274
259 253 61 251 14
59 285 162 275 291
314 101 304 132 191
144 63 175 150 41
19 244 45 90 21
305 193 209 305 183
176 205 246 20 249
105 314 11 99 254
59 20 197 242 258
27 59 119 54 27
70 112 301 83 252
237 28 308 197 200
278 81 124 202 145
245 177 80 307 257
160 89 188 83 18
244 299 63 11 161
40 163 183 221 259
301 296 233 38 121
171 161 126 144 191
273 152 224 38 243
282 299 253 95 104
26 227 42 291 178
238 142 92 104 73
182 120 157 36 159
297 115 214 250 234
274 75 180 207 130
235 30 281 113 47
30 24 307 129 24
15 22 194 76 276
70 51 220 33 159
320 84 128 20 281
10000000 10000000 10000000 10000000 10000000
196 261 174 179 68
263 34 250 16 59
162 309 213 46 233
270 134 294 240 187
245 259 295 113 53
87 264 254 49 71
147 61 175 139 58
287 189 178 90 94
299 28 181 5 53
308 201 200 33 280
268 313 197 53 16
112 41 39 170 9
176 205 309 32 92
96 295 109 73 290
132 54 66 251 71
197 61 238 242 73
96 228 62 58 287
15 148 314 70 253
57 96 40 84 210
53 154 101 74 136
236 91 301 305 232
200 20 137 104 286
229 74 320 60 263
154 240 147 158 23
239 79 14 234 31
204 236 203 180 14
249 20 270 180 83
45 246 14 309 16
14 106 30 168 185
172 295 96 89 196
240 104 318 74 93
173 306 223 66 132
48 147 88 47 30
41 54 208 145 248
177 39 17 177 248
174 105 73 218 158
135 220 239 50 186
182 188 246 80 22
280 288 303 69 66
268 79 86 316 49
125 54 143 298 268
30 18 190 310 171
298 72 146 224 239
13 239 104 309 136
254 271 86 81 241
64 50 115 236 306
11 232 318 14 14
189 224 213 59 15
132 98 305 221 36
74 177 233 147 173
86 58 110 293 293
105 233 277 99 153
165 180 185 121 59
117 27 138 288 223
10 244 193 97 300
263 32 17 141 277
264 123 208 38 144
88 134 77 214 38
21 248 48 127 228
150 238 18 230 181
164 270 93 92 146
189 66 93 144 159
134 219 238 27 85
130 219 30 107 221
140 110 136 298 257
50 249 53 56 230
275 249 142 94 50
306 259 220 225 260
271 46 125 101 187
195 143 166 28 286
311 141 111 131 319
270 200 288 291 29
47 260 103 126 276
107 88 98 253 95
182 237 246 317 174
296 50 295 106 29
52 20 299 73 280
137 157 178 243 26
198 44 84 137 279
308 316 224 114 168
94 53 145 55 266
283 42 102 226 202
291 295 116 265 282
59 180 311 273 251
205 228 99 114 126
171 68 16 6 206
285 203 145 111 295
254 10 109 264 205
296 161 124 250 97
161 176 271 198 283
10000000 10000000 10000000 10000000 10000000
110 41 151 295 155
259 137 30 41 26
216 208 291 107 251
60 185 265 229 22
81 128 120 275 21
99 301 261 129 291
86 137 33 84 250
238 61 183 15 189
132 96 219 225 223
105 12 249 157 180
202 184 273 266 31
306 134 192 55 181
127 10 216 89 44
254 53 259 167 52
185 11 107 222 73
223 306 229 315 53
93 254 294 287 267
64 208 127 147 228
57 295 57 305 31
315 31 57 79 90
37 188 15 157 199
171 185 294 297 131
79 216 299 243 237
303 38 221 55 79
105 5 116 207 109
54 221 62 92 62
80 316 145 219 253
68 292 215 314 10
257 289 110 320 315
164 178 265 245 62
92 189 192 310 296
284 226 269 88 41
177 34 128 139 156
157 118 136 69 106
160 112 219 14 210
36 134 203 287 293
211 14 202 225 61
228 44 146 177 165
75 55 270 121 272
43 104 74 216 142
85 55 279 155 169
104 159 225 134 233
278 113 164 293 185
224 258 32 182 142
54 317 197 266 290
320 11 317 140 125
191 269 111 296 9
186 147 167 61 242
91 162 154 198 197
138 192 267 195 177
132 96 278 77 174
259 167 78 27 86
112 217 213 106 176
124 15 54 225 167
60 57 243 30 103
209 177 299 283 182
130 292 138 128 208
134 42 312 108 109
204 293 267 138 234
153 51 109 166 276
35 265 52 107 54
228 89 290 68 247
188 201 107 106 247
163 296 97 200 162
104 23 27 114 241
112 38 32 164 84
319 40 106 183 60
7 284 113 31 197
41 158 308 39 226
294 148 225 164 18
15 288 157 285 145
125 16 221 175 67
107 259 182 53 124
60 121 216 98 61
285 235 26 95 262
31 311 307 176 103
238 103 218 272 74
83 63 262 55 92
315 199 251 231 289
262 265 121 277 269
287 279 125 138 232
145 123 220 291 313
214 232 277 223 45
41 204 33 46 316
295 172 98 113 279
279 139 84 207 297
19 146 71 120 155
44 146 237 6 308
182 261 105 176 304
257 218 82 155 44
10000000 10000000 10000000 10000000 10000000
238 210 237 8 179
235 232 246 9 228
253 310 161 204 259
13 263 214 223 289
7 311 313 266 235
24 313 190 39 112
43 16 25 82 267
65 102 99 5 74
258 317 60 151 57
143 50 34 61 296
314 136 286 202 205
27 208 218 92 277
262 287 93 22 68
97 114 303 158 303
272 37 294 299 41
105 168 65 149 266
136 82 289 79 26
261 143 155 103 131
105 232 171 131 198
76 289 159 89 22
91 192 114 102 316
14 187 210 249 63
155 5 294 277 197
287 212 145 79 63
35 84 92 20 170
43 240 206 15 167
209 76 300 273 299
291 129 208 41 297
207 41 14 281 193
151 206 26 91 35
35 314 275 231 84
55 56 263 270 34
64 96 285 226 255
75 107 20 72 162
252 18 40 230 182
291 208 130 198 10
276 238 69 92 261
249 243 152 254 143
185 267 99 197 259
298 141 309 116 42
125 292 30 135 217
302 112 57 98 209
188 162 9 117 215
45 193 273 286 168
22 281 145 61 301
40 253 166 8 224
156 170 222 218 178
72 244 52 57 76
166 86 103 105 164
38 39 305 118 74
177 210 105 291 65
46 270 173 161 198
215 229 26 201 115
69 76 222 233 278
240 15 198 80 179
20 61 221 54 87
267 135 238 272 79
75 209 242 48 41
12 8 194 225 233
206 136 54 174 319
158 305 30 189 110
180 200 152 179 132
173 228 319 123 256
257 182 295 14 69
8 74 250 57 41
41 267 307 320 53
58 30 243 153 195
158 19 191 156 118
291 76 174 74 246
238 194 295 193 76
132 98 131 283 125
191 119 262 92 286
84 86 50 99 125
209 191 206 222 169
269 249 196 188 208
150 42 247 159 98
96 45 306 308 26
234 119 288 71 301
221 276 227 93 93
22 81 125 283 131
318 291 214 126 245
65 144 208 28 183
86 270 87 33 216
182 263 210 314 123
269 245 320 87 242
13 236 180 45 234
38 163 248 252 181
184 287 47 255 271
79 99 238 222 183
256 162 43 312 170
10000000 10000000 10000000 10000000 10000000
291 34 319 207 184
92 116 119 180 182
222 16 229 180 258
180 284 221 194 198
109 171 267 9 100
130 42 49 31 227
261 119 50 220 302
311 291 19 55 47
39 236 109 157 140
124 189 109 119 149
156 190 22 105 232
196 92 64 10 17
25 234 32 163 95
67 82 31 164 147
139 132 19 93 93
318 36 16 81 44
42 33 94 118 191
83 120 221 109 154
118 107 304 84 71
281 82 138 92 71
144 27 141 98 313
314 138 276 45 148
91 70 57 245 258
268 125 243 305 20
24 18 8 153 176
178 92 317 311 45
25 106 239 266 133
5 216 66 152 282
37 90 260 161 164
101 84 29 299 28
64 280 114 80 178
226 43 255 205 189
145 209 200 218 283
33 43 96 160 45
318 94 139 264 112
266 283 31 109 238
72 198 9 293 315
64 308 223 213 241
225 36 109 164 230
197 140 225 136 61
191 313 290 25 164
317 141 318 93 92
177 243 57 201 290
86 192 60 11 136
14 22 162 271 103
232 257 149 272 44
280 66 272 146 82
252 12 310 231 288
314 190 175 17 18
12 277 66 106 257
287 9 136 275 315
61 47 320 8 316
165 96 299 315 225
127 79 241 212 91
202 116 80 160 29
166 224 111 121 32
61 151 147 169 143
243 179 222 220 258
246 71 248 72 182
202 197 171 106 25
10 252 247 72 249
192 74 84 22 196
127 253 222 255 23
15 9 230 269 200
270 257 250 275 250
33 226 285 319 69
72 28 129 54 173
221 89 283 302 307
8 37 52 314 256
312 155 229 259 90
130 239 273 172 224
60 166 68 40 65
192 74 214 295 213
163 68 205 296 75
293 192 217 157 221
10 91 301 235 177
187 8 100 300 99
184 271 142 279 36
259 5 24 205 217
32 280 228 82 180
300 39 205 299 77
198 112 5 35 316
285 221 142 46 161
243 84 309 306 150
217 196 151 128 306
303 166 227 71 189
130 261 313 57 76
307 221 237 145 181
139 198 159 167 214
226 157 151 265 71
10000000 10000000 10000000 10000000 10000000
261 268 224 237 245
80 164 34 51 233
24 159 29 142 179
142 46 118 139 184
18 244 312 204 183
200 84 40 94 54
139 75 248 314 82
241 211 86 205 132
235 298 209 294 223
99 176 33 228 188
297 284 306 239 115
130 213 142 161 25
85 108 53 155 39
47 89 192 199 88
248 161 169 17 43
150 46 251 214 292
220 144 217 249 310
234 14 13 169 288
118 110 140 299 240
28 269 109 226 251
124 160 97 229 73
259 237 163 148 33
233 63 176 16 26
243 135 292 114 276
194 168 189 14 228
45 244 172 136 8
182 39 258 253 124
192 102 5 94 290
72 198 153 259 132
207 74 167 16 225
135 64 89 224 63
36 230 262 277 278
38 49 95 21 102
16 241 312 99 39
164 88 134 223 135
33 184 105 136 199
315 213 158 229 287
187 44 157 91 167
51 199 58 269 117
163 258 253 20 265
237 172 206 144 207
185 189 38 195 262
63 306 176 284 172
218 185 34 64 219
24 202 26 169 58
108 41 257 281 128
15 83 133 63 172
251 148 255 313 54
21 110 20 8 306
199 180 47 165 192
67 319 215 265 236
65 269 70 222 190
24 304 76 129 215
274 98 256 66 11
23 249 229 238 246
64 13 139 286 237
90 179 259 185 185
88 120 116 307 181
314 92 9 167 198
79 126 30 19 66
102 296 250 235 247
238 282 153 154 135
85 76 174 29 231
82 238 217 60 132
216 111 214 29 277
229 85 243 134 12
202 160 203 229 309
242 38 249 59 175
90 258 130 118 22
284 90 197 99 205
167 219 117 97 149
278 282 268 50 50
148 290 110 185 115
101 200 254 287 301
259 165 208 262 44
211 32 188 302 189
290 120 223 99 21
170 154 218 205 210
26 238 28 78 209
104 170 24 81 320
111 90 48 207 114
312 204 312 285 270
46 126 112 298 271
170 68 188 57 59
199 229 99 21 9
283 11 89 107 260
41 288 263 18 35
215 247 16 261 232
79 247 40 55 232
244 94 49 81 111
10000000 10000000 10000000 10000000 10000000
199 25 283 312 10
154 299 91 219 234
158 289 76 161 67
141 268 104 83 283
91 52 255 295 221
100 82 135 31 300
240 176 183 309 124
16 269 146 9 185
121 63 128 297 282
176 28 293 58 293
156 18 264 309 257
264 42 12 91 128
80 13 173 241 202
247 167 197 72 40
172 219 218 161 88
160 174 253 201 212
84 278 64 53 77
176 81 137 248 272
291 64 139 207 77
287 228 143 99 191
263 71 6 131 174
142 197 105 297 261
83 265 259 314 317
256 215 118 191 120
52 96 303 313 264
236 197 140 21 264
269 169 137 88 47
54 99 267 217 165
296 307 157 187 220
138 211 81 236 234
47 168 221 270 33
177 66 47 238 86
69 272 28 240 175
320 152 172 114 310
126 183 105 94 174
149 296 254 26 237
147 275 23 197 100
289 27 28 162 30
76 21 46 271 166
216 158 89 101 147
182 187 40 284 89
231 149 232 92 212
125 248 33 37 24
226 275 32 158 136
274 184 143 61 175
217 19 127 109 113
317 101 205 123 101
11 223 270 289 86
142 221 187 94 154
293 315 209 187 266
117 65 42 63 66
310 318 302 274 239
9 232 95 176 80
68 186 210 46 232
261 249 101 314 219
127 315 249 213 93
75 42 145 90 285
135 63 294 210 227
233 260 92 161 182
75 274 165 39 304
177 106 137 144 136
172 271 126 119 304
274 202 9 216 269
295 287 72 187 272
129 149 178 213 313
127 66 72 109 262
183 293 174 146 32
75 33 91 100 257
22 188 30 217 180
166 255 94 247 95
299 300 295 315 218
99 254 208 276 171
139 297 282 131 241
178 19 220 83 256
268 95 243 24 142
111 251 271 132 15
185 176 277 262 107
307 227 199 94 85
55 248 283 217 255
89 67 227 301 303
293 85 67 108 267
185 232 248 210 51
294 166 253 97 271
127 159 43 6 286
182 17 100 69 307
242 242 215 184 199
177 25 153 73 186
38 218 61 11 183
261 153 132 101 12
293 149 117 199 13
10000000 10000000 10000000 10000000 10000000
233 19 265 319 52
310 105 69 22 150
9 173 32 169 95
6 289 48 311 184
316 275 70 234 151
211 230 113 79 319
103 9 70 214 300
253 91 240 115 142
274 44 167 320 309
212 218 96 209 52
115 299 36 167 116
237 124 209 255 265
196 212 20 40 274
271 87 87 85 205
212 38 265 146 297
313 189 16 143 47
160 266 60 98 132
37 278 44 45 114
209 117 271 231 59
238 81 221 77 170
70 173 222 120 64
260 310 22 170 69
215 68 234 188 227
281 65 180 248 214
210 282 29 258 312
201 233 10 166 135
261 182 221 253 312
108 93 276 279 52
59 298 264 129 161
171 287 107 274 43
190 120 158 222 316
231 130 135 235 300
21 308 256 73 158
233 6 156 110 308
213 47 130 223 143
8 121 32 231 58
28 204 87 16 311
228 102 234 148 170
51 72 284 61 178
263 88 117 71 252
266 308 28 291 13
16 88 268 170 211
34 82 248 120 60
146 32 29 272 88
51 145 154 68 169
260 177 79 54 266
157 247 6 219 78
246 258 27 168 81
175 272 74 16 62
50 72 224 128 227
103 295 202 82 79
91 192 37 10 139
318 70 118 229 294
230 22 112 149 133
305 258 79 151 93
9 88 222 307 51
10 64 215 32 265
195 289 79 55 304
102 120 13 124 6
8 145 289 247 73
90 123 260 61 196
31 254 115 41 292
261 255 275 140 253
47 60 23 278 108
289 299 264 66 295
168 312 120 286 319
258 250 81 297 41
298 253 89 289 227
297 74 83 294 258
47 216 161 200 108
8 146 93 92 49
64 50 32 43 211
101 290 140 231 268
255 119 64 163 213
113 88 276 192 133
221 61 254 308 235
17 16 93 179 296
119 9 309 201 303
107 214 239 143 129
13 65 97 199 262
136 187 226 240 7
203 156 237 245 197
250 11 115 153 280
301 284 109 184 11
268 180 308 297 183
301 44 32 234 180
267 279 158 206 260
160 86 318 127 296
294 40 56 38 140
199 109 254 12 63
10000000 10000000 10000000 10000000 10000000
275 279 75 225 73
277 272 162 31 36
165 127 175 223 212
205 153 235 7 156
252 109 104 256 237
255 103 231 292 195
302 316 271 144 89
61 193 48 126 11
310 80 19 29 176
124 310 144 154 192
160 314 21 104 171
193 233 286 170 99
281 92 200 198 9
303 267 171 119 59
47 179 98 223 320
168 21 244 245 224
99 160 245 65 154
261 75 90 118 180
218 113 36 175 295
156 30 128 255 151
143 228 249 144 182
156 275 136 71 8
156 262 210 283 303
195 181 164 43 149
19 315 175 303 313
253 289 143 64 271
181 153 304 181 302
228 158 179 99 205
181 46 235 26 277
23 263 129 309 307
135 188 122 112 127
115 26 141 151 302
222 208 242 12 162
305 134 98 41 233
119 13 153 58 55
273 186 104 225 23
173 193 102 80 297
22 51 299 320 280
200 185 312 50 233
220 51 77 193 11
134 6 313 187 275
165 120 173 40 38
166 242 34 118 174
170 32 19 266 243
283 277 239 115 45
121 177 211 60 91
72 237 301 61 226
318 159 141 298 43
87 9 59 153 250
240 106 281 168 138
286 76 229 44 25
93 21 182 44 60
75 54 212 57 48
299 140 10 68 204
193 227 152 170 298
72 144 138 199 166
77 26 310 249 96
291 119 124 61 35
239 59 214 250 311
195 174 183 260 221
300 284 66 79 180
243 230 150 92 77
168 224 107 19 229
74 184 14 177 91
71 153 57 128 133
260 131 54 85 43
103 228 106 14 155
251 294 189 11 92
36 177 112 249 155
197 121 229 140 170
67 248 224 95 285
89 250 12 23 122
279 187 115 22 62
108 177 165 196 285
54 116 257 61 267
50 255 93 9 99
52 53 101 107 106
205 184 98 47 100
206 253 240 56 253
209 269 114 19 309
260 127 62 82 246
76 101 11 272 114
315 289 85 106 252
229 199 319 63 222
34 201 7 268 142
112 72 216 308 160
243 74 103 151 131
43 219 135 182 47
169 51 151 194 230
318 183 285 136 167
10000000 10000000 10000000 10000000 10000000
157 302 288 107 192
320 111 288 204 186
100 120 7 161 213
278 131 144 180 286
194 163 150 271 63
292 73 11 298 253
62 17 60 230 44
169 37 5 196 42
181 212 241 238 224
192 193 23 140 149
193 293 195 71 128
103 55 44 88 129
44 228 125 310 251
223 311 22 106 198
83 37 224 176 190
230 198 238 10 206
156 286 73 251 242
83 106 84 12 299
216 291 211 56 232
86 242 166 264 224
164 198 50 168 174
188 119 279 53 102
228 110 98 6 66
212 100 119 121 8
50 60 32 148 54
226 76 146 39 179
236 14 95 5 16
64 41 217 163 93
40 276 290 13 52
82 130 70 49 113
218 304 197 33 291
21 74 96 236 176
81 82 89 74 39
206 11 214 97 89
82 131 66 108 14
95 245 72 109 217
122 176 305 282 219
59 294 309 196 242
150 292 92 105 188
299 84 316 154 142
317 198 92 97 81
222 13 22 206 241
287 309 41 261 294
57 104 175 140 178
223 116 86 174 194
292 77 272 217 214
45 164 90 245 37
67 268 175 112 211
248 82 122 315 56
252 144 47 316 292
124 285 207 258 121
220 158 13 39 36
239 180 300 318 256
22 91 82 41 293
245 119 120 41 206
315 130 119 284 146
65 68 68 13 74
67 150 187 249 241
47 58 244 176 131
258 161 125 140 235
278 67 211 165 92
192 164 76 138 107
108 227 289 68 52
268 248 221 203 272
220 149 170 186 144
220 296 298 187 22
151 141 273 205 31
9 35 207 207 103
136 108 144 138 310
273 135 294 282 78
314 100 27 136 44
41 294 135 298 35
5 298 122 202 297
11 148 266 308 147
137 177 77 51 262
261 46 297 202 242
44 6 221 172 232
78 35 10 317 138
274 120 261 34 168
310 231 111 44 153
183 284 277 253 117
226 166 20 16 188
181 98 242 226 128
154 169 134 48 225
24 250 233 269 106
16 305 195 111 293
96 258 15 186 111
41 275 225 193 169
269 130 58 6 155
169 236 295 192 52
10000000 10000000 10000000 10000000 10000000
30 48 207 15 86
263 274 130 86 275
65 288 315 119 224
19 63 279 310 182
312 148 83 162 112
55 250 314 52 298
136 259 237 156 308
231 277 175 82 189
166 306 155 285 196
70 280 133 315 181
73 290 49 63 32
13 82 125 101 188
186 61 308 300 124
160 174 23 30 199
207 112 180 229 37
239 299 6 70 40
126 218 224 201 192
43 77 156 249 231
131 27 228 259 319
78 117 172 223 320
80 179 223 247 155
34 137 18 186 87
209 306 163 137 122
78 15 217 305 285
70 106 42 296 229
5 311 45 316 317
42 6 202 186 119
204 316 80 198 50
257 315 274 43 266
106 138 243 159 135
309 277 166 125 61
318 173 213 246 217
155 100 228 165 313
103 237 312 112 109
5 91 138 159 293
67 318 278 213 97
142 117 157 101 252
26 75 230 320 190
94 260 212 264 134
166 95 284 310 141
149 23 6 227 310
226 234 161 234 54
164 119 271 29 75
84 195 207 264 142
206 316 45 113 61
262 248 98 42 129
166 292 131 176 240
69 91 270 94 107
316 106 254 195 319
55 174 49 160 272
99 313 267 263 89
215 175 66 42 131
132 29 239 134 308
201 69 65 170 26
282 21 254 172 73
242 42 189 266 146
59 42 142 214 123
179 294 175 73 236
288 250 204 256 312
290 7 278 300 19
67 127 272 17 177
277 47 64 51 56
109 205 263 163 286
8 284 266 146 54
11 124 273 52 138
203 197 36 55 213
113 289 177 258 42
34 310 318 6 64
215 72 297 181 216
7 82 62 8 92
75 162 144 206 231
166 315 151 320 217
115 80 189 42 319
256 160 180 304 183
88 72 79 170 241
97 244 127 231 221
16 139 111 68 220
130 234 36 145 257
216 20 89 182 273
90 50 203 165 78
245 14 180 231 31
99 161 32 238 275
61 287 96 259 265
55 82 158 88 59
152 172 58 303 243
38 24 213 65 184
296 83 27 52 6
240 208 80 243 269
288 115 84 58 239
70 307 94 65 73
