10000000 10000000 10000000 10000000 10000000 10000000 10000000 10000000 10000000 10000000 10000000 10000000 10000000 10000000 10000000 10000000 10000000 10000000 10000000 10000000
49 21 62 17 39 26 43 21 58 40 70 73 18 45 53 7 28 69 73 49
47 31 27 42 15 7 73 8 13 31 38 25 68 8 43 54 58 44 69 38
24 1 66 65 17 6 7 25 11 6 16 23 3 66 13 3 16 31 65 49
37 2 2 57 60 68 65 17 52 14 33 44 16 12 72 15 50 51 60 50
73 36 32 73 25 73 54 49 54 29 32 2 60 31 2 69 59 58 68 32
71 25 30 47 26 41 24 49 57 28 69 68 37 64 4 7 26 50 62 58
47 48 72 7 28 46 21 25 20 13 40 3 50 45 15 19 62 73 3 72
25 9 27 40 71 47 33 6 35 26 50 39 12 23 45 11 40 22 36 55
12 40 39 19 46 54 64 46 33 12 49 47 62 33 67 33 36 44 11 62
61 53 64 44 55 42 55 71 55 44 59 72 16 68 19 66 26 6 24 11
67 49 51 72 34 23 34 7 51 26 56 21 29 61 66 40 9 16 36 30
38 12 44 30 47 49 72 31 60 34 9 63 5 9 50 19 21 40 35 13
41 17 25 50 22 33 72 18 5 65 72 13 16 5 37 35 12 71 21 44
62 11 16 24 33 6 29 14 22 67 66 65 68 54 36 7 57 35 32 65
31 61 29 24 40 53 64 51 42 19 33 65 32 16 45 51 44 71 23 35
73 59 37 24 12 68 48 14 47 28 12 69 56 35 53 25 22 72 5 23
10000000 10000000 10000000 10000000 10000000 10000000 10000000 10000000 10000000 10000000 10000000 10000000 10000000 10000000 10000000 10000000 10000000 10000000 10000000 10000000
11 47 70 54 10 68 32 50 41 19 9 67 69 55 69 64 51 57 3 57
37 43 30 37 71 37 4 49 7 11 4 1 73 28 72 56 5 69 7 41
19 10 26 53 14 40 42 59 25 32 6 12 31 55 10 45 13 30 47 64
42 63 51 67 21 65 14 51 69 68 47 59 16 11 33 21 58 45 63 44
44 68 34 19 18 47 59 66 49 73 5 17 12 17 22 43 49 36 1 43
30 63 60 25 64 16 31 68 26 35 28 66 73 68 5 72 30 53 58 19
64 32 14 19 33 45 46 64 11 3 48 55 19 42 41 4 9 5 25 67
72 5 36 69 37 34 2 23 9 69 8 6 62 51 68 57 18 20 66 44
56 13 53 68 32 37 45 42 46 32 13 10 14 22 23 35 23 72 15 33
48 9 66 33 14 9 31 29 58 63 2 1 22 49 60 32 58 50 24 45
34 41 35 56 18 67 8 73 38 28 57 16 41 69 67 27 37 53 68 36
41 34 47 50 67 32 73 1 24 23 55 69 40 15 13 14 72 48 73 44
24 37 64 51 31 58 68 51 8 8 51 39 40 49 54 3 12 73 19 60
5 27 72 29 51 6 15 51 67 44 11 9 52 51 18 62 4 53 65 53
67 72 41 6 8 38 9 54 59 42 58 68 16 15 24 57 42 37 1 31
59 66 65 70 62 30 5 23 28 35 24 59 65 34 46 68 10 63 32 42
10000000 10000000 10000000 10000000 10000000 10000000 10000000 10000000 10000000 10000000 10000000 10000000 10000000 10000000 10000000 10000000 10000000 10000000 10000000 10000000
26 2 25 31 30 39 1 17 23 71 44 49 52 7 54 68 36 32 67 46
23 12 54 50 53 64 15 15 2 49 19 69 27 50 18 40 12 69 15 57
70 28 61 47 39 30 33 59 55 39 16 26 10 6 31 67 6 43 15 26
2 46 51 52 24 24 21 27 10 9 11 59 61 72 21 42 1 39 3 40
9 1 38 6 9 38 53 39 10 10 63 15 53 70 1 29 32 26 1 72
22 33 12 64 34 32 50 58 1 69 63 18 61 30 14 69 52 11 52 18
11 16 34 10 26 40 14 7 64 14 1 48 50 61 64 39 46 12 50 71
38 10 46 57 12 23 48 3 56 9 12 59 56 22 62 26 26 26 39 16
12 4 17 72 72 4 48 36 40 15 33 51 52 16 66 53 70 61 20 59
20 19 4 1 60 57 52 28 42 37 69 51 17 65 44 1 24 4 29 42
21 46 31 35 31 63 4 31 61 62 7 40 43 48 57 34 54 47 2 60
10 8 43 44 30 25 39 53 9 9 1 56 10 45 45 5 64 73 4 4
10 27 63 46 46 49 62 58 48 32 55 28 31 59 30 40 59 20 37 40
41 12 59 25 51 64 45 19 35 72 38 13 50 66 29 37 11 63 52 38
59 59 55 60 66 15 24 43 63 10 68 46 17 65 39 55 60 50 36 24
56 45 62 35 15 66 36 70 12 67 14 9 48 52 57 6 52 34 40 50
10000000 10000000 10000000 10000000 10000000 10000000 10000000 10000000 10000000 10000000 10000000 10000000 10000000 10000000 10000000 10000000 10000000 10000000 10000000 10000000
51 14 44 64 49 43 41 6 6 52 29 6 26 33 35 45 30 46 68 25
13 37 52 50 59 66 34 70 63 11 33 39 12 62 62 28 59 65 65 3
3 24 45 69 6 73 51 59 41 31 52 8 72 8 1 34 45 19 64 53
22 63 8 23 29 67 37 9 50 55 44 27 46 28 39 39 33 60 9 12
13 73 2 38 18 47 13 47 22 44 21 70 47 7 43 62 73 51 10 57
15 54 63 42 40 58 61 16 17 24 45 34 12 61 58 70 59 19 9 27
35 34 53 17 2 51 8 21 54 31 61 41 4 35 15 23 11 4 30 6
28 14 20 65 14 13 69 4 15 64 29 50 44 15 61 43 19 39 66 59
65 37 17 19 68 57 14 7 19 44 55 34 32 69 50 49 69 57 45 15
73 1 36 68 23 30 65 2 8 28 68 41 50 35 20 26 63 1 20 70
23 71 14 49 60 8 63 68 60 61 6 10 67 65 24 44 52 20 29 27
45 67 43 66 39 29 71 33 54 9 21 51 69 38 36 7 73 58 26 53
45 67 25 42 17 72 56 3 51 56 45 45 70 58 23 9 9 68 44 43
13 4 41 18 72 1 71 67 13 16 22 66 17 12 45 46 41 43 46 68
31 26 25 21 62 69 43 21 59 37 29 36 69 56 4 23 32 7 57 73
41 26 12 32 6 48 34 11 34 65 39 68 71 18 51 37 32 41 52 38
10000000 10000000 10000000 10000000 10000000 10000000 10000000 10000000 10000000 10000000 10000000 10000000 10000000 10000000 10000000 10000000 10000000 10000000 10000000 10000000
50 46 55 55 11 66 1 57 28 5 21 38 1 11 57 16 63 33 34 11
45 33 69 22 20 47 57 28 34 18 35 73 16 12 29 25 13 48 40 26
67 38 21 2 49 26 48 16 19 64 32 53 1 50 34 58 70 22 60 66
62 3 44 66 60 29 25 15 28 42 54 39 11 1 5 60 6 1 68 29
69 44 68 32 46 45 12 14 62 65 10 17 15 45 3 49 2 61 22 7
18 66 2 45 17 44 61 25 70 60 35 13 23 15 55 41 10 31 43 39
73 64 11 45 65 72 44 1 50 18 29 38 70 1 20 16 52 34 60 10
22 44 26 44 68 32 70 43 1 11 49 13 35 50 33 22 8 47 39 59
32 13 43 58 28 2 70 34 2 67 68 33 7 46 73 7 44 56 11 4
58 65 21 48 21 18 36 25 15 65 2 55 27 19 1 63 61 46 41 71
63 15 7 51 10 64 7 64 7 24 56 57 73 45 62 24 40 29 47 49
67 17 9 10 15 52 49 22 60 15 46 1 61 61 24 20 51 11 38 72
41 13 30 70 38 18 67 1 20 21 58 6 72 47 5 55 15 5 58 28
24 51 46 66 2 49 24 49 47 54 40 14 1 73 43 21 12 31 68 11
44 5 70 44 44 14 70 57 41 24 61 44 60 18 23 59 58 1 10 25
69 70 53 21 36 63 6 49 54 24 14 5 18 72 42 37 13 59 36 52
