10000000 10000000 10000000 10000000 10000000
253 174 176 100 124
186 190 330 209 250
259 184 136 229 291
79 287 43 342 306
157 192 262 193 283
171 175 81 78 237
89 43 41 311 189
88 93 252 268 8
80 263 15 239 310
54 313 129 261 282
19 346 301 305 196
245 327 58 55 261
174 288 182 221 119
124 267 313 75 195
309 342 162 162 83
188 249 112 41 86
345 6 36 30 122
65 337 318 102 90
146 201 100 308 165
301 289 136 160 59
216 82 203 142 328
234 140 74 158 67
69 63 38 313 340
112 287 119 295 31
308 41 280 281 284
250 217 52 116 36
39 247 119 143 59
210 147 186 191 195
189 122 239 181 54
95 208 33 86 31
161 176 246 333 44
56 17 57 241 180
109 157 176 7 37
217 103 261 232 193
107 327 322 212 270
110 250 119 256 168
251 327 200 79 201
226 160 5 245 139
208 216 45 224 140
335 291 275 142 226
189 223 273 278 156
55 247 135 254 90
110 101 124 203 322
123 156 10 13 43
77 316 88 334 289
152 96 205 269 85
280 154 6 177 274
213 327 13 132 244
68 291 206 335 345
168 176 263 321 71
237 332 96 301 128
65 301 209 62 250
86 297 329 171 327
23 112 279 66 309
193 206 210 268 118
51 50 32 306 201
69 271 323 273 241
322 229 281 251 318
185 282 307 236 138
153 161 116 43 122
5 192 51 141 189
336 43 128 337 89
107 318 153 91 296
219 319 5 20 160
312 336 307 144 160
31 119 278 116 153
239 303 202 116 122
165 88 227 132 193
324 180 294 165 337
327 115 316 126 267
10000000 10000000 10000000 10000000 10000000
337 279 160 11 322
17 297 346 69 62
294 181 336 59 199
134 279 128 283 329
40 214 34 170 207
149 172 334 181 42
234 27 220 206 197
221 173 266 343 16
154 284 282 101 320
83 308 237 177 45
177 256 113 6 310
162 164 69 160 259
49 269 223 117 49
211 25 275 74 187
5 246 86 115 174
172 327 283 337 183
142 85 29 173 140
327 134 270 183 299
301 79 195 191 87
118 238 52 171 5
6 142 145 179 257
223 103 260 316 182
41 229 251 181 234
76 71 134 321 80
264 296 68 18 230
165 232 95 319 143
265 338 324 242 321
231 33 228 91 33
182 219 283 221 253
29 191 267 207 80
88 287 52 24 44
147 265 178 288 77
152 249 80 347 296
298 320 134 31 168
341 52 219 328 78
170 45 281 297 331
253 304 185 229 122
325 93 285 72 45
35 277 250 172 116
298 213 16 93 68
264 283 240 34 195
11 255 77 292 65
249 119 45 162 129
208 293 341 296 51
22 78 108 316 323
129 148 129 111 138
117 271 281 316 211
41 257 283 18 302
146 254 265 302 297
127 145 234 311 160
262 251 194 292 139
112 107 203 8 230
82 61 294 143 53
277 193 280 9 230
58 266 54 254 242
295 148 344 212 243
141 334 172 300 151
316 62 341 168 177
144 29 26 287 177
7 225 200 344 29
39 183 315 110 58
119 22 284 67 177
304 71 82 5 175
308 288 103 297 10
224 157 17 251 123
101 347 336 336 347
130 306 231 236 240
259 190 67 56 325
263 335 149 156 208
117 66 184 168 267
10000000 10000000 10000000 10000000 10000000
274 290 73 260 27
132 319 328 333 113
120 106 43 119 249
45 271 266 44 318
243 268 282 193 179
256 6 145 124 183
46 315 199 331 111
162 237 157 64 215
17 166 142 297 68
64 35 117 140 232
41 135 80 106 91
168 280 145 335 109
289 92 20 197 133
123 254 55 72 47
56 57 7 44 76
300 200 310 208 207
289 273 326 252 151
296 298 344 285 223
201 92 228 20 249
36 8 28 193 122
197 109 182 331 77
218 283 260 240 335
105 164 103 75 16
175 95 237 116 128
284 218 88 33 133
21 33 47 184 32
152 330 19 256 115
123 56 29 289 19
328 298 31 15 108
291 210 11 301 204
149 287 128 313 34
299 94 98 241 151
100 101 54 174 268
331 112 263 6 119
185 192 204 68 112
283 212 164 167 311
132 247 194 55 150
7 155 282 264 97
47 258 40 175 32
190 310 213 228 284
151 213 177 268 308
208 49 44 179 230
18 193 335 137 37
251 31 64 207 113
197 12 216 40 259
28 54 73 179 54
294 288 218 84 107
318 93 305 231 262
88 254 154 82 272
156 233 99 324 336
258 333 121 121 277
125 258 11 20 249
103 151 336 143 15
156 220 209 317 38
60 113 75 40 106
74 322 176 123 275
155 287 332 110 215
202 259 171 116 216
17 70 339 340 213
268 137 341 283 278
188 311 164 323 86
300 178 104 37 18
59 121 325 93 317
342 166 341 331 94
136 58 11 139 101
93 116 211 7 23
70 177 58 229 241
307 227 284 164 230
245 268 191 45 244
314 169 313 115 126
10000000 10000000 10000000 10000000 10000000
90 194 343 335 265
306 40 340 149 204
171 300 46 227 185
315 196 40 166 19
175 68 338 294 231
98 265 153 222 75
16 98 325 192 45
290 297 288 97 335
131 214 302 295 49
226 284 323 42 220
313 167 287 183 286
76 34 328 139 111
113 197 122 130 116
102 9 226 272 202
139 204 206 313 316
110 203 261 185 133
227 124 222 138 310
335 225 188 168 190
197 123 172 58 246
75 240 282 13 62
116 196 215 106 328
97 123 54 180 11
73 42 124 31 199
96 115 20 316 54
244 28 117 296 96
155 98 58 339 214
195 172 206 326 165
57 90 307 102 326
84 280 178 234 145
129 258 23 232 91
346 7 325 184 214
138 66 335 184 82
65 91 65 18 334
152 20 198 338 82
298 314 322 117 236
256 252 180 136 309
124 202 283 36 244
169 36 267 14 186
274 195 323 102 72
113 292 286 13 254
190 125 263 156 182
183 92 106 128 27
73 129 166 141 34
143 332 113 130 7
143 333 213 306 112
86 86 77 268 150
324 295 236 227 223
103 216 111 97 334
276 317 109 109 318
212 90 328 85 150
214 308 138 19 89
251 253 316 82 89
202 184 234 208 45
284 316 157 193 111
190 254 237 286 244
116 193 191 261 89
48 155 48 10 93
191 327 119 203 18
322 168 132 279 301
196 340 329 192 223
152 333 152 240 329
101 284 130 202 206
293 148 8 135 305
226 234 225 39 82
305 125 105 201 171
292 165 83 213 185
103 265 336 203 237
289 77 187 111 272
133 17 190 179 99
227 205 265 164 80
10000000 10000000 10000000 10000000 10000000
187 297 247 228 218
134 36 254 324 157
211 28 209 294 192
163 148 320 106 182
224 86 21 231 205
239 302 184 344 5
65 30 214 152 318
128 218 271 347 56
95 70 84 74 259
148 199 202 58 98
334 287 178 265 229
199 171 341 237 162
58 48 86 19 90
333 272 253 146 70
47 22 109 104 303
152 282 245 139 44
195 13 161 279 56
87 204 251 250 140
89 274 260 230 177
69 105 331 68 345
149 312 318 262 229
318 97 92 324 170
222 301 133 313 145
97 133 10 344 155
15 161 100 192 214
153 149 213 339 37
61 18 244 67 188
206 269 46 272 153
278 214 104 109 316
132 307 175 35 149
343 295 125 35 202
62 79 245 36 289
74 309 301 325 337
270 247 66 99 247
23 195 220 224 90
211 54 253 62 152
260 312 109 68 171
237 278 290 25 311
117 262 100 157 180
203 178 262 173 267
65 41 15 212 283
120 280 346 228 151
135 324 218 146 282
269 227 281 194 294
35 9 189 51 43
104 201 137 46 91
134 28 113 307 64
107 40 59 75 74
198 304 233 203 109
222 299 200 130 332
86 198 17 189 318
275 152 146 258 232
291 326 59 253 211
229 158 183 308 10
201 301 45 288 309
172 187 16 225 293
114 230 265 120 111
86 158 168 196 271
137 206 297 193 292
344 139 296 299 42
190 109 69 316 225
105 261 239 73 285
118 130 146 329 29
181 60 344 185 282
261 239 216 63 250
24 8 295 40 47
135 244 105 66 293
243 324 107 243 272
197 25 225 26 274
334 155 306 113 138
10000000 10000000 10000000 10000000 10000000
300 154 152 178 142
268 309 18 175 300
109 174 298 5 145
303 300 291 140 321
305 301 189 294 219
341 269 182 121 239
45 226 231 287 304
74 310 107 35 77
169 347 41 105 161
185 229 86 333 186
5 61 162 193 32
227 313 307 284 169
85 307 313 99 230
53 120 342 16 16
144 69 69 71 295
231 272 226 289 90
291 327 125 58 333
53 279 291 17 342
53 185 169 68 168
246 140 197 180 260
307 259 158 226 143
224 117 71 45 39
273 118 170 98 239
76 347 44 171 335
98 155 225 330 194
237 306 66 226 49
223 216 46 239 286
123 246 13 168 167
136 305 180 131 237
168 229 143 291 343
199 102 188 335 78
31 147 31 169 153
344 9 63 155 32
296 123 99 46 236
219 13 37 18 131
329 289 183 268 98
277 147 203 147 65
196 217 47 332 169
346 187 309 197 57
139 38 217 173 248
72 107 144 199 247
276 330 218 265 9
27 230 257 305 285
317 47 28 167 51
231 327 32 294 329
46 324 119 170 118
257 230 213 98 259
11 109 88 213 251
43 113 67 108 56
267 24 319 10 173
267 28 311 51 118
230 183 64 46 201
151 211 286 84 265
118 11 229 183 244
206 153 267 207 61
283 20 65 98 263
168 117 323 334 321
267 326 231 229 187
72 182 270 23 105
94 305 270 88 220
137 78 92 94 71
81 17 85 64 72
227 116 61 230 27
9 308 226 127 253
47 238 205 223 172
76 254 321 118 167
25 344 113 183 188
77 227 45 66 62
80 339 9 32 144
252 274 122 6 163
10000000 10000000 10000000 10000000 10000000
72 258 114 138 73
17 254 45 32 257
103 297 86 58 232
57 74 311 26 123
54 34 198 10 202
126 228 283 280 57
156 54 204 226 79
251 278 276 125 180
12 230 266 98 284
209 312 76 232 27
222 112 153 39 107
21 144 183 28 165
101 103 305 307 6
223 73 313 103 239
25 200 317 200 290
128 151 206 56 158
121 218 35 80 280
62 296 269 263 97
332 186 337 190 324
217 202 28 292 266
131 234 141 104 263
176 281 146 181 272
20 8 172 109 163
79 35 187 188 80
253 94 166 330 168
146 220 14 48 335
9 125 168 86 222
234 61 242 223 10
98 222 41 108 262
119 199 143 305 112
169 128 20 282 294
288 40 176 172 128
235 81 158 129 294
206 328 120 69 41
252 85 58 324 170
291 27 301 292 59
98 269 269 231 22
107 153 28 247 108
96 148 240 127 166
24 51 141 105 8
163 334 114 301 187
314 90 105 53 298
229 277 312 334 111
202 106 346 46 142
231 79 135 158 84
123 105 315 8 71
86 209 325 258 108
18 120 327 140 151
55 76 69 210 50
15 274 193 70 343
149 77 237 66 77
84 66 325 264 17
223 327 72 23 96
105 89 39 291 314
264 111 48 42 33
146 57 194 113 152
147 32 175 201 304
39 296 342 62 156
196 51 328 236 152
43 195 346 147 309
157 226 15 199 318
46 113 175 198 90
237 245 245 310 18
25 38 45 106 176
124 319 157 40 6
176 124 292 61 67
88 285 257 65 292
172 219 289 47 12
170 167 244 304 206
276 243 29 324 55
10000000 10000000 10000000 10000000 10000000
237 23 290 175 177
148 24 147 127 282
111 169 244 135 308
111 104 85 141 120
180 310 150 15 284
15 43 152 265 183
337 20 94 111 122
332 153 116 43 310
192 108 82 154 271
14 143 151 202 193
162 52 107 346 300
123 27 81 89 24
338 144 19 215 210
101 249 78 233 89
220 84 203 13 86
114 128 55 43 210
210 221 272 129 273
174 153 328 18 105
180 51 332 109 129
102 316 43 87 57
170 72 159 203 233
79 262 311 114 297
138 228 292 92 141
126 62 319 219 220
327 195 279 326 206
54 319 146 54 51
70 56 204 222 287
163 39 72 343 137
85 17 123 288 146
306 94 130 67 121
45 119 337 233 201
127 103 254 306 52
5 110 286 147 280
83 200 159 346 128
115 71 5 130 15
78 189 141 11 308
145 167 114 185 334
159 281 31 118 261
162 148 190 8 266
53 93 196 295 194
299 239 148 152 12
192 113 97 26 138
325 287 143 267 107
109 111 129 69 293
92 201 19 225 255
262 29 109 86 215
322 34 293 171 346
307 66 242 213 145
80 30 114 53 61
51 189 317 214 112
327 86 233 140 132
108 232 269 212 71
329 211 231 95 190
266 119 285 24 17
44 243 177 60 319
296 316 158 278 233
259 276 141 192 327
100 152 278 345 238
260 288 128 26 238
35 265 170 79 248
240 122 62 121 219
192 265 106 256 56
320 109 91 168 31
180 295 80 107 318
337 114 256 109 220
265 286 274 213 205
23 86 17 211 192
178 236 346 146 190
128 110 108 29 136
8 335 137 168 214
10000000 10000000 10000000 10000000 10000000
66 32 167 286 227
283 338 218 140 103
199 110 296 331 221
335 257 245 70 221
308 80 135 329 44
7 127 101 229 107
104 290 12 173 285
122 188 88 79 131
330 191 289 174 32
22 54 282 232 236
181 346 139 78 216
307 244 204 257 190
285 105 259 240 154
212 215 305 299 64
102 86 71 111 337
336 6 21 127 136
95 47 68 212 216
136 195 230 220 191
322 207 284 134 17
175 66 81 304 263
122 125 216 319 342
130 172 37 91 78
208 210 279 190 276
111 302 36 55 216
31 312 318 341 28
110 202 206 208 332
105 127 151 154 321
37 267 103 104 319
226 92 314 286 16
155 88 140 212 264
11 97 286 83 6
260 298 70 288 245
279 61 310 72 338
319 139 42 122 223
6 202 112 163 280
267 87 147 220 121
216 346 31 256 246
118 90 65 63 332
192 93 252 297 264
88 241 311 94 113
55 51 127 188 49
164 305 262 181 31
191 186 110 287 89
306 324 315 34 326
107 87 83 31 194
91 267 98 245 109
45 320 52 215 65
112 27 346 65 60
80 245 238 286 264
257 98 148 213 279
316 257 8 102 88
273 325 143 70 31
147 133 80 106 58
61 258 231 11 223
39 86 320 49 306
89 135 231 52 242
301 210 169 23 116
231 235 65 249 134
321 240 167 105 177
8 54 259 347 286
309 57 290 273 196
136 311 211 158 242
276 292 245 116 220
333 319 26 294 199
59 271 76 16 41
280 19 226 237 212
282 202 73 161 264
96 158 214 208 19
292 192 15 277 163
201 28 171 130 16
10000000 10000000 10000000 10000000 10000000
188 232 36 49 145
96 34 125 10 297
44 339 87 230 269
232 114 240 61 101
329 225 242 167 86
150 331 129 219 303
287 314 334 134 314
49 9 39 129 196
135 164 147 46 326
132 304 229 231 210
153 190 182 340 77
82 8 320 322 5
286 161 233 8 278
27 276 54 236 201
179 234 189 124 328
276 9 173 183 31
158 199 243 320 67
80 6 187 27 157
89 276 132 108 213
184 303 272 151 235
18 255 268 65 134
130 81 277 203 260
222 94 102 59 35
78 221 83 135 224
88 253 248 42 276
293 113 148 51 6
126 250 309 114 247
311 319 241 200 276
78 220 208 145 163
167 48 341 215 86
211 343 232 98 324
338 98 227 269 98
224 73 91 52 33
102 29 241 331 116
177 34 58 217 287
326 66 237 148 297
209 80 14 9 49
318 327 290 289 99
23 143 224 241 50
9 63 88 311 235
235 237 315 119 144
66 277 290 164 54
248 334 299 262 312
53 18 44 18 215
31 205 346 144 158
285 45 344 244 90
29 150 224 312 226
315 327 108 106 205
36 232 213 51 105
251 175 125 333 93
90 105 177 194 142
332 17 44 246 12
42 183 175 112 261
211 283 211 286 160
45 89 223 248 292
242 298 234 251 298
216 190 22 326 33
332 159 334 171 198
68 337 54 139 223
154 167 121 300 337
38 194 53 155 190
114 224 16 53 200
280 41 275 228 16
120 137 329 325 308
298 275 313 8 231
239 325 184 134 270
7 24 103 92 332
97 58 66 297 327
117 66 293 290 87
237 267 194 170 98
10000000 10000000 10000000 10000000 10000000
38 195 259 95 346
57 217 238 16 284
214 158 69 157 63
267 17 21 68 262
219 139 340 324 194
192 100 242 274 233
180 128 25 260 276
185 244 183 320 56
265 103 311 275 248
283 58 112 19 94
268 36 249 320 17
289 168 338 20 133
115 337 40 233 308
38 6 309 298 190
301 309 195 342 191
19 45 193 174 236
39 341 91 82 213
239 97 68 130 121
76 333 269 251 40
294 5 278 122 290
61 261 130 79 70
118 137 101 9 101
219 64 47 31 132
59 34 221 118 59
274 196 313 33 258
80 81 257 196 270
54 208 94 50 86
297 100 211 86 250
64 17 167 212 183
206 18 98 50 273
315 274 133 115 332
330 127 16 114 305
192 297 126 101 97
33 32 90 38 301
319 298 114 318 236
347 267 201 33 245
78 51 307 144 64
122 173 237 121 279
77 276 190 101 172
206 276 248 106 267
93 344 265 258 228
163 161 175 61 42
78 195 328 142 210
330 315 343 315 29
265 278 292 202 178
95 127 343 91 299
76 316 143 169 81
146 239 35 86 208
279 236 30 335 122
241 96 237 162 33
179 194 233 23 96
11 81 315 339 160
148 258 244 247 208
193 145 81 235 78
225 265 173 327 204
35 144 60 275 123
228 101 76 29 322
311 10 225 329 159
13 314 155 240 46
12 257 21 164 250
80 111 7 215 168
129 107 326 198 214
132 342 10 213 124
115 280 335 246 34
233 99 150 87 216
169 85 132 306 220
103 93 67 239 171
292 251 212 119 14
219 261 234 68 186
87 71 313 111 88
10000000 10000000 10000000 10000000 10000000
339 62 203 278 230
92 294 257 132 125
301 297 90 270 161
60 321 57 190 316
168 197 85 283 345
22 325 241 199 335
40 314 109 213 168
76 347 197 339 17
131 217 206 132 225
158 170 137 296 189
125 205 261 221 334
162 162 294 265 165
282 225 331 144 56
115 266 323 42 115
119 28 56 86 140
53 346 296 72 232
126 208 298 92 24
298 39 93 249 226
116 134 126 173 201
281 201 225 109 11
88 127 115 87 257
241 317 298 25 333
324 97 247 84 300
183 81 212 278 295
98 339 239 268 231
186 127 283 65 134
316 117 144 204 296
210 230 181 173 199
145 95 44 91 272
123 207 307 237 27
31 174 301 39 140
292 146 86 328 181
307 324 243 149 30
347 20 148 340 89
244 29 322 78 326
222 154 180 282 134
8 288 90 138 323
104 106 219 48 172
321 227 79 245 51
45 43 112 93 184
149 347 148 59 53
117 61 15 284 340
191 191 93 141 253
169 340 99 111 158
32 187 195 243 52
150 52 240 111 269
152 100 138 288 55
83 161 121 225 336
40 180 146 225 335
36 243 314 47 215
102 11 337 67 309
124 340 200 318 222
229 305 307 294 108
252 175 334 293 140
145 170 328 48 78
239 170 6 88 129
293 214 54 200 176
259 312 198 334 39
176 194 157 97 81
153 214 334 240 335
89 114 11 322 167
122 47 328 101 336
323 5 94 228 41
154 45 214 213 301
260 14 174 140 205
233 111 226 142 127
258 184 39 135 26
296 222 281 118 322
68 275 102 313 278
339 287 338 147 318
10000000 10000000 10000000 10000000 10000000
211 163 34 153 255
128 143 184 151 212
9 24 298 200 210
305 205 92 205 109
84 42 193 218 297
309 334 172 248 187
112 203 151 74 280
128 205 222 306 127
114 121 55 68 166
346 126 54 157 96
81 158 226 345 290
14 233 42 347 160
117 124 139 178 284
263 10 250 183 331
188 34 282 144 38
10 199 114 229 194
232 84 42 29 292
301 75 133 153 304
118 142 318 328 138
162 206 73 277 160
182 264 259 26 190
198 170 15 323 184
189 310 44 40 86
269 333 12 193 303
310 127 297 333 322
195 94 250 114 216
125 335 86 311 210
201 33 83 152 305
134 302 40 93 245
75 293 220 226 320
114 69 140 263 60
11 347 79 257 325
346 62 217 301 113
39 269 244 135 17
281 22 229 323 250
79 124 298 160 165
49 80 165 40 102
184 238 272 307 85
7 202 157 197 94
344 91 262 116 186
63 75 202 204 149
66 65 322 110 147
320 186 114 27 287
76 244 345 145 15
14 157 74 264 294
177 96 247 246 252
85 274 317 160 342
145 27 23 182 189
344 100 331 171 171
129 322 168 328 123
108 115 162 225 294
11 93 75 157 220
342 179 229 100 170
190 26 278 199 102
55 61 224 283 228
268 171 277 154 334
97 321 64 215 185
94 244 229 26 96
89 221 297 286 285
166 145 88 345 102
214 153 20 117 301
90 296 298 9 224
284 162 232 303 238
157 337 28 97 182
29 264 248 50 244
151 187 169 81 8
320 114 303 120 345
6 182 275 299 70
123 336 268 260 197
158 191 44 26 121
10000000 10000000 10000000 10000000 10000000
315 47 297 285 274
250 324 238 95 297
301 315 15 338 182
297 312 74 165 71
186 77 117 317 250
175 225 160 124 118
93 205 332 199 325
111 261 287 106 254
162 327 92 263 316
65 32 27 90 321
332 336 289 310 344
65 36 333 94 156
335 261 148 313 82
74 311 250 287 79
124 35 193 229 168
91 22 165 315 32
272 261 23 123 180
144 111 271 12 8
49 304 22 297 162
203 104 45 154 286
49 287 19 31 286
279 89 167 218 256
147 178 267 184 329
52 131 56 8 121
322 306 65 269 97
328 169 31 226 291
170 209 46 222 195
127 339 80 14 287
83 57 50 227 173
234 185 60 272 276
19 191 226 220 75
92 156 146 292 87
70 333 321 168 251
254 203 221 314 224
47 17 280 274 319
230 157 153 266 64
333 207 272 347 62
33 273 40 118 167
71 290 141 319 230
110 62 306 14 291
124 302 62 273 133
170 26 182 344 201
128 329 234 29 84
128 154 106 340 181
317 46 285 15 243
202 54 83 64 278
322 256 194 46 72
158 170 34 181 159
76 129 99 23 93
133 280 237 42 73
284 100 341 257 284
146 153 210 234 92
157 64 180 52 173
303 219 281 23 167
73 91 64 325 194
34 296 60 203 222
61 30 12 63 275
87 166 320 101 204
158 182 46 25 191
312 101 222 231 139
50 76 211 79 276
252 46 287 74 239
317 311 40 188 135
271 339 186 23 343
343 120 325 138 247
132 130 251 245 261
247 231 326 126 208
49 62 92 127 226
319 280 309 180 237
93 145 82 89 129
10000000 10000000 10000000 10000000 10000000
85 216 338 280 92
305 79 176 267 271
55 235 347 303 30
35 38 298 211 311
177 221 311 44 120
153 95 261 189 310
306 72 316 326 347
103 239 101 91 243
158 293 74 115 249
218 275 309 180 109
298 335 290 273 259
49 148 35 132 347
123 241 277 131 119
30 256 281 126 218
213 328 317 19 66
338 283 275 219 126
96 232 330 256 274
256 250 151 216 130
56 5 15 153 185
186 110 11 177 73
222 128 9 57 193
247 71 180 295 146
232 179 116 279 86
127 207 142 283 214
119 190 89 19 221
34 260 221 308 52
245 330 89 125 251
342 51 186 241 132
337 51 16 289 104
108 62 21 6 174
324 124 45 240 113
120 112 231 168 307
236 188 39 253 177
7 327 22 210 234
84 241 185 327 289
164 325 178 137 75
211 69 42 121 320
273 194 52 203 250
142 141 178 74 71
184 34 108 19 157
77 180 283 72 186
60 176 65 39 171
206 123 194 125 309
264 345 313 123 164
24 272 262 343 124
173 192 118 192 283
319 48 19 95 13
23 279 166 144 26
284 11 305 289 308
37 67 301 275 278
193 65 324 33 100
240 133 34 101 127
334 94 322 33 320
166 83 207 56 117
116 107 26 102 301
275 122 162 281 190
225 308 45 212 159
85 39 122 19 277
279 112 315 236 268
182 161 260 177 310
149 305 150 200 182
6 71 16 83 332
279 255 236 95 282
261 323 317 135 42
343 10 270 26 37
107 50 254 335 36
85 122 111 179 265
164 304 188 50 242
124 117 200 301 109
332 150 324 174 280
10000000 10000000 10000000 10000000 10000000
142 182 188 341 297
89 237 182 127 227
172 159 109 13 53
175 71 160 235 270
86 139 15 164 190
91 219 179 306 194
306 26 265 232 36
37 13 168 110 30
178 101 346 330 287
80 148 210 36 56
103 306 113 285 152
129 9 165 219 42
310 124 89 19 155
144 345 93 240 115
310 139 335 316 78
104 83 343 44 281
341 92 101 340 287
323 278 268 127 233
109 347 118 136 87
268 77 261 88 310
83 125 105 239 95
104 24 338 161 58
156 69 167 294 138
273 324 103 266 272
243 307 56 165 158
269 270 346 11 135
23 159 257 315 165
229 51 335 75 255
72 39 19 299 309
221 275 203 344 286
168 155 331 97 46
225 208 269 190 322
23 117 80 176 97
83 164 192 314 339
188 180 266 143 285
233 199 204 105 111
131 290 226 342 275
319 299 240 109 286
168 145 193 175 240
193 276 154 329 252
241 63 45 157 335
66 83 337 200 74
179 325 267 37 27
101 290 166 19 124
145 72 160 224 91
13 283 170 67 323
55 252 262 224 70
298 36 276 96 76
187 167 267 138 187
183 200 346 333 136
62 109 330 224 203
58 77 25 67 347
18 213 275 106 204
228 51 289 138 115
66 210 177 307 116
43 160 96 257 216
124 291 20 133 144
57 230 148 7 320
305 71 90 146 145
25 175 47 131 5
147 31 24 216 179
108 269 90 36 128
255 138 84 280 312
248 257 32 298 158
272 43 221 206 307
73 73 252 141 64
67 192 293 54 297
258 331 121 245 162
203 272 314 269 319
218 40 68 173 326
10000000 10000000 10000000 10000000 10000000
333 256 88 331 102
219 185 102 252 26
86 5 191 138 344
329 181 91 52 246
333 30 97 164 309
220 342 130 145 324
93 18 181 244 302
296 330 23 291 285
24 56 248 59 180
327 212 323 275 262
208 68 252 158 244
304 270 118 139 222
299 185 205 207 222
90 309 69 72 25
34 153 174 26 207
39 162 81 51 82
77 345 318 123 324
134 11 59 117 108
172 239 264 89 105
222 168 51 102 311
319 167 115 160 266
104 314 217 282 149
318 262 346 332 176
291 93 272 140 21
122 9 19 112 82
328 338 216 39 10
15 145 345 321 295
81 43 131 160 16
74 101 21 36 346
310 264 240 317 110
120 66 302 259 173
215 197 83 127 227
93 23 139 262 340
236 130 338 265 197
271 329 112 230 164
271 266 114 45 116
176 209 120 299 100
293 295 288 285 291
276 74 207 276 6
20 328 282 184 45
305 285 215 328 292
24 300 29 5 93
36 141 171 15 183
204 227 318 188 197
79 139 245 180 223
346 225 121 340 340
203 138 160 203 85
192 31 180 203 122
55 24 140 287 153
123 165 302 38 175
319 283 117 332 158
207 269 242 135 241
196 276 168 191 100
211 301 220 218 64
177 197 321 343 210
336 112 257 96 337
193 58 176 219 62
302 343 33 185 102
310 25 293 279 286
106 309 201 38 263
102 102 248 63 257
347 297 335 7 179
179 132 112 341 115
233 294 221 216 255
263 145 21 75 145
146 309 163 342 191
49 148 100 43 30
110 111 228 129 138
295 302 107 6 80
324 282 117 334 13
10000000 10000000 10000000 10000000 10000000
309 186 199 216 201
169 43 197 178 235
69 61 299 146 112
80 37 67 204 199
157 342 219 227 303
232 347 299 49 310
276 261 101 146 125
261 41 156 213 254
266 58 19 105 56
14 337 148 52 277
71 267 239 213 279
27 76 132 288 77
191 315 166 211 249
43 140 231 102 238
63 273 57 266 80
37 167 80 123 47
265 323 232 31 204
340 69 264 286 188
316 302 307 314 320
128 209 45 187 110
273 329 134 20 160
44 186 182 72 39
247 15 186 60 316
277 212 296 130 267
123 214 183 256 269
91 125 16 133 222
247 199 326 238 182
275 34 34 206 316
141 6 80 220 10
330 43 140 32 203
281 106 168 214 305
219 59 85 202 74
194 123 131 80 312
82 154 171 166 233
296 207 87 276 244
343 118 219 276 19
166 247 174 272 127
88 71 13 114 125
198 17 58 229 138
146 216 33 83 139
118 65 45 240 129
189 259 18 162 235
27 237 126 103 340
251 289 234 135 133
58 99 212 16 313
206 159 178 44 126
312 129 12 296 195
238 339 136 325 202
191 108 21 311 174
171 323 217 267 168
344 41 154 197 104
262 211 52 93 345
120 171 306 250 123
329 138 17 8 151
138 103 267 66 106
116 83 228 12 342
183 29 79 317 86
68 340 287 244 134
36 102 230 197 266
164 93 26 123 201
151 280 171 141 197
50 210 32 67 79
119 160 310 29 258
160 152 176 127 94
32 84 340 335 203
86 261 233 190 123
271 235 70 204 326
240 298 270 276 194
54 115 51 233 255
259 247 45 37 215
10000000 10000000 10000000 10000000 10000000
272 234 192 54 335
100 266 135 255 203
197 58 281 281 15
317 285 41 197 28
308 229 41 142 58
14 114 207 296 125
120 35 52 267 105
42 340 11 229 293
289 258 233 43 43
40 216 22 304 305
8 276 231 111 121
291 116 250 234 298
323 89 61 192 166
86 230 273 176 79
300 101 40 160 306
191 160 83 164 194
96 252 329 280 336
136 259 250 83 20
347 125 41 202 188
106 336 71 123 24
102 209 338 258 128
218 269 206 134 124
173 28 50 146 92
273 62 218 201 123
169 315 269 45 311
320 341 160 65 99
329 277 223 86 141
200 282 195 105 66
161 337 114 186 36
8 29 81 257 249
112 303 226 173 303
168 189 21 41 260
258 136 324 261 305
66 207 77 296 58
282 278 24 9 254
254 94 166 107 234
70 330 268 312 156
340 292 109 238 98
162 69 49 332 12
222 25 81 177 239
122 61 285 105 283
327 263 318 257 247
39 344 130 299 297
19 178 281 153 83
136 257 78 15 240
72 10 288 114 112
311 144 107 130 336
121 67 168 247 193
147 258 206 86 233
292 297 119 26 175
280 314 283 202 347
156 220 67 94 10
213 287 188 49 137
279 186 132 300 323
68 152 307 339 75
53 211 74 195 281
160 115 136 337 168
247 202 199 298 108
252 330 234 236 101
67 347 30 143 230
164 185 171 78 177
29 233 347 141 302
325 133 36 276 33
340 95 170 265 312
271 135 188 328 248
12 296 104 28 28
276 81 318 229 194
346 14 90 109 17
140 131 40 313 283
140 221 283 267 110
10000000 10000000 10000000 10000000 10000000
14 10 179 123 147
273 148 215 15 238
213 288 136 123 144
48 61 262 181 44
116 57 14 26 301
99 290 273 180 170
309 151 205 230 224
115 244 120 195 158
38 101 35 214 133
203 281 90 66 154
78 112 272 45 331
240 39 280 338 269
79 228 148 206 71
203 278 317 338 284
77 343 290 79 268
285 24 275 216 242
216 337 296 322 168
173 213 114 263 36
87 197 188 118 300
159 16 13 237 317
130 108 214 87 53
249 208 103 75 173
12 36 225 148 83
134 157 138 106 305
72 94 131 73 204
61 67 166 173 75
229 65 221 110 99
171 163 197 281 17
106 18 228 329 121
29 26 263 250 256
85 221 332 40 289
158 104 55 296 322
79 292 50 124 140
66 319 177 115 268
29 158 314 153 91
46 273 105 192 214
82 131 338 164 167
213 43 157 48 56
153 161 205 91 115
112 214 228 142 60
125 155 64 107 284
259 78 189 143 147
138 75 183 72 81
20 79 167 153 28
19 220 195 23 76
143 117 189 297 212
246 56 277 291 332
70 306 222 241 11
14 215 312 215 310
106 89 35 274 121
238 13 36 91 271
146 312 263 170 131
97 262 60 292 81
283 73 209 319 240
283 129 277 166 275
250 162 281 273 252
266 164 63 131 71
233 225 98 72 205
79 79 301 27 71
79 264 299 269 54
310 117 332 289 282
159 205 75 319 115
67 81 329 338 142
30 224 243 121 155
37 86 16 71 156
81 283 209 21 280
67 305 268 140 319
316 223 314 116 224
106 143 224 175 296
13 228 29 327 115
10000000 10000000 10000000 10000000 10000000
302 49 307 106 128
329 78 262 320 219
165 127 187 346 64
140 247 89 214 91
52 145 267 235 323
239 89 224 233 135
21 131 284 11 45
76 220 208 225 295
169 48 202 116 212
148 11 75 213 253
39 76 251 320 245
50 264 345 63 282
176 17 302 344 189
108 113 98 257 284
334 169 75 297 319
236 203 206 6 244
227 152 200 13 280
124 333 168 53 228
338 211 176 334 93
255 64 81 336 319
137 322 247 231 66
260 110 149 13 242
220 191 48 124 310
88 111 41 226 286
188 75 183 166 280
56 336 48 30 234
176 96 169 343 143
214 36 310 88 209
162 77 19 135 283
67 223 245 83 301
208 171 315 262 333
178 240 266 218 99
146 129 32 50 335
21 211 92 260 112
52 347 256 132 215
221 154 207 306 248
198 329 259 33 216
230 246 117 33 38
156 56 23 210 68
192 240 137 200 27
64 283 267 86 263
113 121 239 155 65
153 74 114 246 13
28 149 145 155 30
165 151 326 342 247
45 235 106 102 247
234 305 253 314 279
48 180 46 13 211
250 282 93 332 102
199 314 70 139 210
234 191 72 246 324
160 206 210 124 26
160 124 303 232 286
133 250 110 142 211
30 298 131 87 333
236 256 117 280 16
128 123 283 288 342
36 163 274 308 86
135 19 338 142 254
150 326 222 185 18
92 148 150 337 346
113 304 25 39 296
11 339 252 297 111
173 333 174 325 141
254 49 192 69 230
160 29 257 5 272
234 281 347 305 241
266 38 136 109 187
63 219 247 237 338
46 344 56 318 231
