10000000 10000000 10000000 10000000 10000000 10000000 10000000 10000000 10000000 10000000 10000000 10000000 10000000 10000000 10000000
114 320 19 13 322 239 30 164 57 255 94 10 147 218 150
262 110 273 320 23 208 16 13 230 298 213 248 271 307 308
279 48 162 197 264 249 154 64 160 68 169 10 148 151 16
70 296 122 79 321 245 288 210 77 77 30 327 101 220 187
261 70 317 121 149 106 41 33 167 134 48 231 274 99 321
67 31 55 127 174 102 149 100 75 17 282 204 186 311 96
232 95 68 197 274 130 81 104 218 171 299 199 257 179 144
83 150 318 297 67 267 211 77 201 301 177 74 254 248 324
121 223 103 221 19 314 104 232 96 46 108 249 23 242 219
322 237 86 19 265 309 311 100 309 150 310 138 90 98 226
74 120 62 266 220 31 256 128 114 119 267 187 202 53 150
206 92 127 130 330 72 8 290 225 310 58 306 188 136 39
95 88 41 321 86 236 79 266 330 259 306 327 264 121 200
135 247 41 232 196 164 217 285 81 139 201 190 7 315 80
331 104 325 182 106 303 287 178 53 235 183 305 218 39 268
116 49 286 209 37 294 64 229 49 189 55 160 309 96 324
170 184 283 50 214 229 288 256 53 283 30 322 236 43 278
94 46 251 128 137 226 106 326 155 80 221 60 238 20 110
23 297 152 310 331 306 12 281 84 304 14 131 198 252 116
321 32 52 238 249 283 29 152 236 80 189 105 249 131 191
41 132 196 182 307 312 191 217 229 286 329 184 93 123 310
264 83 127 15 157 149 37 160 9 10 258 137 59 104 112
326 151 18 191 140 275 21 98 196 83 329 276 157 216 216
141 53 26 59 106 86 35 281 227 20 14 141 267 194 24
74 252 324 249 127 227 234 67 266 221 209 240 214 150 109
54 195 50 135 234 15 231 287 277 272 121 77 110 159 92
210 144 283 191 281 16 251 247 198 277 241 252 270 112 235
9 116 154 229 81 82 147 14 176 245 299 177 23 189 149
21 263 261 85 93 255 169 256 63 61 62 193 185 295 84
295 195 64 231 175 173 191 155 98 323 271 138 14 210 257
318 169 236 287 122 109 327 120 32 223 199 331 330 272 147
325 148 20 229 226 301 278 137 105 154 265 283 195 141 139
196 50 269 274 46 181 194 13 41 123 92 54 218 273 315
166 14 149 161 226 326 284 32 7 289 80 7 87 226 222
187 73 260 291 70 326 244 207 89 262 238 220 99 77 252
10000000 10000000 10000000 10000000 10000000 10000000 10000000 10000000 10000000 10000000 10000000 10000000 10000000 10000000 10000000
59 70 108 87 47 239 215 59 145 85 272 228 78 22 210
306 257 308 157 61 23 300 276 184 151 159 298 182 245 156
261 113 100 324 154 135 149 56 99 193 121 24 328 21 259
245 144 167 28 292 106 133 129 45 321 60 126 215 42 116
46 87 119 171 68 88 261 125 35 319 142 290 205 161 140
315 308 15 107 155 108 9 241 140 312 271 292 153 289 212
183 308 309 226 126 301 134 281 121 154 241 328 175 199 262
182 213 53 77 286 252 277 149 59 69 58 131 135 276 287
133 256 61 158 232 23 116 93 114 290 182 155 228 136 8
149 32 146 149 76 171 189 200 268 293 201 34 254 133 186
181 98 221 125 193 164 257 36 235 188 87 221 50 327 279
105 126 154 315 195 14 127 210 226 204 128 137 260 188 241
103 36 273 24 253 173 214 314 178 125 240 142 309 238 140
97 145 79 160 131 33 212 214 16 284 44 95 78 313 207
8 92 113 111 169 187 131 175 78 65 227 179 59 272 238
261 160 107 272 56 74 120 213 126 282 290 137 288 227 296
74 35 151 183 130 263 83 50 87 127 259 321 135 172 171
105 103 226 132 240 296 174 58 30 268 278 209 224 262 18
131 202 61 163 112 185 229 224 13 173 189 225 35 204 72
94 164 181 158 132 136 141 277 118 174 47 112 266 196 303
301 290 98 85 10 22 102 24 289 20 189 68 97 108 149
260 211 317 122 227 28 55 269 14 39 112 268 65 55 215
260 44 234 18 154 191 217 114 304 132 306 113 131 49 84
36 220 215 82 91 301 214 188 217 86 134 180 83 244 93
219 296 247 153 34 120 276 20 257 143 109 188 227 74 43
152 85 91 57 289 164 288 256 46 33 121 166 12 8 46
12 212 258 119 274 243 144 136 245 240 188 301 228 11 291
252 50 36 167 258 119 110 166 112 287 125 278 78 200 14
151 307 211 41 30 87 159 228 40 101 32 144 160 7 243
142 265 39 185 105 63 202 67 78 257 280 331 247 318 292
315 30 34 273 162 290 44 123 226 256 143 37 59 274 159
295 59 119 26 276 65 116 190 36 51 257 101 232 17 293
44 307 93 154 178 169 158 200 309 108 320 211 224 94 155
22 267 77 201 69 123 318 11 61 172 303 71 232 218 314
34 86 107 116 158 97 15 47 246 97 116 82 258 43 87
10000000 10000000 10000000 10000000 10000000 10000000 10000000 10000000 10000000 10000000 10000000 10000000 10000000 10000000 10000000
165 54 81 324 139 9 314 223 294 92 237 147 13 41 107
169 30 25 275 169 25 308 173 35 49 272 44 36 261 46
149 215 42 64 142 117 216 49 84 309 179 327 233 7 228
108 279 204 145 185 173 285 85 143 189 206 92 57 81 8
190 46 228 305 197 281 8 222 159 236 111 139 130 19 275
281 98 217 288 193 64 43 324 320 206 160 82 64 195 303
66 134 110 55 50 102 161 96 103 190 203 213 159 314 90
46 278 235 29 32 39 112 314 208 263 197 123 205 42 130
231 258 113 141 99 313 11 245 168 123 87 119 300 327 181
238 67 261 82 163 39 277 52 268 300 187 324 33 38 270
163 166 145 245 193 170 156 174 219 45 188 157 223 205 104
282 91 78 186 234 320 302 162 125 79 120 239 35 161 256
283 212 95 180 130 37 66 139 224 281 21 253 204 91 125
94 185 61 79 304 150 287 175 127 271 95 115 147 93 287
240 112 40 159 290 40 158 48 326 167 215 237 44 79 220
210 113 311 212 131 275 323 144 317 246 148 130 30 110 30
76 252 62 189 240 100 132 268 107 17 111 92 157 88 202
308 28 173 88 255 102 161 167 164 56 220 200 279 29 200
61 25 38 39 267 242 165 199 274 14 30 220 194 161 193
11 41 41 111 21 135 50 25 293 55 142 321 79 329 324
111 51 211 9 10 200 261 303 222 147 76 227 112 82 179
247 86 53 322 161 228 259 92 267 114 18 76 280 326 289
50 263 142 194 274 184 144 270 267 126 113 241 271 58 317
86 221 7 157 275 91 165 19 178 260 117 153 159 300 269
50 218 171 194 205 220 230 320 32 309 208 289 211 61 49
275 224 267 182 187 25 252 38 160 231 44 79 183 173 68
287 164 274 54 208 242 303 316 304 40 228 234 164 240 110
263 213 189 212 187 289 234 49 318 142 139 114 316 235 277
303 135 75 214 95 330 204 83 330 69 180 270 192 166 42
264 222 260 328 226 178 127 173 206 185 143 277 205 62 310
286 132 42 171 290 86 103 7 200 325 250 33 66 230 39
21 161 55 49 28 233 174 158 321 146 276 296 132 229 291
150 119 29 256 230 302 212 20 159 326 252 143 112 140 81
286 125 20 128 288 49 16 214 245 16 21 46 97 210 231
57 69 86 300 233 171 201 214 326 218 204 70 66 297 217
10000000 10000000 10000000 10000000 10000000 10000000 10000000 10000000 10000000 10000000 10000000 10000000 10000000 10000000 10000000
133 34 22 304 292 331 220 181 8 18 110 259 75 88 102
226 294 112 116 198 234 145 235 307 185 81 307 260 60 162
106 56 179 73 161 153 176 237 132 9 13 313 209 195 154
189 322 266 216 192 245 141 80 133 221 227 164 249 310 327
46 237 260 128 308 22 164 88 188 303 234 137 168 315 64
122 163 10 43 42 11 56 119 161 115 141 276 111 84 188
59 16 225 71 105 233 271 134 128 184 61 128 43 283 218
228 251 10 182 119 244 97 215 59 12 278 285 120 17 87
187 213 139 63 224 225 291 109 294 273 302 133 304 58 278
237 169 86 233 320 90 317 162 81 204 51 34 18 293 176
104 119 68 249 65 148 174 148 270 29 119 210 242 298 294
307 288 237 260 193 217 134 180 31 150 180 264 288 161 8
281 314 152 261 244 49 84 184 163 162 62 52 21 190 323
47 76 256 149 257 119 289 160 145 16 192 116 229 28 55
93 79 61 150 292 39 197 91 282 210 85 44 162 59 50
157 145 35 202 145 48 59 250 92 51 330 272 154 142 262
80 88 267 198 122 142 116 205 301 77 45 158 129 258 197
49 319 263 192 30 209 270 40 198 285 54 204 102 34 234
198 253 126 44 167 106 24 185 72 330 124 329 51 93 280
70 320 7 202 31 15 68 242 49 156 223 254 20 258 125
25 324 26 132 48 241 214 98 309 77 105 270 215 49 329
22 200 231 108 278 304 248 128 257 59 24 28 315 277 250
20 14 285 274 296 289 161 134 218 69 151 21 207 146 161
36 211 100 233 36 108 47 110 7 176 189 25 204 46 128
258 217 198 288 235 314 175 153 111 38 227 35 215 117 92
10 269 247 143 60 67 324 148 91 290 302 322 220 193 161
130 153 235 282 99 119 32 126 78 192 172 279 248 123 62
300 109 169 86 139 110 129 133 305 264 56 312 172 263 238
285 74 225 15 84 312 103 170 216 149 76 64 228 60 299
112 119 43 159 54 170 195 215 41 282 211 108 192 76 241
81 127 64 179 310 188 199 245 287 270 171 90 303 328 16
151 313 203 132 279 307 304 313 93 61 68 41 193 221 120
134 7 294 151 254 320 132 41 304 95 122 191 188 90 238
311 141 233 203 121 282 188 276 160 233 256 72 31 273 58
61 249 259 175 262 69 164 252 135 42 256 50 270 29 154
10000000 10000000 10000000 10000000 10000000 10000000 10000000 10000000 10000000 10000000 10000000 10000000 10000000 10000000 10000000
217 217 61 141 31 164 69 211 147 137 103 12 152 129 189
290 298 253 131 161 319 327 141 156 140 140 64 170 214 189
116 196 265 122 255 287 120 122 62 271 167 54 207 127 276
71 32 189 154 247 248 195 58 10 113 269 149 102 11 307
113 125 165 281 138 21 132 262 265 241 185 128 48 39 192
258 224 64 287 238 218 322 299 259 139 55 222 149 237 237
21 77 32 116 226 276 247 212 121 306 119 322 144 163 218
204 174 164 277 243 261 70 81 29 205 263 267 207 87 198
304 16 52 170 141 251 130 229 62 266 173 22 70 189 52
141 287 328 78 175 238 84 154 326 173 271 203 273 108 288
176 37 277 321 270 36 303 300 216 53 186 249 84 121 118
242 306 38 294 51 161 240 155 330 313 328 30 242 272 108
150 86 307 109 125 224 13 130 219 151 58 293 25 259 17
28 279 40 163 195 236 117 212 214 229 107 83 130 206 23
294 258 61 19 7 104 44 119 294 51 120 145 194 131 218
222 185 153 153 100 166 174 201 236 116 127 286 130 195 63
55 223 68 302 207 107 174 42 31 310 149 241 22 178 44
237 285 285 105 278 98 251 270 214 12 274 292 261 324 159
204 261 60 117 234 218 234 313 224 251 22 190 262 91 41
62 8 217 47 318 88 92 288 255 20 58 318 67 109 97
231 253 139 57 285 320 244 276 322 224 241 316 39 122 331
146 208 135 41 309 324 27 312 34 33 283 193 127 65 262
103 37 26 102 262 63 316 214 276 251 314 23 114 288 33
63 252 320 84 100 155 12 203 235 91 181 162 156 16 45
173 247 152 329 246 216 319 322 106 195 252 90 223 322 225
7 150 315 310 116 87 208 173 78 159 211 243 167 189 49
182 131 124 150 110 134 132 30 191 152 290 89 234 85 330
144 181 145 190 83 184 273 271 184 311 32 168 259 222 314
304 162 243 93 207 172 218 270 73 318 108 320 235 150 131
217 117 170 91 84 304 44 80 128 248 158 116 151 98 208
45 213 119 175 321 310 274 104 176 111 122 203 101 295 105
258 98 148 35 103 191 111 211 313 43 7 173 123 202 188
216 197 180 249 142 206 92 57 90 199 10 186 297 87 113
77 51 83 175 225 244 20 252 164 314 124 24 257 256 27
260 58 256 261 102 23 109 242 303 169 121 232 119 101 99
10000000 10000000 10000000 10000000 10000000 10000000 10000000 10000000 10000000 10000000 10000000 10000000 10000000 10000000 10000000
175 160 39 243 329 29 104 71 257 316 148 205 222 212 281
215 180 62 169 256 43 48 18 158 64 81 178 228 118 299
278 297 36 197 38 309 128 289 114 247 139 242 187 296 141
68 59 313 281 17 287 323 302 82 128 265 85 145 159 317
48 70 65 271 245 193 233 285 28 258 180 111 311 275 328
165 290 176 225 217 308 323 162 229 327 135 246 311 76 298
75 254 284 288 273 127 95 325 105 56 126 327 151 252 312
76 259 12 155 15 283 290 260 260 123 262 208 136 185 202
54 47 92 276 28 321 258 240 140 238 201 312 330 86 83
79 144 71 248 99 327 298 56 238 214 101 195 249 177 127
326 154 261 327 130 268 142 122 107 41 310 255 324 109 315
164 241 260 147 307 10 51 223 260 212 205 151 306 162 15
60 95 204 205 77 55 241 233 233 22 62 196 132 23 14
129 42 300 245 220 101 276 93 241 129 142 244 279 49 74
196 330 130 275 242 128 137 8 83 223 143 95 97 297 202
180 210 291 302 271 270 101 93 111 24 162 101 224 144 12
312 219 202 319 318 118 310 67 75 130 229 210 131 156 81
68 183 268 45 148 183 65 298 152 17 253 8 328 269 281
154 300 123 247 309 219 310 15 326 189 109 120 283 47 110
255 88 162 294 186 201 312 180 40 12 108 101 322 60 24
137 88 68 88 203 177 79 225 141 39 283 315 223 193 246
152 235 304 82 102 102 217 17 82 82 164 258 36 16 245
24 9 32 129 44 305 62 319 123 94 183 198 252 31 231
124 184 274 278 33 308 266 289 247 137 131 14 11 119 125
327 237 44 140 329 266 213 253 124 319 139 79 152 33 180
227 172 122 67 48 213 117 70 173 302 118 47 178 207 260
38 47 112 18 198 40 156 256 230 122 331 283 190 293 231
77 191 18 45 43 250 300 185 159 198 17 184 88 230 28
90 43 257 45 242 137 31 77 164 268 163 13 313 74 245
181 16 227 104 7 31 316 183 28 114 14 145 205 256 86
104 267 223 80 224 330 277 172 141 145 232 80 32 245 48
331 159 241 230 232 121 276 134 113 127 84 81 239 330 107
70 71 66 35 238 14 23 163 88 325 40 242 83 176 244
94 11 216 297 86 20 278 154 315 115 306 319 120 189 216
118 298 144 291 275 206 278 237 177 243 155 40 61 125 64
10000000 10000000 10000000 10000000 10000000 10000000 10000000 10000000 10000000 10000000 10000000 10000000 10000000 10000000 10000000
37 323 299 156 325 259 298 95 211 106 51 97 325 193 154
203 276 159 127 194 146 247 95 317 147 220 274 77 48 228
127 57 124 132 146 173 34 9 322 312 168 58 221 253 156
106 251 297 267 114 69 234 78 52 291 7 247 9 35 208
188 318 9 246 32 248 80 298 79 132 162 317 72 309 108
47 43 73 289 99 131 121 14 48 299 39 166 306 239 121
102 27 270 296 33 64 168 133 132 42 236 131 311 159 222
323 99 201 151 65 26 268 316 109 105 193 250 137 26 229
36 24 158 103 86 194 93 264 241 133 188 161 79 119 78
160 127 214 285 64 135 37 186 27 140 258 107 306 209 174
113 45 80 155 269 265 26 133 15 100 163 69 146 103 147
326 145 41 7 192 258 50 84 103 322 22 134 79 105 7
236 264 45 211 104 15 233 286 12 299 35 22 207 276 114
152 311 211 302 46 66 145 151 96 32 161 89 143 244 284
70 76 29 197 256 254 101 258 20 286 49 269 234 260 211
58 23 34 169 156 89 316 186 149 42 254 288 40 208 21
147 210 95 142 149 90 168 133 294 58 92 109 220 288 27
72 89 259 268 245 308 302 70 140 246 74 126 72 10 190
107 110 236 157 285 232 172 220 268 186 214 201 312 305 209
137 7 17 35 158 17 10 20 50 57 40 285 331 309 145
101 136 235 49 59 43 261 78 254 282 170 21 187 246 241
90 313 194 326 58 75 329 65 90 239 103 199 291 290 320
204 271 21 80 273 277 229 142 202 98 35 160 314 191 269
257 131 281 37 144 17 201 192 15 126 145 52 185 121 231
183 101 176 215 234 288 328 330 23 104 137 311 222 111 93
323 86 163 83 192 312 128 123 284 53 52 145 264 311 105
27 62 44 155 285 181 322 309 307 304 19 314 176 298 62
47 186 125 178 269 283 87 170 201 185 232 281 119 24 276
122 200 198 82 172 277 39 288 203 214 255 107 98 261 232
105 176 227 254 204 154 57 27 220 12 123 135 306 183 255
153 239 270 262 282 112 71 250 198 212 129 26 92 266 207
239 141 134 28 93 38 278 89 295 164 156 67 36 218 246
242 78 305 277 270 122 228 149 98 52 285 322 223 228 126
252 254 237 267 59 152 126 281 103 90 260 330 310 107 306
191 73 24 44 287 157 199 261 121 88 325 48 81 266 282
10000000 10000000 10000000 10000000 10000000 10000000 10000000 10000000 10000000 10000000 10000000 10000000 10000000 10000000 10000000
292 179 314 155 110 248 100 28 202 146 100 312 69 199 190
40 289 290 106 176 138 317 127 56 93 148 217 30 170 196
152 299 304 100 331 284 275 104 262 78 283 120 104 301 331
318 206 217 35 96 82 297 226 25 56 169 182 44 55 101
123 93 316 318 137 159 291 267 210 70 287 150 307 182 148
49 162 44 49 70 23 257 285 133 8 35 260 279 210 264
247 148 117 269 78 325 73 27 54 291 126 108 277 154 278
238 276 253 305 116 99 52 90 227 72 190 147 250 153 179
118 89 204 311 130 138 292 34 43 178 248 81 72 35 262
207 129 227 187 47 244 139 91 224 205 303 132 19 314 102
288 249 94 284 65 71 174 86 42 40 255 47 55 251 56
249 118 39 28 284 198 67 255 79 151 212 125 215 278 40
46 276 132 320 94 326 290 296 34 254 298 19 47 257 245
267 269 260 184 84 139 210 24 158 278 26 121 177 143 205
137 107 251 177 46 15 122 72 80 269 275 254 34 194 224
129 179 78 19 238 110 151 36 162 218 161 113 175 297 271
175 145 20 72 286 140 242 22 142 116 113 30 256 140 113
104 246 136 323 266 302 258 296 167 259 127 106 9 52 44
83 201 48 159 45 80 228 260 173 258 229 221 215 79 9
134 187 224 106 118 324 13 35 302 68 194 282 77 157 222
157 93 156 111 291 177 266 300 51 317 90 17 239 57 19
260 116 141 241 150 173 133 29 102 13 255 123 174 147 68
20 300 131 301 281 236 84 230 118 197 260 98 72 260 290
166 202 132 80 26 307 217 89 241 112 309 45 137 148 288
205 73 69 98 290 100 174 286 323 309 90 298 141 204 213
11 55 167 328 24 135 118 286 308 188 249 213 194 67 144
131 58 14 7 274 101 290 199 38 309 173 104 250 44 160
279 172 272 94 197 232 159 12 86 217 130 274 129 129 170
196 305 262 175 310 89 175 104 29 297 242 50 203 309 46
56 41 53 132 193 69 317 99 170 46 326 118 8 300 134
233 123 116 269 230 240 211 72 312 119 203 57 31 285 303
10 265 52 29 232 54 277 61 189 277 17 148 233 128 113
56 275 263 170 44 87 66 234 269 44 131 117 51 262 160
131 168 322 331 282 329 184 260 183 174 249 203 172 220 164
114 69 145 53 167 259 69 53 310 289 103 192 157 216 162
10000000 10000000 10000000 10000000 10000000 10000000 10000000 10000000 10000000 10000000 10000000 10000000 10000000 10000000 10000000
217 115 71 320 79 156 301 80 44 170 156 276 96 16 163
326 197 194 149 199 309 127 76 144 64 163 305 301 95 14
254 78 19 139 116 217 219 264 197 138 76 64 217 164 197
74 30 216 62 261 37 35 325 251 284 326 101 236 44 100
288 181 111 243 282 135 159 126 243 219 280 167 11 111 47
133 29 27 264 290 212 320 44 72 88 176 22 301 56 77
310 135 233 193 53 185 279 28 77 31 119 299 144 293 108
130 258 144 247 326 32 320 108 98 22 152 112 12 55 196
185 57 201 243 185 145 63 137 70 325 200 137 56 119 113
251 98 16 188 304 40 155 55 205 42 272 204 243 62 41
93 98 10 171 227 172 22 76 67 314 208 153 49 203 272
72 33 292 321 54 265 55 74 37 52 185 38 250 23 220
114 328 150 309 282 158 205 284 7 209 172 64 267 79 293
124 18 330 224 97 133 152 21 61 209 32 326 271 108 312
122 14 200 122 283 241 153 56 38 142 289 329 113 86 148
288 56 162 234 274 154 124 290 57 180 270 34 331 179 117
322 150 45 245 314 180 219 118 229 181 210 9 182 205 178
121 43 94 299 221 303 200 235 152 258 204 219 235 68 9
210 234 26 120 271 159 140 263 174 208 41 151 117 285 298
30 177 150 184 188 288 24 17 19 63 301 176 205 106 270
296 201 22 199 284 172 35 72 176 248 102 145 18 281 88
142 255 199 224 111 256 277 201 129 295 195 219 278 306 172
323 161 92 229 149 86 78 61 240 155 25 107 195 192 81
240 322 320 189 48 78 40 318 23 88 58 203 28 97 258
14 208 215 320 247 11 138 30 255 275 325 261 61 283 74
161 203 49 95 271 77 168 230 179 119 92 39 319 100 106
137 121 149 209 86 281 48 122 326 286 261 318 71 27 280
211 116 311 47 185 8 149 243 247 149 152 124 40 154 156
87 265 325 160 132 200 186 169 189 309 196 283 63 143 240
167 67 218 21 216 194 122 88 165 46 329 111 102 211 110
66 61 259 271 20 259 290 207 68 257 47 321 206 165 268
200 50 102 42 72 90 243 142 19 22 17 60 85 242 200
154 138 277 280 330 279 317 244 166 288 224 89 134 134 49
269 224 319 281 281 292 238 257 85 85 123 84 322 107 74
13 13 81 123 256 77 128 162 104 254 110 230 275 211 308
10000000 10000000 10000000 10000000 10000000 10000000 10000000 10000000 10000000 10000000 10000000 10000000 10000000 10000000 10000000
190 113 305 190 208 272 95 218 67 137 223 28 33 72 287
50 114 217 241 238 112 173 196 173 204 55 253 11 308 122
141 77 80 154 240 175 300 296 319 243 10 277 47 272 293
197 82 22 90 106 302 58 282 87 204 67 171 164 189 96
264 170 85 88 292 210 298 285 147 120 293 305 52 76 253
120 71 322 331 307 14 285 131 88 94 16 298 276 179 43
69 80 49 307 306 86 89 173 209 122 200 276 166 241 110
22 277 35 305 28 38 252 211 123 225 56 285 10 138 20
136 121 137 113 217 100 282 283 54 33 152 294 225 314 206
126 28 106 157 280 316 7 318 98 252 240 298 272 263 142
87 115 290 176 177 111 257 132 91 213 195 10 199 311 161
316 212 24 227 312 22 8 236 298 40 95 115 35 85 186
242 209 324 157 286 82 137 117 209 228 296 162 250 293 221
286 218 281 54 199 316 257 110 101 196 14 169 83 304 288
45 266 103 101 252 157 147 187 129 331 61 84 310 221 106
220 158 162 216 196 303 123 127 308 234 115 227 86 235 92
135 278 91 12 313 251 174 131 139 61 27 180 302 301 189
34 144 167 40 320 41 246 127 305 15 267 293 278 199 331
300 213 81 84 295 88 11 315 172 131 159 226 129 101 64
223 168 319 191 174 15 124 18 89 331 26 107 77 162 177
35 189 163 289 79 252 228 138 328 48 92 139 213 226 238
263 88 57 115 144 46 129 251 152 223 261 249 217 100 82
181 149 62 236 60 306 160 202 173 275 87 46 192 180 83
166 19 239 314 227 20 112 134 83 230 206 124 169 157 244
136 169 205 178 51 328 34 209 19 273 177 128 160 133 98
135 76 246 57 87 186 322 118 329 289 24 114 244 243 247
295 37 205 97 176 304 158 251 127 159 228 82 275 167 271
94 115 316 24 41 156 44 79 317 188 65 83 306 41 311
331 43 89 205 162 90 284 286 73 29 119 285 32 310 272
145 240 165 197 330 11 179 188 39 307 143 279 302 216 42
152 18 223 181 272 39 229 186 120 18 55 231 312 304 75
95 283 57 41 322 138 28 264 240 186 103 139 162 297 234
227 300 90 237 212 146 36 286 124 291 265 149 94 167 138
302 200 46 327 69 205 223 326 237 313 92 56 35 245 253
225 77 58 187 312 30 190 203 232 47 167 215 235 252 211
