10000000 10000000 10000000 10000000 10000000 10000000 10000000 10000000 10000000 10000000 10000000 10000000 10000000 10000000 10000000 10000000 10000000 10000000 10000000 10000000
589 194 174 1104 941 477 1346 545 768 1497 283 1062 1348 1299 1504 1111 925 1155 31 1224
45 1144 1735 1443 1643 249 1478 777 913 1301 562 89 1357 1626 33 1593 1177 1703 145 1383
88 392 446 1462 1014 1548 1415 1379 602 718 881 1752 106 1060 1325 956 1115 922 112 961
91 473 452 1567 275 703 656 972 1277 1054 1798 1711 158 772 352 77 374 282 131 1514
1032 1624 1594 1320 731 798 1020 1218 905 571 1495 1634 277 1393 471 1395 1549 808 1279 614
463 1784 133 453 432 853 1631 443 144 672 1739 1131 1782 1004 1700 425 1583 978 1086 858
569 433 1805 730 313 915 1258 608 1699 452 1064 1135 1111 1680 1231 340 1457 1829 65 982
1010 1689 1584 628 1220 1347 400 969 1080 884 1647 1400 571 351 1822 1175 510 255 76 411
82 1436 1668 1503 1667 818 1540 1759 405 98 141 1761 314 1590 1291 293 999 1272 37 534
182 1759 1766 1217 1577 1180 621 483 347 580 392 1582 392 309 239 1505 1469 815 761 146
1315 1792 610 573 1042 1481 1041 528 1326 377 1801 517 1823 559 1391 55 884 1695 1271 82
1044 811 1086 621 536 1393 1774 1583 655 593 139 568 36 1791 993 1498 1195 422 1443 1341
1266 1790 1829 197 31 902 1141 305 1649 100 1208 398 1637 723 381 212 350 1024 1701 454
1077 379 1091 1336 1575 457 953 684 620 68 319 1805 1064 140 597 684 924 189 139 1643
490 690 1517 1001 976 677 1665 1714 23 1069 387 1697 1663 1801 1634 780 878 1207 1724 1662
1337 1098 1135 1009 291 1605 347 1242 714 958 832 1309 1237 1677 1329 476 1550 873 1357 655
1206 177 1179 721 1076 345 1323 166 1531 148 238 121 973 1042 362 275 1532 778 160 1655
1074 1541 905 1474 1570 921 701 164 1123 118 891 1568 1571 797 71 783 828 1358 123 284
1337 1149 137 779 1805 326 81 1447 1010 218 1752 49 1518 349 1172 783 1320 1786 1709 312
1767 527 262 674 1621 1669 208 1355 1277 89 1802 732 694 903 1494 959 675 829 404 540
461 698 1239 1163 314 736 578 1718 1826 171 771 695 1631 1729 274 44 728 1321 675 1545
250 1783 1451 430 1776 503 1144 656 902 505 492 960 683 1453 1583 1161 1156 1059 1680 109
428 1257 109 1663 1528 1266 289 1125 1624 1025 269 1108 1477 1339 488 873 1300 206 1667 790
135 211 1650 612 123 575 1220 938 406 237 800 1655 761 237 1015 24 1632 341 1143 948
295 188 1172 185 1755 1015 958 1488 540 1777 1415 1231 1125 877 230 1745 326 1691 570 637
1745 1564 612 667 599 429 1562 863 881 588 870 727 106 753 1074 822 1057 1074 1780 1469
1684 1209 1588 1367 1420 1003 496 888 1697 376 188 1490 1250 1408 1624 1432 204 1652 1217 1040
215 768 904 1331 1690 141 517 1029 705 601 1392 1581 1271 736 104 268 1452 1340 298 832
942 1426 1177 1446 372 1728 967 577 553 492 1268 1353 1521 1311 1703 41 1001 1229 825 1273
1176 1247 430 1026 1050 588 1767 946 1400 1593 1763 684 1058 138 1236 1200 716 1721 1570 1344
444 1670 1489 1399 480 1362 322 281 1296 309 492 1525 1006 637 937 675 173 1654 180 1575
667 871 1702 647 1793 297 853 1103 1199 1243 78 1424 614 1510 25 647 457 1500 1614 451
880 1633 315 1157 443 939 967 573 1282 737 539 36 947 168 1801 991 642 1518 932 247
227 937 647 39 382 585 103 193 590 1620 1710 1260 1283 412 1409 829 69 1660 340 346
1585 1507 1586 227 312 969 324 176 1139 26 32 1589 1761 793 1126 1497 351 302 1010 495
484 1149 1028 316 1330 959 1343 1761 1628 222 658 199 182 950 598 1373 474 693 661 1400
1628 92 1588 1710 402 203 1314 99 804 41 1037 979 569 1634 687 1771 1655 358 595 495
1751 885 435 1220 493 389 145 1286 1252 887 1106 1477 1779 1764 574 701 1270 1215 644 1128
1440 589 822 525 1329 1438 832 1330 794 733 1111 1432 1252 307 1580 206 1332 1367 1186 665
1056 1097 1521 1295 122 89 1670 225 1273 90 1032 114 756 921 1028 150 1216 1406 365 424
390 298 1012 386 1151 926 1535 735 1390 1168 1422 1654 1227 158 1785 791 1234 1536 1646 1756
1685 414 685 1014 1675 548 1155 973 1710 1520 574 1443 1018 139 898 289 924 342 987 783
421 229 543 851 1139 208 1121 1342 1704 293 1356 1142 1662 733 1785 522 1775 1650 1065 1155
998 109 1279 1818 38 1805 574 763 1411 1590 51 1769 810 1502 1013 938 1186 1817 922 1078
1015 1256 959 381 614 182 1108 740 328 350 326 280 279 996 1435 580 174 184 929 373
842 1317 485 1699 306 367 332 580 1717 253 1782 1284 1115 1100 173 980 1494 1558 453 412
261 705 442 1390 1682 552 250 641 1320 1818 204 540 1575 1439 1346 1293 1154 1570 609 828
585 210 382 44 886 347 959 37 1150 1704 1654 1141 427 363 941 1469 755 1003 553 1195
1787 60 384 1453 507 1144 542 1155 1650 785 656 575 1496 1540 1114 778 261 173 965 238
1088 866 1470 441 1090 1409 1183 1587 1483 382 42 1585 1471 1603 463 1456 620 999 787 549
936 397 297 600 1675 939 1210 23 1324 1312 1553 866 999 953 1569 781 1002 880 1068 124
311 1595 1581 1633 475 661 1827 1402 240 379 1451 1047 1589 517 1797 732 873 1114 905 950
10000000 10000000 10000000 10000000 10000000 10000000 10000000 10000000 10000000 10000000 10000000 10000000 10000000 10000000 10000000 10000000 10000000 10000000 10000000 10000000
1286 1363 527 1629 1647 1074 1150 403 524 806 1592 482 540 1524 416 988 1626 474 1653 694
922 579 982 304 1489 76 1371 1540 686 590 563 1143 978 1747 722 1684 1021 669 986 1394
895 975 439 181 50 1312 1652 1277 1021 673 1542 1119 1240 918 515 1121 740 56 1397 1319
1374 209 462 882 1400 197 445 1207 1099 1387 1562 1517 1635 887 1414 1369 261 1247 29 1010
1780 600 1509 929 1294 1570 1383 1275 541 979 179 1467 137 1122 1254 1028 47 842 398 1699
113 1179 699 1460 575 174 1823 960 1775 260 1454 1615 1247 766 1561 1594 1220 319 295 777
400 1322 1550 792 308 71 866 559 932 1706 927 1533 1519 807 1676 1160 885 1273 1605 495
1461 291 492 328 1336 346 1431 1340 753 41 1700 108 687 1498 1058 1666 1501 778 21 512
786 1051 572 1598 947 844 196 1184 645 688 633 490 477 1485 131 201 996 1221 84 180
1574 358 1524 1364 1442 527 52 765 1637 996 85 1393 1099 1419 1619 1017 990 1767 1151 1308
1000 969 755 971 644 1375 404 1414 1555 46 1204 293 637 1252 1163 1652 688 422 685 1143
745 490 1436 1133 1705 569 1341 452 1451 673 1583 342 1597 358 1672 1064 1391 891 182 1398
1260 657 483 778 424 29 65 1202 219 595 590 223 175 235 1041 1647 199 404 1135 645
750 629 819 1467 1034 175 375 882 910 93 733 1252 538 1162 1342 1372 1458 1186 641 123
617 374 1210 1100 161 1006 1715 1289 858 174 703 1800 1278 1167 201 564 1383 475 1287 1374
1755 936 380 903 708 1707 21 346 1472 1800 316 1781 1171 330 59 490 630 673 300 1113
1061 915 1814 437 609 1348 1671 1680 1517 622 27 1666 903 580 491 1282 658 184 494 1685
233 721 731 867 263 112 367 1520 1150 1596 124 270 212 1730 1314 473 1243 572 766 1399
332 745 121 1765 1134 1318 1769 632 884 1666 464 1533 1559 690 72 874 502 945 701 572
560 1419 313 1261 894 1246 996 313 736 122 1286 639 247 804 1001 802 933 1021 1111 921
1495 1595 484 1343 1437 1526 147 1440 1423 1309 1360 1712 1147 1384 1126 877 230 1423 1037 1085
883 1482 839 277 970 509 831 1234 505 391 1020 1367 1318 1214 658 1568 1316 361 1357 538
576 241 1690 512 1331 1233 335 1772 1296 468 1650 1761 965 1640 753 941 520 1449 776 780
566 1541 1501 1309 1437 1573 1494 1532 655 443 1122 1701 48 1290 1698 1542 1229 783 1373 1215
1545 872 1198 309 1606 951 729 1534 725 1829 431 1748 1726 566 226 444 767 588 175 635
1402 285 1130 1019 1099 929 1498 889 100 1305 438 1007 655 1404 1181 1289 1739 473 1128 671
1471 297 1147 227 1371 1645 668 816 730 261 421 1536 1321 917 1567 137 320 1057 906 1307
354 140 985 647 1438 245 981 433 516 801 1811 594 1513 632 705 1541 385 903 1402 1262
78 1270 1249 1718 1542 1820 1360 1603 81 1001 894 802 170 1218 88 1295 755 367 771 351
255 38 1566 190 1166 1671 1428 94 922 1678 1330 1398 1708 695 416 787 236 1295 1694 1483
704 1415 1085 1736 352 724 1513 1041 222 89 1288 114 240 942 718 890 1393 1425 312 297
69 505 1259 1390 664 897 749 886 1560 1246 404 688 398 1443 811 368 1477 1801 1203 158
724 1703 503 1397 1235 1425 1078 1244 691 324 441 1261 1831 1188 416 1511 1630 1003 945 22
955 1775 1096 1592 169 199 348 316 579 822 654 1472 1001 1544 1557 1044 253 884 272 981
1451 418 309 1369 1731 1424 1633 1328 289 251 376 1089 519 1285 1344 1042 1192 504 1001 1386
1441 1387 956 1469 283 269 165 1218 608 1544 383 302 1184 142 901 1694 48 719 1462 1463
1142 1647 678 841 895 437 1492 199 650 1207 1420 1746 646 1367 1230 1332 200 1418 1775 1065
406 1419 1488 1123 313 1149 1717 176 1783 1353 1248 653 1206 161 485 1465 36 419 565 94
1742 740 1169 1824 543 999 178 225 669 1016 727 280 41 1716 195 664 1690 819 1535 1188
334 1109 891 102 796 341 88 146 1234 1505 1772 629 949 631 38 434 1051 1687 629 1083
1549 1436 663 1353 1787 1074 1804 531 396 1546 273 54 831 1441 1025 197 1619 86 1060 131
127 1723 1129 350 1224 1435 366 571 1683 1372 1430 178 287 1359 1370 1096 1074 1730 1600 1127
136 1654 426 41 1619 100 1440 1684 722 33 1435 1209 1712 1737 1146 1518 183 528 1053 258
1111 1270 1309 103 1605 1373 606 1498 81 1127 571 301 839 1470 615 171 1066 1282 400 572
1508 1337 1583 1792 911 1150 286 166 663 937 1758 766 1409 1623 311 410 144 1460 442 1411
1108 690 148 1180 715 527 209 1014 1687 67 1223 744 834 345 1603 130 276 351 1259 1610
1459 1615 512 1275 33 332 1018 1696 180 1402 541 1790 1536 864 1588 1733 1202 1593 1644 612
70 1472 375 51 144 1306 741 621 554 834 801 599 135 452 1384 1364 1589 338 1791 1153
630 1701 728 1076 529 1198 32 1064 921 349 966 69 1203 220 1392 372 861 338 477 33
797 575 249 1506 260 836 1829 847 1333 686 1261 1747 1744 306 154 1065 882 143 947 1429
449 453 1756 995 1803 396 1107 1049 182 1432 489 981 654 716 1141 1667 932 993 484 63
713 1299 783 563 1399 578 1771 961 442 621 206 1059 1610 1321 1370 1368 1495 325 1201 988
10000000 10000000 10000000 10000000 10000000 10000000 10000000 10000000 10000000 10000000 10000000 10000000 10000000 10000000 10000000 10000000 10000000 10000000 10000000 10000000
209 630 102 1165 1396 865 575 113 851 1537 1160 1588 1118 860 586 1405 136 1649 150 377
1486 335 392 401 1368 524 278 794 1017 1578 423 376 1815 440 848 1517 1435 1397 338 773
170 1104 1602 1192 1271 1446 1170 1779 177 245 894 1055 178 1777 770 444 896 1246 1142 581
63 23 1016 1289 527 1480 1102 201 745 29 268 1169 1187 27 1504 799 997 953 328 1544
544 1471 74 1319 1323 826 1034 540 1029 624 1766 1293 787 437 838 384 1253 720 461 1545
867 1320 623 1691 830 1305 1194 1294 1815 805 217 1832 232 198 1687 723 1588 1098 1487 1135
361 1411 177 1312 981 498 146 154 1282 897 1399 395 325 1365 476 639 1570 1265 268 1063
869 393 1362 161 1747 1159 1669 576 617 679 1382 759 838 810 871 1140 675 397 1329 1331
457 222 1579 1480 723 1081 934 1501 446 265 735 525 1070 26 844 1813 1659 905 393 988
1802 1307 115 1445 1812 1739 1076 216 1145 1066 1072 1096 194 1633 464 94 412 880 555 620
136 1361 521 1044 1425 840 1795 981 74 528 177 245 1701 90 601 815 78 74 1811 772
1242 1411 637 1827 1723 765 1554 833 60 471 1003 1093 1631 252 211 1218 399 1370 1421 826
838 574 1413 490 1478 196 1152 83 1196 1139 474 1210 536 228 628 838 1661 1007 1442 185
1145 57 351 1203 1531 1315 901 50 379 1216 1812 1678 807 62 400 1484 1079 1597 1795 1033
1726 1176 414 1303 766 181 421 822 1043 1599 666 1198 1711 1378 1758 1308 1225 743 220 1532
523 1548 746 936 1125 154 114 391 700 1601 1793 1138 368 1754 1340 65 867 1127 568 329
1568 1153 1300 1442 526 793 416 1388 926 1672 663 734 462 649 1020 712 1049 684 107 1505
491 1738 140 283 872 1012 571 564 556 237 957 544 1721 1182 1529 675 296 352 979 1142
1779 553 241 1152 356 1752 652 192 951 1287 779 443 1789 1636 461 506 1280 493 307 809
107 884 335 261 585 331 1108 275 1534 735 1753 1024 1379 1789 672 1002 314 1114 240 746
559 995 70 1118 557 885 588 664 951 1345 1014 1639 462 632 1428 1659 1131 1786 121 1431
1129 956 698 503 52 512 1784 1217 1321 171 413 1572 426 527 1514 686 1300 738 961 1419
109 522 587 1249 1647 202 1693 918 1121 512 398 1039 275 154 1250 1282 111 610 478 655
979 34 683 1487 1820 1054 1550 977 1750 223 194 1221 641 432 214 1296 1539 357 405 592
43 958 970 40 1164 1299 201 39 961 219 743 247 558 722 782 374 1780 426 29 1550
745 1239 249 750 262 815 283 1193 878 1372 750 1109 1525 443 1173 714 468 1550 670 1226
1284 878 92 639 1469 609 904 619 1206 289 405 1121 321 454 206 1164 1576 1286 1433 455
184 945 675 302 1795 1732 1051 959 1391 820 580 1693 1752 483 1465 1264 460 982 473 418
640 1789 1106 1802 1333 559 958 1246 688 1639 1480 575 219 1286 1682 244 1364 801 1263 423
442 1683 1316 1781 1595 199 1785 1562 533 581 908 1773 728 1510 1181 1300 859 80 946 912
666 621 464 1091 732 841 635 39 1326 1766 315 260 256 1272 1282 824 1687 719 1223 899
530 25 1066 23 1247 1412 619 1287 351 298 1222 1407 1406 361 1816 1426 1148 1295 795 1155
1437 1323 820 1801 641 1418 1081 1420 857 1188 1379 1249 87 1540 461 710 512 592 1707 1408
1058 1659 615 246 1721 1139 793 408 723 769 1631 1497 1716 241 413 193 1158 1272 1054 1117
1792 995 645 1507 1373 187 345 1162 1002 1029 104 1528 1056 1612 113 623 1205 200 1721 946
1103 1102 946 1801 182 631 560 232 1604 634 783 457 1327 1147 455 719 1068 1177 1462 1405
1057 1747 1080 980 781 868 1079 707 245 1066 254 784 875 433 444 299 1085 353 1530 593
1216 1179 815 461 1829 1787 745 1044 215 1437 899 414 577 989 1136 1823 72 1568 444 611
433 103 1801 39 801 139 1765 607 1056 658 59 1207 845 188 1576 109 1590 1550 1408 665
949 1239 840 1598 546 535 1106 956 980 1521 1218 92 963 76 457 1056 799 1008 561 816
1420 1348 525 1327 278 1617 356 1270 61 675 808 718 1247 399 842 1636 1530 804 1076 1429
1465 1107 205 1596 666 548 1735 1527 634 461 1594 421 788 763 841 1694 541 1678 782 896
925 1545 525 708 305 763 1064 402 76 1237 857 1620 356 1605 1068 29 1787 1453 480 1495
763 739 949 1543 763 1542 1749 202 647 1685 809 1587 516 148 273 1362 570 1490 659 796
485 1545 1034 214 983 243 1239 1679 949 898 1445 426 1762 167 708 464 1404 1230 317 274
98 1707 44 817 392 841 1813 586 1223 289 458 857 1103 529 1264 386 937 1715 846 158
452 1009 684 1218 988 424 1195 526 350 1495 608 1312 1592 1054 252 622 1023 1647 314 1623
707 120 1203 426 1206 1598 757 598 1293 333 1709 1027 1291 1762 1461 248 335 513 1264 1448
1773 727 1157 377 1327 871 1165 248 668 915 336 576 1382 948 895 578 1177 1588 628 553
995 1740 873 894 1649 1084 941 1626 1753 1348 414 1526 769 905 803 257 1432 1146 585 1429
265 1637 38 1061 726 1200 1173 357 1453 1255 726 1554 1694 1332 1119 421 1044 1750 1815 1140
633 1526 129 721 231 1158 175 1697 895 782 515 1815 362 1721 310 1603 685 454 1726 228
10000000 10000000 10000000 10000000 10000000 10000000 10000000 10000000 10000000 10000000 10000000 10000000 10000000 10000000 10000000 10000000 10000000 10000000 10000000 10000000
1331 1593 566 1218 1229 922 1766 532 1042 1607 1754 1613 193 375 1796 686 301 1557 634 952
1270 1751 375 775 341 1632 355 1800 921 177 80 310 1369 714 338 423 502 1318 1643 1031
528 135 837 82 204 673 1760 118 862 977 673 1482 363 1482 1103 1246 809 952 1270 319
352 1339 264 628 500 971 1049 109 365 653 258 1066 31 1016 1612 1557 431 33 1051 991
1006 1596 70 731 1518 975 1018 1637 159 487 1111 1323 972 81 1265 1058 306 251 389 1690
367 249 1358 923 536 1151 1234 840 926 119 1675 220 1084 1211 137 942 913 1547 766 428
482 1263 238 1484 45 607 1333 323 1175 1271 257 1528 1751 1723 487 1239 194 103 651 153
1048 1103 1272 1160 1559 941 797 1623 1100 113 544 439 645 1486 644 207 1505 311 29 1408
278 139 1796 1593 250 1654 144 922 538 568 1158 906 942 347 186 865 397 1285 1111 261
394 499 1419 740 1029 110 346 358 492 1332 876 573 883 370 1722 876 1725 1802 188 1657
1163 606 1620 899 486 104 21 1518 571 178 1095 620 1290 613 495 413 141 460 577 630
1533 1360 1753 1464 1278 667 1299 1243 539 1659 1088 1408 1788 1513 637 1631 39 1706 596 1154
395 1345 467 738 1065 1481 333 799 1820 465 898 567 1596 390 1421 1652 263 101 876 806
1755 1536 704 940 1175 1071 1447 1828 1288 1671 701 1328 543 1509 815 309 1440 610 236 1235
507 1736 656 269 467 371 595 207 1560 1635 319 879 249 1033 645 813 1422 440 1648 1831
1669 726 1141 1176 1735 1122 1647 85 158 756 1022 1292 964 402 1405 1045 107 723 1331 1227
626 104 440 801 1533 1305 1233 780 1276 1403 415 1703 1569 1514 986 306 978 1822 1283 1516
171 880 1007 59 1585 1502 1389 65 1259 1240 1709 50 1232 1290 1186 691 144 325 1487 1432
995 1710 1566 1261 238 1071 1758 1690 149 1590 633 1247 1737 1377 1283 1129 1561 722 490 1333
202 1303 1234 1738 723 989 1752 1738 396 1502 235 1389 1398 217 656 1110 1147 1251 865 774
650 907 835 1129 1391 1132 91 703 1259 1263 337 522 744 656 456 1066 265 830 1685 1432
1580 694 1572 1203 249 1373 78 1124 904 1831 1745 1289 343 754 754 680 212 1639 608 379
217 916 687 1708 1741 69 1195 299 312 809 892 928 94 1179 1334 1449 1299 1195 1493 1033
314 1394 494 1685 966 1299 624 195 695 1250 626 833 539 1062 1622 82 922 269 260 1154
408 795 131 32 1636 329 1676 173 1757 1566 1390 211 1758 777 1622 646 129 147 697 1345
1512 1350 345 733 969 1565 964 1476 659 505 1664 449 287 1810 1010 641 1652 53 1608 671
229 1008 1526 698 51 272 703 98 1810 890 871 1352 598 398 744 1325 1738 1200 1385 1516
1012 211 1664 1657 242 1612 1520 1321 261 1109 871 194 619 169 1614 1225 33 354 1239 349
1289 1790 368 1143 429 266 1103 554 875 226 1118 516 1081 619 632 173 1695 1787 588 197
321 260 1646 659 1356 801 694 1800 263 388 909 42 1403 1252 808 1443 154 1146 1756 1598
1793 1720 659 362 1006 1519 1469 1124 1820 767 449 240 1064 1064 1002 461 62 231 1315 219
1051 949 1810 1418 247 925 1318 527 1469 153 982 1544 1457 293 677 939 1825 1349 765 451
886 433 1826 322 1410 618 1057 656 45 1044 229 1819 528 647 555 775 506 448 984 1529
988 1464 1717 1336 1276 1087 652 466 945 1365 332 1271 645 121 655 605 533 271 844 1745
1584 1389 714 1062 1229 826 412 1797 874 95 946 739 1415 923 659 874 1367 357 546 1220
855 1614 532 66 80 1691 1812 215 1433 1710 246 744 1456 332 738 1052 1340 1075 407 633
195 152 340 1134 236 118 269 913 1120 1374 1018 1235 1271 207 932 366 473 725 50 646
349 1813 228 161 135 632 1495 1756 1703 263 1072 92 73 83 1149 822 1452 1373 75 424
1294 1550 69 1428 664 847 64 79 903 748 343 629 1130 901 1779 805 1810 1327 865 829
598 1028 919 148 1049 185 1768 1137 1730 1483 898 293 943 1291 360 508 1427 1721 1677 1036
746 452 942 140 1137 824 71 1211 42 508 107 281 1769 355 221 731 1708 956 1533 194
1557 983 137 95 573 671 1650 60 729 932 1356 262 1462 479 974 909 121 1306 1591 1209
1416 1487 981 629 736 379 887 1609 410 1428 27 1651 659 379 1543 507 992 886 450 1579
488 307 1766 1757 572 900 1539 1146 1762 271 1661 1230 561 1304 1802 1641 496 895 659 899
154 838 1739 43 165 197 386 1771 1316 1530 678 203 1708 726 1176 1024 665 712 104 1775
1576 759 730 639 1462 1788 1125 989 347 1345 76 567 292 1025 1492 1390 1339 801 865 978
38 883 959 1280 490 1655 859 450 456 650 1426 1741 683 428 1091 403 589 359 465 814
1461 317 55 1324 444 1427 1300 538 1755 1274 877 173 813 1164 1707 642 595 652 1640 191
772 678 366 1671 525 311 399 1811 732 1014 261 264 814 774 706 1651 864 292 683 706
297 647 1244 1800 996 867 228 167 959 1615 1797 1384 390 314 1169 1061 1757 1611 908 1708
304 1451 1146 606 1298 590 1467 1230 299 1293 927 482 1014 1717 501 1388 1465 1729 1534 1530
1251 212 968 828 1479 1577 981 1529 1096 1485 1268 1484 1084 582 378 1419 1305 1066 902 1479
10000000 10000000 10000000 10000000 10000000 10000000 10000000 10000000 10000000 10000000 10000000 10000000 10000000 10000000 10000000 10000000 10000000 10000000 10000000 10000000
1523 217 386 790 1035 632 1729 629 931 1733 452 521 247 1076 158 515 730 663 1046 335
22 481 917 1069 667 819 1296 1793 99 71 118 691 330 1422 1324 750 278 1609 881 1585
990 1563 659 526 726 368 219 1556 817 217 1181 137 886 1476 614 87 1686 1599 453 687
243 659 1106 116 1025 1661 400 1118 1110 347 1800 1302 750 498 722 143 396 337 509 256
441 203 1412 1606 301 1331 1485 1289 1546 802 853 861 1176 479 1316 57 1283 1325 1569 1094
498 828 258 923 597 1139 623 1251 619 901 604 271 1509 929 1785 208 297 315 951 295
1481 499 1178 1279 1788 545 920 1707 1533 1133 953 1334 1498 208 381 296 1233 298 1703 1029
1354 1731 537 1077 182 590 1498 362 282 1265 731 252 1097 1771 1613 776 214 657 142 1402
1325 791 1141 1384 793 1404 81 338 306 771 64 227 213 1572 595 1621 1768 891 437 1421
802 1727 1527 1558 1663 756 965 1766 1107 557 362 894 853 391 1833 1436 1724 511 1629 1258
1087 82 46 123 1090 260 663 397 1159 1569 1571 485 179 1072 1675 1332 572 427 1385 571
306 641 1131 665 1785 962 781 1238 377 1419 713 461 218 1228 415 663 1336 512 1610 328
1607 670 1127 1019 916 1039 1611 43 669 1073 1574 1049 1576 1162 502 551 1214 402 1756 825
1332 212 486 1724 94 670 1823 1104 840 1097 1790 158 1424 47 230 173 1190 1483 1394 292
284 437 704 840 1602 45 1473 898 1342 947 1542 123 118 694 451 1598 1066 1037 288 866
64 527 1082 1008 29 1342 1478 1602 342 816 207 1672 666 1814 1034 157 1484 689 919 1240
305 1124 159 70 1189 647 1227 814 1729 1284 997 1671 1713 725 1702 358 1146 1297 162 1711
344 607 622 456 100 1478 1407 812 195 434 840 492 1425 66 1652 477 1287 281 1798 833
450 92 458 244 1495 1016 201 328 511 210 1500 41 1688 705 931 323 532 766 499 21
779 1019 932 394 810 793 799 964 1305 786 853 209 192 1136 965 1609 1031 831 1731 779
1417 1333 346 806 1674 1404 58 73 1547 119 1797 1637 1760 661 1640 1456 274 659 1242 774
550 893 1174 1501 1427 909 1686 1190 933 239 1268 1176 301 690 952 1585 887 1466 1227 463
1617 532 743 277 414 1662 1487 646 1474 450 589 1485 1114 278 1721 1056 381 1035 1125 899
237 922 285 1398 91 1274 1272 1566 625 100 1682 1267 1810 1340 110 29 791 412 1727 747
1729 359 1224 1807 1027 580 1039 920 828 549 205 576 1833 1422 1360 676 1087 1450 1059 1141
778 1655 248 1679 981 215 1065 1660 417 432 415 1422 601 617 1687 616 1156 1467 1723 551
944 1588 405 548 1325 1572 468 269 349 1416 858 387 1263 752 215 661 330 1751 1692 1400
885 1340 203 561 1760 1546 887 1203 1361 1680 862 653 389 1670 1167 586 686 655 1228 496
1201 303 736 353 1253 312 1488 1205 1691 1373 496 1295 1530 1271 1733 1443 1487 1288 404 657
1280 650 1190 870 80 1394 1183 1660 1277 859 1230 1395 432 46 1197 1469 996 756 97 1537
425 1799 1337 1689 153 460 456 1009 810 1538 1049 1656 401 1438 265 37 760 853 125 1710
369 208 804 447 1332 1638 1547 764 291 47 1431 1663 828 1456 449 874 1273 143 608 668
1591 190 583 1016 1396 1304 1637 1219 1632 928 1198 1811 1822 333 1673 906 1212 1577 635 1335
1509 393 1045 1785 1538 194 363 298 1562 1565 1731 229 303 1354 656 70 1496 1809 965 769
1757 171 345 298 569 201 625 537 716 394 629 1782 1037 304 1645 1762 1649 1247 973 149
662 1099 1566 1179 877 1497 1115 745 1453 1341 452 739 1214 1498 460 1549 1020 546 536 99
263 1396 556 255 1395 1321 1422 1735 536 131 1096 1095 901 1674 1677 247 132 954 1236 537
299 1551 384 1113 981 1310 1244 965 903 468 249 585 168 787 1315 899 617 1820 1786 382
1385 1435 1687 906 306 1670 1780 650 1726 890 676 1827 889 470 192 405 144 1121 103 1479
152 1672 260 906 709 1450 494 1055 608 1621 1725 326 465 712 1570 365 1241 150 480 1097
105 484 1029 148 696 1134 1425 1310 1401 834 429 1730 1404 1429 932 1346 372 1324 1444 1371
1579 306 1434 522 888 1645 963 1028 1296 619 1179 1042 780 846 111 398 908 1271 256 969
1358 627 1342 967 1183 591 1289 1560 856 434 606 1581 1517 813 763 725 1700 355 1394 549
199 912 89 1058 1255 981 240 883 1271 132 1730 1286 772 1488 1831 1346 831 133 1427 90
1540 544 1428 794 767 632 1155 737 194 324 1410 33 1821 1471 600 896 227 747 683 579
1040 889 1238 1765 885 514 276 379 862 1316 360 1224 1225 531 1133 992 282 674 1680 1518
360 1784 362 1591 1233 504 270 1355 388 73 547 1689 1187 853 1224 965 606 590 464 469
1254 1645 1415 1395 988 1285 329 1803 1150 136 585 1518 1590 1385 407 1220 1186 726 831 902
1452 800 1142 1267 900 1033 614 1594 1185 328 602 1556 393 1660 1454 1755 498 896 1256 104
942 77 999 1348 767 1704 124 1413 928 727 734 963 887 374 584 1746 1745 1571 1214 483
1210 1158 1196 1281 551 41 1678 1136 1350 61 189 1414 606 35 651 1715 1043 276 244 1709
1636 1174 1299 1445 1184 1102 76 1450 210 1540 1719 1235 893 126 171 1211 1118 437 679 1334
10000000 10000000 10000000 10000000 10000000 10000000 10000000 10000000 10000000 10000000 10000000 10000000 10000000 10000000 10000000 10000000 10000000 10000000 10000000 10000000
234 288 253 581 136 683 264 1661 754 1548 931 127 757 1363 1000 701 149 756 57 1611
425 450 34 379 1801 1631 1392 830 494 798 792 858 726 146 1522 185 1221 103 322 388
1532 199 1388 31 236 1491 1797 117 1722 673 1296 1468 846 540 428 1164 119 237 1605 406
1360 1031 687 593 1654 447 1615 284 165 1673 1667 1142 1477 869 1170 866 386 510 336 279
1302 1247 674 91 261 1327 954 881 886 1764 1788 1031 1438 32 1029 150 296 873 1742 1465
966 168 925 1352 1141 1053 234 467 26 674 327 386 1155 1824 57 464 1533 69 245 1417
1708 931 100 1480 1809 120 1536 1018 1631 902 1794 808 678 109 362 172 1617 1391 1744 512
1741 1131 1649 1776 1329 1781 1673 809 1218 916 151 1742 946 126 1002 745 549 818 1738 1657
581 75 979 501 1229 331 1598 100 212 1044 93 652 342 1673 163 1506 993 1546 1693 456
531 1546 633 354 1759 437 1281 226 1087 776 679 1494 1809 224 956 1320 235 1702 778 1495
1461 27 760 622 696 1430 983 111 598 674 1080 1510 1815 1145 1403 1234 1499 1264 1078 685
128 1432 1161 1183 1243 142 1620 1426 45 687 1415 394 1413 1434 1330 1766 284 1628 673 1503
1089 1314 608 956 48 543 1146 1742 1521 90 1624 1693 60 495 879 203 1419 48 581 1220
1537 954 1572 1202 353 1632 810 412 1086 1702 1574 514 613 842 1640 57 1015 303 1540 1223
1639 1666 1047 231 408 236 1031 967 1556 1496 1231 328 1480 37 847 1518 576 296 894 444
1140 1276 1407 1329 129 1765 638 774 749 1240 947 1597 1602 87 1055 1224 1524 580 303 208
375 1797 586 191 958 236 883 394 1258 1065 617 1355 1467 1605 964 84 634 567 213 1354
36 1178 1310 771 1244 1552 998 729 1182 164 1582 1666 788 1001 1097 1237 374 225 1263 567
1659 331 159 778 1645 1035 838 466 907 1199 672 708 63 716 387 890 1543 915 477 1159
318 1508 1587 108 663 1565 1363 1432 1735 368 1469 440 1064 95 1220 1170 1807 1027 1440 84
111 1590 856 1742 1008 1617 1691 975 1052 1208 50 655 285 610 1548 708 114 728 552 1063
1583 1646 438 1583 1420 491 668 1548 440 1809 388 313 1066 709 1803 881 816 1574 86 1348
1194 1765 623 757 124 1042 78 1011 887 356 1627 520 1301 1292 636 1543 1386 1057 1063 1487
1202 304 44 367 954 1081 500 238 956 1420 843 1031 1315 469 601 1170 919 1829 866 1009
1523 1536 1229 413 156 772 1774 990 405 459 456 1721 52 161 471 777 41 934 537 1520
1571 205 1163 404 470 672 1271 593 1798 524 32 317 1081 889 192 983 1252 1512 39 1646
1576 652 444 1329 857 1414 373 369 1302 107 92 1401 1810 830 1308 1391 378 508 361 27
1254 114 1101 1003 184 347 1733 154 111 866 1371 468 1650 922 944 724 790 1604 388 1643
1539 360 476 853 877 92 1689 1442 1553 1822 1605 1246 467 1025 589 1554 189 1690 1171 745
1238 1769 1444 559 952 163 635 1801 784 943 254 565 1531 991 1324 1529 1649 1355 1203 490
1276 342 1053 499 879 1289 1093 1345 1653 1296 43 649 935 925 1618 1387 1829 726 1267 553
917 665 121 1116 1785 99 109 247 1211 481 694 740 1490 1809 512 271 1500 1129 1448 1384
1705 1227 236 565 1160 1321 1270 505 527 1522 142 228 1500 856 1052 1386 1067 1493 379 1160
731 903 828 1021 312 524 145 1477 370 451 216 720 366 559 111 192 1550 170 48 1584
1607 1231 914 1286 1282 215 591 1399 1714 467 260 1611 846 1554 1365 615 1278 680 59 1221
286 1163 1058 1301 1669 618 54 1768 1643 462 1454 1572 882 1467 1541 709 172 1370 1404 907
303 1342 1366 1016 1579 1142 1070 371 1133 216 33 1311 761 1243 1761 1070 716 546 819 1077
1200 1484 623 1542 976 477 1561 784 54 77 1464 1393 963 1630 242 76 806 1250 91 1684
1026 1049 700 1684 221 1396 520 130 203 670 1700 567 1206 632 1615 339 709 1719 1391 980
1522 943 1260 488 559 742 254 1601 1069 1189 1455 336 831 274 591 1313 1135 270 1390 477
1477 1473 548 1327 100 46 1140 879 1551 776 561 826 341 724 1575 241 1152 452 182 1167
998 1664 584 1269 1469 1140 1397 1019 561 488 1016 553 356 1238 870 752 1460 266 1457 1144
1788 202 544 1822 1803 985 588 729 1533 1312 858 587 1069 382 1391 788 157 808 1492 710
550 442 104 44 683 1509 1701 313 1761 676 1053 1099 557 1450 1716 33 284 902 701 637
533 260 98 582 376 140 1252 1299 1790 1632 1131 475 1423 511 868 1578 885 211 1117 1375
953 1646 1781 1169 685 197 1290 1473 45 151 1811 539 1595 847 1543 1090 490 1464 235 1475
1234 1723 1352 1794 1304 195 1777 1259 479 516 1619 361 751 74 1077 354 1346 56 1602 155
1445 519 56 974 1058 1515 396 785 440 1599 486 1050 1000 1788 1514 954 1470 1492 332 81
1495 743 1371 1370 1158 1552 224 1584 136 781 1213 667 1757 54 1829 676 337 1180 1612 994
752 1677 156 352 1209 1352 259 1521 262 1137 1192 1771 1038 1160 190 301 1625 653 1170 620
1282 1806 453 874 206 252 1781 260 172 1668 1215 344 592 1755 1496 1362 591 58 647 1257
1749 1570 219 966 1790 1441 989 851 42 530 1825 1821 1668 1438 428 1200 939 1393 474 570
10000000 10000000 10000000 10000000 10000000 10000000 10000000 10000000 10000000 10000000 10000000 10000000 10000000 10000000 10000000 10000000 10000000 10000000 10000000 10000000
1245 108 1098 833 1545 841 1543 1457 1265 1459 517 945 538 1292 1458 1423 219 1204 1125 1375
1725 341 1486 702 818 621 266 1773 1169 1756 1764 511 1681 1024 1599 1451 1293 274 502 1483
549 1020 472 1062 1419 1371 1720 587 1062 1258 533 1664 822 1509 455 795 471 300 1290 116
1088 365 29 474 380 1245 360 393 852 206 996 276 1760 1107 945 937 817 870 1028 1748
1135 1236 432 690 1178 1014 1040 1172 1085 911 1247 251 1173 1347 1604 359 1480 946 865 859
1573 136 424 1009 938 1664 410 430 1171 1114 1779 1141 1445 1093 423 1149 428 210 1627 1562
882 618 235 915 1488 782 1100 1180 1121 1461 1721 762 861 1052 1419 1082 80 758 711 146
1216 828 681 532 999 1724 1432 280 1468 925 660 1065 399 1379 386 133 864 565 926 1602
805 894 258 893 1040 842 400 1170 443 1791 636 561 81 206 494 709 75 100 754 1089
1358 1820 1551 1271 823 240 60 765 1416 1647 96 53 576 1256 898 431 1096 196 75 1234
1567 83 1399 1310 1018 1549 879 372 166 1361 188 553 1118 433 1140 677 1111 1397 173 324
493 1399 1726 742 1194 245 68 982 698 982 880 628 1435 385 790 1492 424 1178 1143 901
201 249 533 1344 1421 1663 1219 252 1158 84 390 728 754 878 1517 594 1207 708 381 909
897 21 1057 1014 1354 1644 1120 802 1542 1068 573 595 598 1190 664 196 1112 1133 462 1185
319 957 425 760 480 946 1576 173 322 910 200 1146 1206 555 591 525 1528 1599 1304 1222
921 742 334 1475 1676 546 811 476 294 1779 1653 275 701 377 215 1321 257 1067 177 822
476 1355 962 1165 297 772 1783 462 834 25 111 761 783 1322 1597 1832 1068 1431 1566 1167
489 383 471 533 1125 1166 895 112 1794 1543 1682 375 465 767 912 759 1822 1506 1652 1048
1253 1737 245 1655 1097 1581 1735 779 505 1106 779 809 1363 808 949 1481 1723 1308 1828 483
1370 1344 811 1016 946 427 452 790 790 1140 556 1330 203 1604 1208 1535 476 1444 31 1689
1432 560 1543 29 1377 790 1484 170 328 214 670 1327 514 190 41 1535 742 581 1114 1589
1551 1506 1064 586 389 869 1702 956 1631 506 140 1828 376 723 796 1256 661 1382 702 1426
778 164 644 376 65 110 462 1091 676 467 495 1649 931 376 1354 287 656 1753 1584 1527
638 167 78 1746 1325 565 654 649 824 1426 333 1584 1310 279 764 1609 1206 1144 1071 1334
155 1221 1567 914 947 96 430 505 410 180 1466 820 1825 1161 651 1425 1313 429 102 855
125 642 1732 598 1414 1085 802 1171 1250 462 1576 1550 1151 981 272 505 1532 109 777 554
589 1222 927 1116 660 1241 1771 1395 745 1283 1333 745 953 945 423 1610 1359 1237 518 1277
1694 120 1710 129 886 974 1117 1030 1588 283 1627 757 1111 1366 581 1641 1767 912 666 950
1030 834 1748 961 1356 135 865 1173 602 1604 895 69 308 998 550 95 156 331 1628 599
880 652 744 1352 553 1156 1803 194 968 799 200 1629 1048 1273 1458 1245 969 1051 1579 1282
1029 140 1188 1045 1471 1576 258 1014 490 152 1701 1635 1410 1480 1055 1187 560 1514 927 125
178 768 514 1141 1571 958 61 1532 436 1712 1148 973 1503 672 853 1460 141 1128 1338 1734
751 1081 400 1676 1125 1201 1617 509 981 1738 1231 642 852 1580 1197 1815 1710 372 341 1585
485 1602 1585 1596 975 438 248 868 1801 1016 750 1080 282 180 1567 736 1226 576 347 122
1769 156 816 408 1278 1455 555 310 216 1634 263 1692 271 608 1734 209 330 696 107 504
662 1269 1058 384 703 860 468 1349 1817 1353 685 627 1165 49 589 878 260 1423 1150 577
1103 1560 92 1021 228 885 1507 1594 1250 807 825 1048 552 1358 1658 1351 1368 1399 357 1195
536 1711 792 979 1028 962 366 953 1654 327 416 1699 1483 1318 923 149 1498 437 131 1247
382 25 1250 439 172 1444 1221 1298 989 1261 749 927 502 615 162 192 277 1575 475 1631
458 743 1153 1467 418 445 1113 574 246 1163 1162 1730 616 229 1025 1467 1003 1293 1304 1537
608 1688 1375 1082 1365 1603 424 1400 433 72 150 1438 567 1738 545 821 1224 1471 1217 1316
747 109 1654 1655 1215 1277 1070 903 1393 1277 80 129 120 519 1807 1200 1052 1229 384 1069
1210 1486 29 425 1534 1437 485 307 66 1790 1280 717 387 704 1051 1251 104 144 921 357
1691 289 1559 1100 1427 133 1764 1156 859 410 313 1719 1169 126 417 843 44 1196 1776 357
1140 1561 1772 1476 930 393 1415 443 809 960 591 366 273 501 820 1242 476 1750 1155 125
469 136 1259 786 1277 1306 1359 1127 275 1545 1283 1175 822 1829 731 987 1524 636 1715 253
1382 965 1722 1597 112 723 172 644 910 1101 197 1309 1068 1593 520 1544 1737 1214 1755 1684
1676 1585 1108 613 939 918 1495 912 183 213 1144 641 1187 1383 236 1075 1526 1219 1531 1147
1495 308 246 313 660 1130 867 773 1711 1779 277 1688 392 1772 1112 1077 954 1794 1119 1320
1413 702 832 123 208 707 1104 678 1287 539 47 199 1139 131 533 105 1484 1770 1760 1601
1564 1240 987 259 1416 881 1463 1749 1349 299 200 838 1499 922 303 1060 1755 578 1597 1084
333 326 604 26 930 434 1282 390 686 1463 490 1530 1701 506 764 1056 1402 1090 24 260
10000000 10000000 10000000 10000000 10000000 10000000 10000000 10000000 10000000 10000000 10000000 10000000 10000000 10000000 10000000 10000000 10000000 10000000 10000000 10000000
161 669 810 947 946 1219 1512 1738 1802 413 1184 1665 555 1491 99 1765 1427 737 1373 524
1797 559 1795 1408 1794 271 768 585 1021 408 1123 1552 989 447 145 926 120 156 103 853
1539 1102 1225 1266 685 998 547 1158 1046 42 854 754 1387 1710 24 400 806 357 602 849
532 292 610 591 907 1824 1019 1161 77 206 74 517 245 777 722 568 450 1531 608 1438
1607 674 813 1369 187 244 991 846 1492 468 457 1154 1405 1456 1301 600 320 709 550 649
1746 722 739 398 254 756 937 620 1603 66 1261 273 775 1054 403 1627 921 1801 598 981
115 1343 780 1269 365 961 1215 1216 450 142 1057 1264 1267 218 1646 1096 708 382 1019 1647
512 246 1219 1417 352 106 353 248 662 614 1529 343 398 25 592 109 1065 1447 1338 566
330 1768 1406 754 872 1419 132 1805 1354 25 1158 1171 1116 1112 1489 1736 1050 1462 922 426
1600 1090 1156 1742 172 1559 1241 278 959 1255 652 1318 1084 1831 268 836 1779 403 557 1071
705 321 897 1556 914 852 473 1538 1532 695 383 756 1103 1651 844 1146 338 240 1812 1212
1399 831 1490 1223 109 815 463 271 726 968 453 592 756 1740 1814 939 1156 239 336 1733
563 685 1523 1648 804 1821 1693 1109 1747 317 1183 520 965 1770 221 369 1739 613 1185 879
1500 866 566 1639 58 262 587 1706 1772 699 1469 1461 1198 1095 1801 1558 695 270 1264 1725
915 969 1798 471 1205 1441 549 634 387 965 101 402 969 255 1036 1081 678 561 1535 697
1071 1795 1718 804 966 1111 1613 1210 1237 236 1385 471 1388 1060 1546 498 551 551 127 431
1278 470 1750 712 1025 569 924 1789 1071 386 308 515 1557 872 1723 1554 375 956 1288 554
582 1692 1167 60 1720 563 1532 308 1509 529 547 1748 1596 751 303 1526 870 1290 1190 510
648 388 1699 863 468 1452 352 392 366 462 876 1442 681 170 1661 1504 863 848 771 1117
623 1304 1026 877 445 513 688 1510 1243 993 844 1662 333 1685 351 1434 802 1337 359 1480
389 518 1759 1576 1246 1438 607 906 1678 664 1173 385 1494 408 863 1073 629 51 1796 723
43 24 1464 1575 1035 1159 277 1206 1830 176 400 515 520 35 830 1146 1258 563 966 899
1763 1636 142 683 426 1015 1659 1094 338 1198 923 682 473 703 626 477 1532 1418 166 626
1576 1638 634 568 194 645 327 288 1423 89 1396 1524 326 992 1496 671 552 927 514 347
163 238 800 1297 1509 733 1150 460 543 429 844 764 610 1229 1427 1712 76 1810 1725 1203
1147 1455 1077 1694 684 1370 846 1557 852 1795 1454 1786 566 172 1279 50 1742 1761 733 154
659 763 281 519 703 1678 313 1209 1052 1427 624 1102 1463 886 482 1004 1076 140 1517 1771
1267 1740 197 1604 1616 938 1187 1058 286 143 1572 561 805 1319 317 860 1042 183 1416 650
1271 668 1229 1295 756 1484 436 1152 1073 32 868 731 234 495 1352 1389 686 516 679 1324
1514 159 396 237 1394 545 259 745 821 1253 1068 1107 955 1640 1242 1278 1448 1402 1027 1355
468 1724 1097 1171 1081 1302 1801 1399 1217 1434 386 1008 1569 1424 1715 510 1415 245 1778 259
271 23 865 1669 1275 1474 671 266 707 1670 980 605 1111 1136 1253 1250 119 589 1802 636
1102 1207 923 1138 861 1609 686 681 1626 478 650 1162 196 65 1568 1246 1170 1326 136 1545
1744 1602 614 1636 679 1529 124 577 1212 1702 166 1245 1404 895 758 1242 429 915 1714 699
1005 219 1178 1653 1557 1598 547 699 320 1400 814 1413 77 147 426 257 1311 1063 1469 1805
1620 1045 160 1394 408 636 724 1592 1009 476 1363 404 1751 1022 1786 471 1501 470 127 142
293 1643 772 122 678 862 425 1170 378 370 444 233 1413 1824 1051 1387 1347 1370 1405 650
1305 677 1131 1762 289 792 1596 835 824 139 1158 961 1199 1816 119 1005 77 1667 72 860
1238 171 783 1640 240 610 748 1456 377 846 1572 481 558 1692 1580 1013 523 1274 1697 456
399 967 1006 1509 1465 1246 1807 150 200 907 1708 1453 518 345 1636 733 1027 902 1576 353
1190 113 278 1154 410 73 1623 571 1191 745 1694 831 268 1616 431 830 387 1608 914 1170
639 284 698 714 592 367 1101 1421 548 1000 84 394 276 1761 1346 1239 277 1470 1469 1619
1191 498 81 1363 779 520 1309 643 1736 1175 975 1327 1702 469 643 198 580 215 385 245
1516 1295 95 708 1241 1676 628 1465 807 1297 131 556 1252 1167 1305 1761 1718 1283 1469 1410
1516 1804 544 554 474 1018 276 1532 970 1337 295 1445 740 1512 610 812 910 100 1473 1193
116 1823 1617 333 324 382 899 57 878 1350 1750 793 1671 1030 1460 1271 1531 1744 1395 990
871 1734 466 1280 1301 386 676 1685 197 1454 335 1080 1777 44 1641 740 604 753 1216 293
1034 211 1428 686 931 1237 526 481 956 1192 516 1422 1259 1288 441 48 179 330 1227 453
851 1207 514 1765 1748 269 1654 1648 567 236 1167 356 581 268 1311 1331 302 1048 637 216
663 92 920 1270 464 959 72 205 1267 858 244 1547 1405 966 1477 1220 1380 392 1808 316
434 139 121 606 1430 124 1090 852 214 615 1671 212 904 1776 1069 580 1485 322 393 539
70 1489 942 876 1393 1020 118 982 1551 933 1361 112 367 1604 1368 681 1824 946 1192 1201
10000000 10000000 10000000 10000000 10000000 10000000 10000000 10000000 10000000 10000000 10000000 10000000 10000000 10000000 10000000 10000000 10000000 10000000 10000000 10000000
1119 293 1612 84 1295 212 86 1272 1292 858 841 1642 22 1579 37 389 993 936 1456 644
1473 71 888 1193 602 1780 1015 331 1229 454 1234 625 796 1576 1301 1215 561 925 1677 490
683 879 309 1698 843 258 1799 905 984 848 355 774 687 1586 528 535 1698 64 1176 754
103 1741 1624 1549 817 1077 1072 724 59 716 1316 1053 537 669 685 1335 516 614 245 826
650 382 1310 1347 1823 1184 982 1779 1776 1347 456 657 1426 436 1152 807 859 770 661 394
1749 1803 957 1727 1443 283 561 59 799 527 646 1300 423 1657 1641 1360 42 1377 1372 1706
930 659 533 173 790 333 1824 1041 534 801 584 1107 1329 489 238 1176 1473 401 904 1784
1053 1469 954 1261 227 883 1471 1285 1502 909 1729 436 1765 1186 298 1211 460 1675 853 607
236 599 360 532 681 908 1777 1645 82 714 1801 738 480 1820 1312 1309 745 48 155 1333
701 370 359 1412 686 1220 615 1530 897 774 1529 361 49 515 1699 85 175 444 77 483
1757 376 845 1643 1690 575 657 1052 1744 1554 1335 1724 960 1456 971 1388 813 1555 1454 488
1006 694 1328 1534 786 1722 1590 293 301 351 1784 42 1000 706 492 1422 550 1142 247 913
1201 1412 1742 1106 695 75 1612 349 638 878 1420 582 892 604 1172 95 250 1511 560 1119
1800 1179 1794 1289 456 454 1229 1116 1261 1500 119 294 223 1673 1755 912 1133 48 1026 1651
1420 1150 905 882 627 165 212 718 824 1062 1169 541 513 1180 78 1631 961 669 378 1075
1661 118 1093 1022 428 752 371 1422 1076 851 696 385 1734 443 1216 1116 749 1206 210 447
664 492 295 145 118 1098 297 402 1104 494 1368 1648 847 1019 1490 722 67 325 1085 1530
1594 1599 1119 1102 949 1669 960 941 1697 1530 1443 864 1201 94 213 1366 124 1434 1152 1458
329 1780 1223 1624 850 1289 1505 817 1798 621 1320 1659 1409 844 953 1076 180 1023 971 431
1386 72 1175 425 796 1280 290 995 1107 949 281 1221 198 890 740 545 663 333 250 1695
512 1705 1285 1474 1517 937 96 1497 1089 1207 775 341 1764 688 707 1228 1816 1778 936 1641
635 525 1791 65 1345 1517 139 1534 799 773 279 1282 277 704 670 1064 1503 596 869 1524
1354 1030 619 125 789 104 266 773 425 282 1235 908 368 851 96 369 342 261 1400 487
69 1677 1680 1081 1410 1772 1118 708 1688 1175 632 1750 504 139 334 1776 1235 714 123 1412
963 602 843 964 91 473 1011 397 1276 1422 197 201 1632 502 1790 231 76 677 1093 525
507 618 869 1587 1677 1014 369 1387 1689 1154 737 1074 1056 376 166 1599 259 1224 1089 226
1620 1471 745 1046 967 1575 1718 888 447 920 173 700 336 50 628 1753 219 602 739 355
302 951 97 1597 1289 679 177 1437 1454 325 877 828 1829 217 1299 1276 1118 509 501 182
1188 98 881 21 1464 246 50 1432 1461 171 84 1161 1257 1196 1061 604 816 346 1601 1518
1749 1234 1238 524 626 595 272 554 1093 239 591 1728 332 214 1747 1810 1248 171 1821 381
1728 780 1471 89 555 531 1145 491 417 1079 1618 950 1728 1455 632 490 1590 34 239 281
143 673 626 344 173 1051 633 582 1526 935 1654 639 1306 402 1822 181 1336 904 111 1776
36 1752 63 678 1140 1232 1292 320 1436 401 1011 138 1217 1189 148 421 1567 1742 601 610
1619 285 427 81 1224 717 390 840 368 1771 172 917 1486 1723 1592 246 1829 888 269 617
421 719 1012 576 699 1087 530 113 1382 1298 1548 1614 1792 641 1149 659 1478 1343 453 582
1529 744 796 735 368 867 1140 1254 1241 409 1386 1031 1212 1506 80 736 1573 1507 489 1575
259 1711 1647 1784 81 838 1288 840 1273 1529 747 291 966 1182 376 1095 1403 329 1826 39
199 1532 1436 1742 831 426 585 665 1543 1406 1061 1383 830 834 959 1233 322 362 699 358
665 1579 307 150 1467 761 1226 379 1697 374 439 300 911 493 789 393 612 215 1522 876
1129 1082 346 1475 635 560 988 474 975 426 138 1384 174 1100 794 1119 1084 1350 1817 1678
1431 226 80 1078 790 293 1223 1391 451 36 1745 253 462 1245 219 259 800 577 1694 944
1264 1112 648 1094 1529 1784 1049 767 640 1467 1227 109 1237 757 444 1276 906 200 1595 202
591 1426 1061 281 1650 941 1081 1654 1446 317 363 1095 1647 654 1589 103 414 618 1771 901
189 767 1354 1053 379 806 1039 1076 1239 584 1354 143 191 385 479 290 269 855 97 1245
373 25 1167 1542 801 1400 403 731 1070 705 900 1691 607 1669 1603 921 522 611 1420 1074
1698 1736 212 393 221 1428 1538 1429 1436 1612 1243 760 1359 305 495 351 374 1211 942 1253
1751 1071 126 1278 1287 658 93 26 1496 1832 284 1228 46 481 238 508 1551 262 1739 1679
359 1449 1119 1735 838 977 817 514 570 503 1699 485 96 760 983 1348 1763 440 1612 1592
802 467 172 1087 754 231 1680 590 400 350 432 1337 586 968 127 110 566 814 1153 792
1075 48 1292 1132 1716 1815 860 1765 1197 1266 1761 704 1421 1190 1658 539 1506 962 900 987
36 38 1025 652 217 1681 1759 918 566 467 1145 885 1558 349 1583 747 1826 1215 555 187
1198 1152 1154 1226 1618 851 921 663 1421 182 729 635 867 1012 1434 1047 1535 298 225 341
10000000 10000000 10000000 10000000 10000000 10000000 10000000 10000000 10000000 10000000 10000000 10000000 10000000 10000000 10000000 10000000 10000000 10000000 10000000 10000000
1759 953 609 1179 1381 1304 1764 662 900 487 1217 1679 739 576 648 1164 1212 345 1574 876
1516 766 1826 220 1125 896 416 978 1685 381 1500 1809 1796 394 1779 1456 1520 899 1684 1282
1784 1443 583 1561 1563 1499 513 1273 956 1306 744 141 1156 781 1659 1026 1334 1043 1062 180
283 992 1343 1146 673 307 170 937 645 340 104 888 297 1504 1135 1501 1186 261 1428 1601
56 1610 772 743 96 1121 1305 1730 1070 910 529 441 1830 642 1625 1014 1224 1366 310 1807
686 376 1396 193 988 670 1138 482 1203 1529 79 882 678 964 46 935 1405 475 1506 256
449 1231 481 771 1757 1016 1534 731 872 1195 1750 1778 474 567 1548 1634 556 227 162 258
257 595 1396 1488 205 1154 1188 547 1726 825 778 300 1288 802 1143 1225 452 994 590 875
1742 1250 1671 1330 446 1679 482 1365 908 290 1211 301 664 1002 987 1823 1475 539 1572 242
561 629 1190 1213 130 737 1056 1756 1404 62 1761 903 346 1402 1069 175 270 1020 1409 485
1598 165 826 543 818 774 1221 29 1294 113 1607 822 337 105 1352 485 1576 1183 1562 1136
186 908 761 71 1479 1247 823 1798 1381 994 1717 1318 885 695 590 649 928 102 377 1653
905 893 46 1748 1566 145 607 1319 1689 317 249 267 1346 1435 613 1609 1204 1660 1096 1349
661 712 565 1298 754 247 1187 446 1055 868 1714 1245 67 465 1420 95 393 1177 1725 1217
1012 1706 434 762 384 1044 1616 850 1661 1234 130 288 1225 73 866 1563 416 880 662 596
1045 1680 1361 952 606 579 1601 645 1769 49 659 1436 1759 1017 763 719 1410 542 709 965
1233 1481 197 737 1641 1541 726 1511 524 235 1709 1101 560 443 809 630 84 1057 1484 1562
852 579 1213 798 76 1414 878 681 518 452 667 1817 374 521 1820 167 579 899 1746 831
888 333 305 793 395 1155 683 889 235 220 815 583 1137 297 1212 1426 146 1169 1087 1285
1120 953 1751 1571 904 1413 1227 106 705 1258 706 272 1030 1028 638 1353 1400 1469 1108 1592
1430 201 690 1582 1059 107 693 1093 1430 984 252 1504 947 1495 1726 457 1581 1168 545 719
1113 164 337 1283 218 1570 869 1393 1644 1456 1439 1692 784 1420 254 428 1168 1297 138 1221
112 190 1145 183 1483 1339 1373 1016 1353 1580 317 1290 171 1611 1224 191 1181 796 72 28
1675 1253 1499 1241 995 672 1825 913 847 1177 290 802 549 483 1186 1225 522 1208 1707 1742
1684 1101 1068 1526 725 815 558 1080 1533 1587 911 1708 953 695 352 524 364 672 248 1469
1303 1604 1108 1615 1410 917 698 568 1110 126 1025 217 772 719 1793 1472 382 1105 306 564
1212 150 1602 734 1122 526 1685 1669 1172 1304 173 1504 107 366 936 1393 94 1214 92 1429
1387 1413 402 644 1547 363 1156 1120 698 1022 1633 584 1009 505 506 1220 1648 299 674 498
1489 1355 324 280 1252 658 1661 1490 1150 1126 575 1814 31 890 1590 603 1089 842 841 860
816 1395 518 1083 1208 1454 1370 1737 566 1601 233 1754 107 834 432 1083 1460 872 208 31
1059 704 197 1633 120 1060 526 1576 1005 1813 1506 281 1614 264 1769 1686 347 1592 53 267
1123 750 1345 195 91 1369 1088 1801 1116 1532 668 808 1467 1300 1125 396 1305 73 1758 1640
183 933 1528 669 1713 1612 1616 784 1665 1090 1115 1650 1062 643 308 1234 1295 1555 90 91
1306 1802 1173 1159 102 1458 664 1617 984 637 644 410 808 1209 621 1764 922 41 620 456
1257 57 830 944 1105 1770 705 982 1536 493 253 1764 1239 773 948 1542 1457 425 1737 73
1248 462 101 993 1265 759 388 1217 563 1229 610 1030 1673 728 558 1770 292 46 186 1777
1109 54 784 1486 439 694 850 73 1702 1419 560 197 1300 296 355 1116 38 237 315 1087
42 954 1423 429 80 1103 1413 392 237 544 679 1696 1523 560 190 26 1253 817 1093 1658
1319 1090 439 1333 106 570 1036 1135 1568 1637 325 127 1409 30 850 1045 1428 1621 481 1143
1811 862 639 1181 1097 395 1210 1196 1360 298 377 1598 1128 836 1648 107 1613 787 1083 1529
189 1658 287 1775 450 1740 581 597 481 1046 1785 1517 941 1611 91 1529 1729 1504 261 1579
814 1246 1731 958 1093 96 969 145 1411 992 1759 1466 1157 553 50 407 960 107 1807 721
138 262 1468 1585 586 842 862 807 123 1272 1738 565 1092 62 842 1510 694 1095 523 1614
1678 331 785 1776 1726 1685 680 1645 782 1060 292 1807 706 286 201 1161 1018 1648 1020 597
1649 1784 340 1746 365 1379 173 1150 1072 1627 287 1492 293 508 430 1730 821 351 1266 1415
947 1288 580 464 976 786 974 781 1760 154 481 1698 813 783 1524 1509 1154 378 1071 1040
1533 266 690 830 953 547 120 449 1039 1441 1553 1137 609 661 1056 383 1421 76 1812 914
525 1231 1672 1039 1699 423 274 491 135 574 1330 370 390 122 679 665 1141 1313 1249 1021
401 418 1765 1090 175 356 1379 1003 740 1707 1427 1001 1744 1503 189 103 1648 942 1427 86
268 773 308 343 1456 730 1453 774 1183 693 779 162 1177 771 543 809 398 743 1273 908
336 1271 1030 562 497 1764 1589 1244 915 1772 846 1286 1209 1045 522 1810 1032 1453 1610 1095
1318 1688 941 1263 725 559 295 343 684 570 24 756 109 955 1101 1759 289 909 1059 557
10000000 10000000 10000000 10000000 10000000 10000000 10000000 10000000 10000000 10000000 10000000 10000000 10000000 10000000 10000000 10000000 10000000 10000000 10000000 10000000
1085 723 874 688 1218 427 1623 1521 318 1606 748 1383 1324 485 1250 1596 111 169 897 1016
1028 911 432 1703 667 1781 1250 596 1642 1609 209 1754 567 897 1032 282 1406 1056 759 564
1246 252 1224 1661 558 962 531 1151 1733 331 1156 1258 1094 1426 842 1000 686 1285 1095 1120
679 668 804 135 723 937 1603 1410 1772 343 319 645 49 1693 1231 835 1395 1518 600 850
451 392 760 759 1320 523 249 1578 1707 311 1090 233 1401 378 1198 343 1069 1481 949 1768
1158 1123 422 1225 132 501 1717 543 443 335 278 1365 478 228 1040 1089 1530 967 1283 1437
580 428 1339 1256 452 538 818 1273 1814 1147 732 1099 589 319 627 1488 169 134 1113 1330
626 1129 523 1667 1636 1608 192 86 666 599 94 1544 1212 1626 902 131 182 1813 646 1331
1662 801 1798 1414 1197 355 1256 685 312 901 648 739 619 668 1239 1799 1175 246 832 1595
1831 262 1720 923 1233 366 22 348 1084 1360 642 642 1798 830 1211 767 217 302 922 1287
864 1599 1537 79 1052 467 1797 42 770 743 1086 1580 1497 919 432 1077 1258 353 1626 849
1247 900 576 683 1832 545 1385 899 1668 882 559 1002 1152 1643 133 1309 1422 21 1087 518
1021 1577 601 468 975 1567 470 1061 892 804 886 806 33 1219 832 1612 719 658 1456 717
315 547 878 1483 1392 1246 450 728 921 752 535 772 256 170 842 1528 400 1541 1661 381
1149 1765 1490 471 376 1043 794 813 1112 1677 121 916 1514 1005 139 923 769 1123 1448 613
1612 755 143 1114 1684 1548 741 1045 300 1215 401 55 901 482 1222 1288 1549 664 675 1812
584 1260 306 1516 1199 1413 905 294 188 761 833 613 1644 1175 448 245 1394 1187 359 757
1345 1196 1551 643 390 204 907 800 1768 941 839 1430 597 740 1069 1253 1236 201 899 496
1661 1313 979 884 376 1647 1506 1656 893 1179 617 311 1099 823 56 449 227 1029 1688 1758
1569 1682 1603 97 136 1022 956 100 1280 595 1615 1614 962 682 1677 1430 1702 514 103 1639
1086 1709 441 979 415 1556 484 1769 558 710 1442 192 449 652 937 358 43 617 491 1557
25 727 1357 798 829 541 121 628 248 430 1273 1207 1607 646 1003 1713 1549 962 1736 1091
582 926 1428 158 1783 121 151 276 765 676 1160 44 562 1286 353 1833 682 267 909 962
1783 938 803 383 640 911 86 109 244 435 742 1110 407 52 823 1769 769 1113 1750 1069
1727 1150 1783 422 1438 1434 1812 466 1766 675 1295 801 240 54 1225 221 1165 1767 270 1470
1671 48 1720 408 502 816 341 1832 213 408 1460 615 1414 135 319 266 1266 1329 1809 1704
156 1004 360 150 1489 496 580 1201 421 477 1745 743 993 756 788 203 1362 1039 656 114
1093 1804 418 1678 485 1821 258 30 1262 188 717 146 475 1366 421 235 152 1112 152 959
1688 911 458 155 661 758 1578 1395 303 928 86 1311 678 453 1647 1195 1420 870 502 886
809 212 1345 1670 536 783 1117 970 907 722 845 1547 1154 1493 1116 800 1134 192 1659 425
282 470 1044 1744 734 22 1121 286 1126 317 231 511 393 1671 1081 1499 1006 441 182 1065
314 595 633 1269 1367 1266 1594 171 1690 1691 171 573 1445 661 282 245 1132 1550 894 1017
902 1560 1217 471 134 148 1458 834 864 168 360 1681 286 1531 328 95 323 1347 31 1274
1149 189 626 118 297 477 1803 64 1542 658 1191 205 1411 35 282 1257 1686 873 353 131
919 1651 126 954 824 925 1438 1523 591 91 871 360 1208 1020 1126 376 379 1069 1393 397
1830 1249 1682 391 1615 29 758 1048 1327 333 388 582 1113 1431 1373 538 1640 579 1201 192
1190 1155 170 1271 191 529 338 1517 1171 1658 669 1561 1562 1558 483 192 806 880 401 208
379 1590 615 746 1417 1289 639 1684 1443 1081 190 398 934 747 761 64 627 330 653 242
1468 505 1183 1568 1743 960 24 1543 1704 224 603 1455 542 637 1643 36 1473 1747 363 517
799 415 821 475 1557 1754 719 1740 1278 1466 426 915 917 654 384 1158 1095 888 28 1251
329 112 1322 1215 926 521 1317 774 542 1119 50 1273 1071 402 1806 867 182 1726 1284 1212
944 1385 614 1271 1387 1214 452 1200 1695 1397 710 1002 1299 919 234 881 1251 27 176 1363
691 635 948 820 638 1110 1028 119 1613 1069 146 309 1401 1486 241 378 97 442 152 492
762 1259 203 1768 1728 291 453 500 416 90 1386 733 748 1813 728 1779 79 443 765 1252
1493 464 561 1116 262 386 144 655 1514 1062 329 989 924 657 667 418 536 695 385 1548
669 531 309 715 1670 652 359 683 127 458 23 190 21 445 814 1822 1392 1680 259 968
872 1073 1235 1006 1394 367 1526 1616 492 186 1370 401 1484 86 535 481 1363 1044 270 422
211 1514 1644 1485 1332 1725 621 209 1651 1244 989 1052 274 1276 1065 832 1365 1268 1812 1155
253 1649 1221 124 102 962 949 1505 35 1016 1144 1112 935 1147 1159 304 244 614 1296 943
1796 191 306 101 555 1534 801 79 528 1448 1247 1356 1636 283 1336 1393 180 1271 159 529
1171 945 1141 477 1353 1205 1596 1178 1333 358 180 761 862 1190 1563 1675 1003 638 1115 1821
1639 1830 1443 265 1490 157 1568 1219 1335 1820 794 970 465 1772 1232 213 612 956 1480 1336
10000000 10000000 10000000 10000000 10000000 10000000 10000000 10000000 10000000 10000000 10000000 10000000 10000000 10000000 10000000 10000000 10000000 10000000 10000000 10000000
194 1390 384 39 1366 451 1694 1185 1697 1723 187 1281 659 1611 1518 1426 570 357 732 838
1422 225 1461 238 1607 587 1213 1000 1170 1782 570 72 1102 741 1785 863 1804 1347 1036 272
1639 828 1130 1629 475 1828 1737 1833 948 1677 1780 118 695 1058 308 1413 1303 1008 308 699
1509 764 306 1419 562 862 1167 1672 1553 216 614 783 180 1558 1578 131 855 1615 860 608
140 592 242 348 390 268 536 1098 585 715 1215 1327 23 963 1231 251 1467 1096 581 581
230 1419 673 411 95 457 579 248 642 879 1299 1145 1367 918 148 956 392 580 553 185
1128 1654 487 137 151 148 801 124 1641 1520 1362 390 574 1057 83 265 96 1627 1280 1770
391 283 592 1453 1251 1806 415 1680 763 1182 424 226 1260 100 23 692 803 333 497 553
893 1745 1590 785 326 1597 1453 1123 1122 914 42 214 1362 1037 190 615 1346 1532 716 1507
1265 906 1213 1382 1137 80 1760 740 1587 789 379 953 844 280 1604 116 1210 1250 1815 789
1255 1505 506 583 214 1395 1169 1635 1230 515 181 1694 825 1351 788 1208 818 199 1364 176
1519 1553 73 961 1608 428 1700 99 620 964 1734 1048 683 72 242 855 706 208 492 1052
1665 200 1633 381 491 100 929 1221 1616 1104 430 685 1408 1208 917 1574 404 473 849 1310
74 1300 1229 1739 121 157 1744 1327 456 1324 1676 650 1633 312 524 837 1376 404 728 929
297 1041 1522 944 281 1656 406 1292 695 1087 508 1320 507 304 1128 1572 1662 585 98 1607
826 1467 997 461 790 1532 749 1494 49 993 250 1092 214 1033 1265 25 485 1830 445 1350
25 803 1713 1048 39 334 1464 1352 1398 61 1587 1812 699 1452 1502 1261 779 1786 611 1613
1425 1754 391 1764 192 1359 1593 1801 1144 1295 799 561 1391 1421 413 1022 998 1584 47 1792
695 293 157 697 1310 1590 907 1597 869 1244 423 453 1475 1383 1208 710 276 491 1731 355
386 280 687 1162 1636 1148 1071 985 606 497 1460 725 209 274 668 505 935 618 124 947
1498 1666 1778 566 1155 1604 1609 1628 1153 1442 1042 1486 1449 951 1438 912 1712 979 664 1712
697 637 685 1042 1140 1782 1465 603 578 1582 29 659 433 897 1754 745 1768 269 433 649
1011 645 1411 1441 1430 1192 697 457 791 1072 1727 1304 1629 952 1029 1169 77 1490 525 1577
576 319 422 1577 1048 703 1572 1193 1311 254 1076 1482 201 249 289 1804 1355 998 1274 439
851 1568 479 882 696 1389 1784 1673 1645 1515 212 602 427 1454 503 1621 1727 734 917 1328
1199 576 1750 1447 368 1646 117 1473 1252 726 1018 75 330 1159 474 1702 836 1728 1641 419
1458 171 154 883 353 460 370 1265 1323 929 801 209 258 1308 529 888 698 225 986 1334
1180 540 54 1005 1468 1692 1255 1729 1219 1590 1747 527 863 1219 1493 63 527 188 395 1643
347 1014 1601 1286 1168 1540 1366 745 1666 1612 291 1400 258 755 1471 555 1119 881 1175 530
1148 760 1510 1719 1190 808 83 907 1654 1747 1273 841 464 1345 923 719 1392 1289 1346 599
1315 1299 1381 482 1127 1607 193 270 1473 958 1467 1806 931 240 1197 970 515 1564 753 1056
731 865 389 410 1229 919 929 344 215 32 1655 1721 1217 222 264 1746 275 358 1013 1249
301 316 433 1049 188 88 1079 989 350 505 40 602 431 1308 198 101 237 568 1077 1561
827 1351 1462 1391 515 1793 1248 956 956 503 1315 387 949 1443 341 1552 643 730 1406 191
575 1833 170 890 1101 1176 488 487 1191 693 298 1032 922 1827 784 53 668 35 583 1597
399 402 369 492 1430 207 1648 1639 1106 1201 500 104 1543 1436 1010 311 1762 356 1435 147
136 573 1314 354 70 33 1784 724 89 968 1605 971 907 240 503 1750 443 1213 1338 1446
1710 192 1212 790 819 709 252 806 1512 288 556 55 1472 1156 863 1494 244 783 900 1165
1532 778 24 1180 1130 1060 667 940 897 1816 1183 1036 1137 659 152 343 371 384 142 1097
57 465 1074 1272 1554 265 1011 508 358 1217 877 1078 139 1123 924 577 1103 938 159 1466
784 1244 1318 352 574 1233 1738 56 970 226 690 812 564 334 257 1373 895 1045 1613 237
1421 1198 1457 526 1414 1637 156 694 287 845 419 1197 409 395 943 1380 122 613 1244 296
266 1096 272 446 1038 1157 221 439 72 1233 866 553 1588 1313 829 529 251 1769 1768 553
752 1588 524 762 1435 1321 1370 1435 597 528 436 1549 102 149 1202 1274 130 1665 641 1145
1025 1242 899 1235 972 623 1812 1597 1070 239 1540 1107 1597 663 95 119 862 1316 66 239
1173 861 241 826 140 762 1275 296 113 514 218 1453 26 458 1693 1672 347 903 1307 1115
280 431 439 1396 220 599 1206 725 1014 1145 498 242 1304 1787 885 485 1100 1107 42 1270
654 1761 1523 542 435 865 341 305 1602 965 1061 918 1203 59 992 172 708 1492 52 266
972 1289 586 105 452 652 919 1745 1528 1274 895 667 1264 319 823 1644 1206 101 92 1604
1416 1359 1547 324 1058 167 1684 622 296 1210 1452 1365 1791 1422 1493 523 480 1623 1502 1641
1301 504 1079 1434 770 1131 354 1075 654 1328 1155 1224 791 562 1569 1403 486 1037 126 1021
768 495 552 825 350 559 1594 501 1169 469 1277 1157 332 642 1110 1389 656 1648 1721 1119
10000000 10000000 10000000 10000000 10000000 10000000 10000000 10000000 10000000 10000000 10000000 10000000 10000000 10000000 10000000 10000000 10000000 10000000 10000000 10000000
786 273 271 1265 1310 1269 601 599 1102 1823 1532 219 148 1579 235 1571 705 1515 1009 1394
570 904 1521 1747 477 122 320 605 24 311 213 1219 1100 42 1035 547 1014 184 328 1700
769 769 662 1290 254 858 710 250 1265 1627 453 544 1744 428 164 1243 1154 1769 1242 1222
299 406 813 184 1151 64 1135 1054 998 256 587 99 299 1350 1792 403 100 1587 885 55
1364 1615 1545 1564 441 1187 1808 1830 918 1222 1564 1530 508 1321 1354 1284 235 639 1320 328
1114 1216 75 1018 1693 1792 1553 1113 533 1343 1535 1096 1672 260 1059 1761 1623 627 146 851
1673 1681 1689 78 437 434 765 1708 860 1039 797 740 1414 1083 1561 1449 1675 75 1042 1142
83 1238 1261 446 1127 650 1698 1474 533 1077 765 716 1187 184 1296 705 879 279 887 52
783 1035 1462 1024 653 332 1197 1522 1015 943 627 1033 1143 1809 360 716 410 391 1169 623
1091 181 804 1681 1446 1277 23 1037 1351 368 92 1540 1484 1651 820 1651 247 1192 1724 191
1264 1238 671 891 1252 1091 1220 1205 493 1051 591 677 1580 715 567 304 1351 856 1116 74
640 1118 1639 791 802 628 244 1481 1552 1618 812 552 459 529 1133 999 822 1731 1609 1371
1465 1517 1309 247 630 867 252 359 1090 1542 1185 128 895 1330 1194 1238 854 1542 1419 348
1587 45 440 1338 924 627 604 150 1785 1091 744 1393 1528 986 638 641 1043 1678 1292 1747
1623 421 37 1090 924 1013 628 1541 1102 1799 976 1588 760 1215 1710 125 559 1487 870 364
1044 410 331 537 677 316 199 977 1657 1405 631 1530 77 1723 139 1071 821 427 1051 823
1445 1290 346 1424 440 949 1549 155 898 1780 1091 721 422 1681 1530 1163 149 963 1529 1048
1059 728 901 1218 1461 1277 1148 1222 1117 1083 498 1743 1528 631 532 657 55 23 538 1311
636 1809 723 694 506 1684 509 432 1676 1585 1203 65 1188 1745 121 532 1093 60 1612 1380
500 831 1639 660 564 1653 404 216 633 297 150 548 292 1185 576 1638 905 463 1280 1649
1520 333 1535 371 128 1547 737 1086 1679 1312 1174 880 328 661 71 722 1682 103 1727 242
1619 380 1131 671 1500 600 137 1356 793 23 505 658 1650 525 935 318 1829 746 1674 557
819 930 1119 1548 166 368 1527 1414 1616 578 753 151 997 955 440 1204 531 416 65 96
749 443 167 1273 1686 320 623 1195 1248 130 1269 51 1027 957 1023 437 373 107 535 1562
1118 1337 301 1249 733 180 1011 844 1034 487 645 1496 1669 329 271 1302 1105 1038 1630 1006
1742 1410 1185 1745 546 1420 637 629 660 848 1269 1679 1605 1210 636 606 1022 1253 303 1003
1708 151 378 119 1349 594 1666 710 952 1738 1096 76 1647 999 1510 1133 364 735 151 1682
740 672 1690 731 1138 698 1636 1505 1792 974 359 267 811 916 1202 378 1286 803 1352 582
1271 69 1065 1473 1477 779 361 260 1111 345 1439 676 1659 1417 1109 514 1734 1289 1052 1820
74 966 107 704 469 252 318 511 125 807 803 68 1645 1718 1094 666 67 1030 918 725
652 939 1153 930 580 604 1627 1470 858 1402 672 760 1352 536 615 1459 1262 1649 435 1777
1042 437 1016 435 1729 1232 1817 1098 1522 1028 1290 1415 387 632 931 560 820 1367 358 1074
862 925 291 1528 946 1685 870 1678 689 258 504 543 231 329 1620 1697 1182 997 1341 1305
1266 1234 736 829 490 1648 1435 1097 88 1173 152 231 1062 890 1638 1824 337 1581 1099 1330
132 1121 643 695 975 703 1603 928 1817 1509 1101 1638 1250 941 1412 1831 1236 951 378 954
1202 1529 1216 1271 250 1592 1815 460 432 380 1200 321 864 887 1677 91 616 1494 505 1167
1404 1009 63 1024 727 1061 1005 671 1670 1394 986 1472 87 1225 461 1692 350 1171 1549 407
1587 591 1018 1214 103 1393 560 1007 368 1597 1433 334 48 1009 881 1205 187 377 477 1192
60 853 1538 769 1165 1048 331 1661 723 390 1281 1748 817 278 1793 1614 504 1041 775 889
894 1505 698 1020 1069 1659 1122 187 529 663 1157 544 42 1259 206 1088 769 336 386 1403
1079 968 1673 387 453 288 1435 1403 803 997 1346 734 766 1436 167 79 572 439 93 1762
778 1305 577 1706 1402 422 764 1446 1363 1785 1446 949 1617 767 1751 126 1552 1722 74 529
220 302 262 1045 1603 1238 1412 1090 1303 1499 1813 781 1443 555 1561 306 1273 1783 273 1642
669 837 31 1531 1019 452 687 535 136 241 1177 195 1114 44 1323 601 459 1384 386 925
33 1332 1086 1444 928 1512 420 1484 244 746 1781 181 1520 216 782 220 1680 743 511 1083
918 404 1626 393 883 1496 749 680 42 609 1752 860 47 1532 59 1017 1441 1059 965 450
1327 1104 398 1134 1500 1189 746 1505 1254 719 173 550 1391 1740 1351 1515 1747 818 1251 269
1065 1601 887 1079 1548 1753 85 295 1130 317 1383 872 1377 1429 1156 1029 1362 40 390 1588
318 838 1554 674 1559 215 1500 218 1136 1555 1781 1102 526 861 86 1443 870 1450 453 1551
771 1326 511 175 1447 765 1233 233 1473 418 1429 934 216 1689 437 644 1831 1820 261 1676
1324 373 1657 385 1414 426 1711 1495 1377 932 1184 1411 1087 518 1832 958 204 432 1011 640
1019 1751 477 1342 1784 38 559 1782 1764 1654 1060 1594 519 1332 1446 736 1378 1020 236 950
10000000 10000000 10000000 10000000 10000000 10000000 10000000 10000000 10000000 10000000 10000000 10000000 10000000 10000000 10000000 10000000 10000000 10000000 10000000 10000000
509 366 1029 645 1444 1494 264 388 1213 1337 1697 624 464 1009 1539 1154 1320 81 978 1436
683 1805 1401 461 550 1019 99 251 648 740 382 1182 1508 911 486 378 1717 1251 848 694
1718 139 744 1776 686 469 1409 1549 1371 472 361 491 1024 1400 863 1341 1061 510 812 1645
1337 411 384 980 1187 1176 147 345 987 1624 1588 1295 715 1466 482 336 856 570 290 543
1040 473 725 831 821 887 320 988 266 1378 1689 1146 481 746 1326 1571 643 1168 340 1220
152 1375 117 1664 66 86 1700 521 144 340 681 1174 125 917 1452 720 204 888 966 574
795 902 1795 1337 60 1289 358 557 551 34 98 992 113 221 406 1043 1154 1023 817 89
937 1184 220 179 387 1633 568 233 1058 147 1493 1119 879 952 602 98 729 612 268 488
421 1295 1287 1247 272 800 1734 1386 1617 1236 1351 275 601 1441 1747 298 836 669 995 408
1079 1110 1281 749 225 1779 871 717 1752 622 1391 1348 392 875 212 1797 458 458 436 912
1123 710 501 1159 1488 1082 240 1333 1092 62 1496 188 1418 1230 129 1172 1209 762 953 775
1264 1590 1368 265 63 657 1704 799 1295 659 1609 807 1361 673 191 1519 1556 265 35 26
1817 880 1574 1135 1352 650 1400 497 354 1032 790 1710 35 914 423 1212 898 1678 1498 99
235 890 36 570 1008 367 376 426 1381 632 845 1470 1103 1689 1748 875 1524 644 583 162
1534 939 550 324 501 335 1203 1663 246 745 534 1594 748 1713 1211 88 117 1683 154 470
884 1683 947 1532 613 1805 265 1221 766 1592 346 140 1783 1458 640 509 1791 1585 877 503
1575 710 29 332 106 471 946 37 405 186 89 1256 1132 1092 717 1758 247 918 1434 1657
693 989 501 871 845 1192 1271 1727 1805 195 635 92 399 633 1201 613 1676 1109 1371 1694
25 1794 1242 1259 912 343 1742 1286 1252 1735 452 560 50 1739 778 1520 431 50 901 762
97 1372 1288 1383 811 810 1129 212 357 1519 1311 1153 1595 1580 1185 911 447 134 811 1737
445 286 535 546 1553 461 258 267 1605 1572 911 1400 1255 674 293 111 423 143 1682 1215
1390 298 1021 346 1399 1081 542 1793 584 833 836 706 682 1011 726 1188 98 621 911 120
1070 1561 459 222 128 1316 1753 1638 1052 1824 1267 1548 925 1114 909 1657 1596 1040 647 388
789 1764 1041 1453 591 1425 1072 1288 1057 658 1306 1131 312 893 1439 947 371 1635 1125 546
1645 1650 1120 1825 1653 643 1028 1186 164 1268 1299 1028 708 544 100 519 1064 1055 264 240
1210 1143 308 132 144 1150 487 36 1587 1141 667 988 546 515 826 1078 794 130 1633 1587
1673 629 1656 1466 1524 409 1260 1055 554 624 1390 354 1239 1047 625 955 1253 531 419 317
863 1697 385 619 373 21 482 1401 400 931 616 1405 247 1603 931 427 557 691 854 1594
1727 847 169 64 385 354 729 1114 1166 1647 703 103 402 606 1649 1471 950 1596 557 625
1644 73 795 721 169 1715 1664 1359 585 433 232 941 196 979 454 806 472 1404 153 1212
1740 1755 84 816 760 1182 845 147 183 1756 812 1038 1386 914 1043 1011 74 844 1490 1010
1741 52 1825 763 1339 1086 58 1018 58 1186 1244 975 1290 1776 1686 414 121 866 191 624
390 999 782 283 1109 905 781 1118 1349 555 1408 1485 314 1582 193 122 1661 642 1521 974
1120 1327 325 859 1726 1521 1295 1130 1351 1818 846 214 600 688 1421 503 566 156 670 1097
1708 1124 1575 1426 680 344 1268 1396 1285 1586 948 155 738 1171 1478 1290 1022 362 1399 1645
996 608 859 743 298 322 532 30 1569 1150 635 1166 1440 327 359 1235 1636 1318 1225 698
212 478 1121 441 1152 459 92 1395 1819 162 1657 313 747 1034 1413 839 1599 1637 578 248
1071 1079 207 770 1334 788 1751 491 1006 96 812 150 1002 967 1537 1210 453 1097 1273 575
871 271 171 1751 1260 1376 280 1431 1337 1612 1181 572 1601 278 308 623 823 1653 1000 1512
630 182 1568 1572 1566 1664 1125 69 1096 476 573 885 1784 424 1171 320 1239 31 1406 785
1169 1387 1822 1559 975 1556 1347 1042 534 314 1154 1415 482 931 349 144 57 441 197 453
429 524 449 42 1807 1647 701 1300 1219 295 886 949 116 707 711 1056 1583 519 205 1390
285 1535 1665 1359 921 443 1266 121 1301 310 82 1756 1539 1790 62 462 200 1166 166 1539
1445 853 150 33 1709 351 977 228 305 250 1128 1088 332 1585 1499 123 1800 1027 778 58
745 311 1512 1012 1795 1323 610 889 1749 1010 1735 1572 1508 1783 1690 1152 780 1145 1257 878
1148 1387 1109 1679 796 1417 1710 1076 342 926 607 370 110 451 946 922 1273 419 926 1283
907 734 76 1732 303 928 248 1272 434 1109 1567 1338 1347 410 213 251 1305 1805 898 1098
1349 1413 925 1521 190 1823 205 726 1797 1802 1023 618 223 863 485 427 513 1712 605 491
1124 1735 1456 1682 1492 1735 1171 757 1624 873 1163 1088 579 1034 1182 284 399 452 1394 799
1583 1751 1182 30 159 339 1626 1301 1411 521 1652 515 171 461 1580 1194 804 1776 267 1425
989 725 782 210 1785 560 235 170 1094 1301 452 324 1640 221 236 830 820 987 1791 863
1303 1666 1795 1501 1134 1642 201 161 1795 702 1429 1359 89 510 338 1785 1192 1254 470 1331
10000000 10000000 10000000 10000000 10000000 10000000 10000000 10000000 10000000 10000000 10000000 10000000 10000000 10000000 10000000 10000000 10000000 10000000 10000000 10000000
836 1425 722 551 1130 1425 1591 1690 492 1210 1660 437 1001 853 493 1627 1639 1050 1402 1399
1079 1295 125 960 1204 751 1104 294 1538 695 1037 196 1229 264 1432 524 680 899 1304 807
612 1061 881 1257 410 994 778 1573 1318 1329 839 233 696 909 1257 1025 1796 1043 494 615
1816 613 1575 952 1745 1239 1545 718 1085 1066 138 607 1790 1476 1088 402 1705 1550 504 513
1783 487 1517 901 1310 403 1229 784 338 487 1573 1582 1368 1062 1579 741 1687 43 249 1788
215 226 1512 818 550 613 1727 231 1090 1378 1429 1139 498 1197 940 829 963 72 1670 850
1229 925 1167 1538 302 1376 40 436 957 1670 172 408 1763 874 1262 1425 513 1032 828 1737
1084 1486 978 1322 928 583 500 652 762 248 69 1503 451 1593 328 710 320 1108 909 444
1765 59 517 144 210 348 303 231 949 727 1146 1567 659 1394 269 1786 1477 189 799 1225
925 1458 1805 449 1282 1026 1666 697 492 1753 250 767 118 159 1283 1568 1495 718 1114 242
688 811 1177 1768 1562 336 1740 144 497 1690 1046 638 1822 1620 1791 1264 677 984 660 1264
1732 1572 289 313 1662 906 1778 247 901 210 285 1088 1278 224 1555 1823 740 1718 1809 1532
342 865 611 1387 1715 1045 298 1138 191 593 1022 1830 851 1347 635 1377 1001 1611 468 1125
1506 925 1568 1683 940 912 1565 1036 562 953 491 1488 1209 1566 1567 1641 879 314 988 1683
1708 1103 928 895 1289 962 784 466 1507 1314 434 1047 1295 147 33 522 88 461 1781 1744
1035 1786 1743 412 1651 1581 824 287 186 174 1141 649 1691 959 602 1811 1575 1050 522 923
1296 890 576 997 1540 701 399 1215 707 735 892 691 744 777 1779 262 1060 1797 150 701
1063 588 1223 190 415 1011 1727 77 1676 549 809 1419 498 1002 1795 102 392 682 106 347
593 899 1062 452 146 1185 1597 1065 683 1788 1055 1314 288 638 728 542 506 1456 369 293
46 530 442 197 1747 1768 1443 1725 926 353 213 218 384 1227 724 1759 297 1087 71 663
362 357 196 522 375 300 134 838 792 1213 1287 282 1131 258 138 357 1830 328 1150 1133
1631 726 321 942 1471 263 1488 1138 916 338 1293 728 1811 118 1816 1544 324 1299 395 498
1244 246 668 1146 1320 425 482 156 1084 1575 763 572 375 873 234 611 202 712 225 861
412 1284 1366 1831 219 1169 228 247 915 484 304 380 1765 1418 827 1666 1066 622 653 1805
601 1373 1364 724 1028 1279 539 44 1622 1701 182 281 318 1763 298 537 1750 1545 1670 574
734 250 1748 1089 1359 1788 1605 1298 990 1807 726 472 359 1028 36 389 841 1092 893 843
1393 611 1252 993 363 162 463 162 610 553 144 556 657 1370 1770 376 261 1508 1110 1619
1598 1327 757 124 1251 1712 28 481 866 1497 1208 528 1538 1293 1266 1334 170 567 1430 125
922 1114 188 1798 804 511 864 298 1492 43 788 416 28 967 925 1598 1228 1745 1206 1169
124 425 97 431 904 150 336 113 640 399 1561 313 737 1155 197 1205 787 1293 1402 1096
876 1802 137 1488 537 1458 273 304 1733 108 292 361 910 1426 709 76 1121 1143 1316 1648
277 469 896 181 1078 1221 351 1271 1490 503 1037 1292 1753 168 1577 136 239 898 1617 1482
1777 79 1212 150 1334 657 819 1199 1524 1418 1199 1083 1076 1517 1366 1076 183 633 1539 926
172 456 425 1030 682 1792 1645 1627 980 489 1446 564 1174 177 710 297 1534 960 786 759
1110 1599 339 39 1129 1416 1051 1208 448 1563 170 302 1766 509 1034 1472 1069 248 332 1042
861 780 268 1802 1532 416 210 1421 332 642 1753 808 187 1396 919 1208 344 1589 1401 864
1051 1810 409 472 210 1331 318 551 272 1092 1518 196 625 572 1571 1708 1575 379 945 1773
86 1474 861 258 356 986 29 582 57 1735 569 755 37 750 1768 666 1184 1197 1690 1246
1459 369 579 479 1101 1561 133 996 1229 687 840 666 1093 1184 346 1396 814 625 1234 536
1484 1540 1491 1509 1373 1472 1085 1713 1769 1210 813 689 510 612 595 59 590 1360 1172 1818
1447 1676 363 1393 927 1235 667 1763 614 1764 1446 1428 1612 1725 1740 1143 745 1310 172 335
1261 1100 280 1575 310 290 787 1091 1198 1548 1539 1167 1374 709 952 783 841 774 1440 664
701 1612 1606 258 1290 1341 1600 1227 860 892 1455 1683 621 289 488 1031 1661 918 159 829
842 1326 1642 1272 247 1392 517 1547 1311 1718 1472 1376 1204 957 766 531 234 706 798 1453
1703 583 587 863 277 711 344 576 1314 1107 108 976 523 1229 1662 1134 704 1832 1007 1114
780 403 1340 428 25 622 103 1415 711 1008 791 51 1105 1476 1660 1195 1159 772 74 1614
661 874 1296 477 162 452 1182 673 682 1242 748 1719 642 275 445 125 1674 461 1559 1507
615 551 1158 1246 1003 1363 538 1628 1155 1055 135 249 957 971 763 77 475 160 1299 731
1065 374 1599 1280 495 61 1172 1793 739 1687 1558 1207 1492 1397 1572 689 315 655 318 672
1066 361 549 986 793 244 1762 1232 1097 1345 1363 1174 1583 1173 812 833 26 659 1809 1283
548 992 1750 1540 1483 840 1405 834 1045 1805 1360 618 446 1452 1160 1577 866 690 644 527
1612 1256 389 954 1719 1736 1480 515 575 673 1696 178 744 255 1491 489 542 1029 790 1552
