10000000 10000000 10000000 10000000 10000000
302 148 184 296 233
199 322 108 245 303
147 265 174 184 147
257 216 137 192 54
202 26 164 121 48
12 173 204 229 280
326 96 83 162 223
125 20 243 43 136
288 289 267 99 10
323 171 81 178 60
114 298 123 232 243
320 256 176 181 83
301 151 137 206 221
245 240 78 262 194
256 301 204 318 153
34 218 53 52 201
26 89 9 318 317
111 241 218 230 238
230 175 149 140 245
46 83 156 294 271
324 65 193 7 247
155 131 185 72 79
140 236 180 273 138
318 25 216 293 225
18 87 119 184 327
229 330 174 58 271
24 244 62 297 12
297 179 161 321 134
110 143 155 177 52
24 278 14 49 329
67 123 256 277 261
211 181 50 152 312
184 288 113 149 319
251 306 177 69 157
303 273 200 77 81
34 311 140 281 141
17 250 13 49 44
178 113 14 235 106
144 156 233 219 56
168 198 199 272 191
105 324 178 192 243
312 250 65 170 102
208 318 250 212 239
89 106 174 48 183
10000000 10000000 10000000 10000000 10000000
203 199 55 321 311
325 312 187 240 88
160 240 292 257 134
190 175 201 85 39
113 243 259 278 253
107 148 52 37 130
303 284 133 232 277
235 137 104 152 91
103 59 325 166 82
300 42 138 231 323
265 36 127 204 253
67 194 11 62 318
254 275 74 308 71
222 118 308 85 289
81 59 253 327 75
258 153 300 183 321
117 330 14 18 198
92 182 83 177 241
45 183 290 267 108
254 186 89 28 25
62 179 185 91 133
28 32 77 72 89
184 326 22 199 160
267 253 193 287 236
195 289 148 146 174
54 77 277 87 89
72 46 285 24 217
69 321 170 95 39
250 65 147 281 220
301 121 274 270 261
102 114 235 41 326
295 71 236 231 240
8 227 319 163 95
235 224 199 330 221
145 321 34 49 209
261 130 19 49 20
309 323 174 133 247
89 100 96 133 326
21 285 251 306 103
198 71 182 47 35
140 277 177 325 31
211 97 143 242 278
299 219 158 149 201
202 204 298 20 27
10000000 10000000 10000000 10000000 10000000
319 235 192 56 260
175 224 108 72 85
309 71 109 192 14
285 182 110 222 252
210 75 98 146 226
58 217 109 78 160
24 245 42 189 136
25 224 58 54 69
328 263 245 250 256
326 330 179 45 203
234 89 251 301 231
8 207 258 292 276
179 280 198 221 121
268 276 78 226 276
90 270 270 48 330
304 123 38 133 219
234 270 265 16 167
307 208 195 149 187
244 290 82 276 297
150 223 24 219 99
222 186 158 245 280
96 221 314 69 168
239 324 156 208 35
166 199 182 308 209
269 136 27 94 319
82 314 195 227 287
210 326 266 306 104
196 106 111 169 304
182 213 7 233 88
330 291 203 142 283
201 180 241 176 322
133 193 118 45 106
320 272 126 22 285
331 162 265 9 275
126 79 112 78 194
59 227 165 16 37
175 104 141 326 19
138 29 293 133 183
183 232 47 254 142
18 295 87 59 230
89 172 240 124 103
308 23 15 35 41
100 271 40 138 256
258 291 330 60 85
10000000 10000000 10000000 10000000 10000000
166 84 145 295 287
241 172 240 153 145
189 81 196 154 132
207 33 97 97 278
91 139 301 212 10
171 100 24 133 63
222 144 212 260 65
134 284 206 321 35
41 140 130 313 142
242 101 90 291 174
83 196 210 209 245
193 92 157 283 128
57 220 15 56 94
83 318 21 314 241
222 244 232 194 327
96 87 220 199 196
99 250 331 94 275
266 297 21 256 45
56 26 206 308 328
141 56 310 228 88
239 314 108 95 137
250 168 231 259 231
210 227 234 260 198
197 272 116 241 125
26 95 148 57 218
189 246 242 14 29
241 51 90 167 41
12 229 124 105 286
111 269 72 92 188
215 222 201 302 145
274 93 234 239 31
73 21 161 117 226
295 302 24 225 145
103 265 130 291 167
106 13 95 10 315
21 244 111 163 157
48 100 284 304 302
210 62 199 69 154
204 61 325 192 200
75 109 7 50 119
113 307 257 124 72
248 127 223 58 231
45 321 93 113 129
122 186 294 77 134
10000000 10000000 10000000 10000000 10000000
224 211 89 293 18
248 316 62 163 115
134 67 247 81 208
194 108 234 100 187
199 79 118 326 141
120 191 18 51 118
292 22 257 291 317
21 50 214 109 294
23 173 102 163 141
289 259 317 319 110
231 72 173 134 306
241 44 204 189 317
19 113 280 230 156
286 62 213 93 223
56 144 259 263 291
23 253 28 127 209
262 239 164 183 235
321 80 202 78 29
281 158 155 244 260
109 183 57 12 155
171 52 135 43 92
55 95 330 20 260
7 330 270 65 316
194 81 68 94 55
259 11 212 36 126
268 218 165 11 136
137 163 227 318 309
39 231 7 65 307
66 298 293 282 104
125 173 247 269 172
227 129 211 90 16
90 59 54 54 63
163 202 200 323 236
251 172 147 188 288
195 32 52 52 131
55 184 254 288 64
131 132 141 190 190
146 18 59 196 187
51 153 215 317 163
78 223 244 198 130
223 273 8 279 153
330 322 104 256 79
301 289 148 325 100
30 55 25 313 259
10000000 10000000 10000000 10000000 10000000
95 42 162 176 210
60 259 216 269 285
33 268 256 20 42
134 208 315 93 282
229 158 106 224 207
246 107 253 178 186
246 210 33 229 222
147 290 22 26 249
327 146 120 305 106
75 299 17 105 302
9 182 217 274 330
52 205 91 228 251
218 224 177 52 300
180 318 10 64 101
96 8 296 291 156
219 170 100 34 322
55 180 247 244 292
327 79 73 156 218
200 68 310 11 151
147 46 128 277 316
294 103 234 326 19
326 139 114 54 157
147 154 185 136 295
291 118 152 178 265
111 52 40 238 91
161 326 195 122 242
194 280 55 188 28
300 23 81 238 130
253 187 292 233 175
49 120 112 155 150
283 79 26 206 215
32 39 117 241 149
44 115 142 245 159
317 223 169 285 319
32 14 248 324 151
77 34 75 91 159
29 85 254 167 108
86 116 168 146 82
199 318 270 260 57
323 229 329 187 121
315 312 210 98 288
189 270 260 158 215
158 258 193 194 299
313 261 267 330 163
10000000 10000000 10000000 10000000 10000000
67 95 144 162 167
228 29 293 110 298
330 168 228 303 314
134 185 34 56 54
128 98 101 113 316
98 229 295 49 25
150 58 17 104 264
301 76 22 312 71
131 319 209 219 221
41 325 49 23 41
187 215 9 39 110
240 101 63 67 232
118 16 153 30 128
25 170 281 232 21
175 229 296 302 206
216 167 64 172 91
235 196 220 274 90
75 281 83 24 204
87 311 27 293 43
88 206 143 92 59
134 137 299 251 125
136 200 209 79 45
56 169 114 262 140
81 230 226 326 65
67 275 137 97 324
193 198 18 45 138
208 295 151 196 50
245 313 22 274 71
45 237 20 196 235
249 61 248 194 256
313 43 326 211 26
22 312 172 262 183
220 191 175 183 37
146 167 302 9 12
9 284 151 313 201
43 189 12 196 303
306 230 82 43 241
187 263 216 274 293
289 273 276 46 114
93 260 178 151 149
19 213 105 288 324
313 256 206 68 232
99 256 254 20 124
36 114 39 297 319
10000000 10000000 10000000 10000000 10000000
226 29 48 280 209
226 44 29 123 20
10 236 79 56 329
274 228 77 67 115
139 69 299 264 326
79 63 194 163 98
35 315 250 157 291
294 288 157 102 311
30 164 118 319 12
27 180 102 57 247
162 271 254 296 308
38 9 55 242 281
179 284 289 23 102
222 174 269 84 81
202 128 62 72 206
31 222 43 102 120
127 270 292 95 282
300 40 201 88 69
121 200 78 165 62
160 103 105 145 171
201 287 165 287 8
64 140 224 132 159
118 8 311 305 313
27 96 189 132 319
302 94 154 230 311
166 141 127 245 244
157 141 263 320 328
153 129 149 192 218
169 21 220 156 274
251 140 17 128 93
262 284 203 180 111
21 31 318 145 81
262 138 22 306 39
94 247 95 304 87
190 164 268 177 53
329 108 75 22 282
34 235 330 160 185
47 312 29 137 91
59 234 195 157 256
146 232 322 135 168
308 216 48 288 194
68 108 244 121 282
25 101 295 248 245
232 177 174 200 105
10000000 10000000 10000000 10000000 10000000
55 177 297 90 264
105 259 51 94 137
72 130 263 42 215
155 162 174 146 36
158 130 106 324 165
105 53 303 251 29
184 122 155 20 87
272 75 166 235 154
180 307 298 18 310
57 250 132 231 28
281 261 325 101 274
180 52 145 47 298
137 294 189 148 127
123 159 264 220 158
154 323 121 202 37
160 10 244 102 10
112 62 282 150 57
253 278 20 91 24
314 176 219 312 17
208 122 79 59 19
293 23 218 17 62
190 148 137 45 284
42 99 117 63 289
130 159 217 300 329
126 282 79 130 102
253 144 177 96 83
100 246 166 147 86
110 95 277 224 298
309 287 21 88 268
265 197 213 306 310
12 270 200 204 193
131 302 83 272 83
115 298 235 146 303
190 262 303 132 61
78 139 245 292 185
246 329 300 37 240
274 273 26 302 186
11 120 169 328 185
22 113 41 241 88
152 262 141 188 78
134 52 133 21 218
295 329 286 306 160
150 31 43 129 242
80 261 216 317 152
10000000 10000000 10000000 10000000 10000000
228 73 150 106 139
258 134 255 121 310
201 47 104 228 141
124 205 208 45 121
87 192 175 19 27
23 161 293 88 74
36 309 216 65 32
213 181 169 15 207
172 45 112 266 195
323 258 178 237 15
278 102 252 85 258
316 257 324 125 26
92 51 276 106 104
164 237 197 38 53
266 102 75 311 202
44 218 245 306 140
15 141 93 190 136
172 127 15 191 219
17 289 43 218 244
196 272 7 81 247
227 192 203 107 180
145 203 308 94 247
297 36 105 83 22
234 73 169 158 120
298 221 330 62 141
18 53 254 190 109
151 189 309 298 256
106 272 68 84 230
225 123 133 77 321
54 320 245 290 307
26 314 134 38 139
12 178 246 125 197
21 136 287 239 72
59 58 172 153 161
77 265 68 160 49
52 48 163 293 302
228 120 87 239 47
61 310 232 137 57
273 149 317 26 201
264 228 308 282 208
98 159 188 35 35
62 221 322 174 222
26 85 14 293 309
38 252 281 85 264
10000000 10000000 10000000 10000000 10000000
296 175 185 305 180
240 157 97 149 198
267 306 113 269 12
227 275 262 58 222
325 28 26 309 35
240 298 58 55 80
179 111 96 78 10
119 40 172 238 61
40 34 23 165 289
110 329 51 287 136
197 8 327 98 92
30 308 122 54 327
173 210 301 327 57
78 29 288 284 20
55 161 9 298 204
289 138 157 50 189
7 117 201 273 133
207 18 55 298 109
100 116 49 288 197
326 227 95 201 93
40 310 54 94 103
16 36 218 323 43
130 265 280 310 111
178 260 179 97 181
271 213 126 135 157
34 221 79 270 306
66 84 55 311 137
204 52 318 282 95
196 275 172 121 273
275 199 148 183 236
56 324 143 108 198
254 54 225 69 297
57 239 12 235 272
176 216 294 317 324
192 76 118 273 131
128 248 166 300 265
10 122 154 224 49
176 220 103 231 231
242 276 95 151 37
216 63 99 186 62
14 241 64 239 215
247 329 95 167 129
200 69 155 15 95
121 154 276 128 116
10000000 10000000 10000000 10000000 10000000
114 274 214 178 69
306 237 115 19 156
210 185 326 163 84
70 32 261 282 229
300 311 314 325 142
154 238 55 45 38
99 31 254 196 306
227 135 72 241 156
248 285 93 260 299
38 299 177 120 258
129 174 325 205 9
12 210 142 180 303
138 153 251 212 29
103 209 231 150 301
41 256 99 85 225
7 158 96 268 157
52 67 315 290 32
244 7 123 96 57
30 250 326 73 57
237 127 180 244 239
330 327 13 331 51
251 301 95 292 274
65 249 281 26 280
102 113 258 258 252
291 70 134 129 111
115 166 129 145 36
65 168 284 330 277
10 54 289 75 46
81 49 67 45 215
196 197 314 247 286
105 56 260 291 99
155 284 87 212 131
324 83 139 318 324
226 217 61 274 67
139 136 26 102 228
191 177 192 284 131
21 282 244 327 179
134 69 50 228 135
79 210 157 167 297
283 221 325 260 220
46 257 96 171 9
130 225 145 100 313
55 72 96 155 138
301 116 107 146 232
10000000 10000000 10000000 10000000 10000000
190 315 186 100 178
134 263 301 314 82
28 283 82 161 72
79 283 316 101 261
33 40 88 175 276
23 242 154 14 186
130 263 328 36 247
293 93 116 101 196
90 248 31 81 256
85 115 48 273 316
140 257 257 43 237
79 101 127 95 186
117 63 275 97 152
107 100 81 216 286
304 323 271 105 301
104 315 313 268 88
68 175 271 97 21
327 210 119 184 267
77 200 92 184 124
161 72 125 282 180
187 49 230 292 233
301 90 77 227 151
202 251 60 192 96
134 226 45 283 263
289 163 112 112 11
111 39 95 212 61
284 124 55 217 75
263 15 12 136 206
188 193 310 275 112
177 276 103 85 73
38 249 316 159 310
278 247 14 129 264
118 298 316 292 264
310 66 308 108 257
7 311 293 129 321
284 320 109 137 251
170 32 181 71 205
284 162 101 80 84
12 240 224 77 117
129 164 329 312 41
70 134 104 278 30
277 198 103 280 54
317 24 300 189 141
248 177 266 21 193
