10000000 10000000 10000000 10000000 10000000
35 189 39 149 277
252 173 226 130 22
305 131 331 48 106
163 194 176 330 220
328 267 140 286 276
62 46 207 166 52
52 172 212 173 141
42 284 262 36 57
198 303 139 117 152
169 316 130 306 262
293 62 171 46 109
151 29 329 248 31
315 109 296 49 199
288 190 35 206 56
225 33 301 262 35
167 148 168 304 150
29 127 230 304 34
235 270 161 301 152
202 319 319 227 212
278 283 327 302 104
297 150 21 255 106
155 204 20 190 19
200 222 22 110 250
133 245 152 215 324
271 78 87 123 84
48 255 322 321 316
43 317 35 22 166
15 234 62 179 329
219 253 43 167 266
165 177 307 143 144
330 309 158 113 287
193 34 277 103 79
248 17 304 181 75
169 329 50 259 181
66 45 227 97 259
228 311 167 326 219
156 253 256 306 113
285 180 318 192 209
10000000 10000000 10000000 10000000 10000000
8 280 157 324 229
208 186 37 318 98
69 184 205 38 317
83 43 86 127 33
267 119 107 221 236
310 148 116 234 288
104 68 150 164 197
264 241 48 298 105
74 100 214 127 208
201 172 280 35 227
162 95 247 229 116
105 164 143 313 25
157 211 158 161 21
309 234 289 166 145
18 171 122 233 46
180 81 217 103 123
51 316 135 99 142
307 170 281 116 208
49 141 13 69 324
158 22 123 121 106
134 248 257 104 29
325 34 193 282 261
72 224 9 70 251
177 34 176 213 241
174 109 15 299 134
195 55 67 83 308
200 178 240 247 64
36 135 187 268 25
268 170 58 18 205
74 216 100 160 67
92 267 272 51 184
286 149 162 310 82
228 31 161 299 119
49 136 322 281 210
194 220 9 31 308
205 23 268 18 142
191 240 75 45 36
73 31 173 72 84
10000000 10000000 10000000 10000000 10000000
298 44 133 237 204
90 166 298 119 236
191 154 85 262 64
167 77 271 66 18
79 322 227 205 33
41 302 259 9 304
223 330 312 292 161
136 202 324 58 70
55 282 225 272 263
315 240 124 314 322
156 15 111 36 81
304 23 171 286 256
184 217 112 292 258
49 293 325 91 97
193 262 154 244 119
132 171 35 73 299
114 195 236 234 48
118 187 165 100 124
156 311 20 264 172
267 309 261 284 175
231 60 219 207 210
140 19 305 112 280
230 169 79 111 19
67 106 108 229 303
149 329 29 297 96
321 76 159 182 89
195 60 320 193 78
171 159 319 271 129
13 109 135 109 25
125 53 266 83 269
308 146 100 306 300
99 161 151 299 98
126 174 197 9 104
106 191 239 193 172
33 194 34 75 58
99 131 9 272 115
21 29 67 258 263
246 301 56 143 314
10000000 10000000 10000000 10000000 10000000
328 64 220 127 172
39 58 222 18 203
210 326 88 24 78
191 307 219 170 310
287 104 231 276 44
139 113 319 300 45
290 115 96 28 13
193 315 79 186 52
11 261 220 154 61
296 66 153 96 12
95 26 68 234 172
14 41 207 169 16
132 276 331 117 65
137 171 114 236 89
96 240 116 222 145
185 19 233 245 201
255 71 85 160 121
301 87 291 21 195
188 235 326 302 22
233 260 293 198 51
275 73 51 289 248
81 175 83 183 186
298 185 128 20 319
185 202 96 79 170
110 133 131 236 324
295 205 143 105 137
90 229 276 137 31
122 321 89 176 154
70 108 250 42 178
182 150 296 187 124
60 140 315 68 202
198 230 206 200 291
183 285 257 75 71
61 244 47 320 24
214 86 139 316 292
112 192 47 132 278
230 107 144 77 87
48 221 133 20 198
10000000 10000000 10000000 10000000 10000000
209 65 96 159 24
176 109 276 248 210
82 112 255 216 263
130 141 166 156 311
307 161 268 95 272
82 243 128 216 331
282 164 94 318 11
269 282 156 48 226
161 209 166 283 318
177 7 103 254 262
300 114 244 72 281
253 165 261 305 239
73 11 31 128 165
193 101 272 166 222
238 229 201 301 235
57 89 275 238 210
250 198 294 235 99
189 324 125 74 63
117 223 320 251 205
146 64 174 307 152
63 326 50 325 217
322 326 287 301 53
55 314 186 324 229
322 277 195 64 229
50 29 166 312 69
296 310 285 196 307
195 196 318 281 73
59 207 133 86 42
33 28 22 301 202
160 280 53 26 117
38 81 318 174 99
111 214 47 64 120
66 55 264 40 45
11 157 66 83 148
233 49 134 107 256
302 323 97 84 300
217 120 323 260 117
321 313 226 298 195
10000000 10000000 10000000 10000000 10000000
47 152 21 148 288
212 293 80 137 189
122 179 92 216 276
212 134 258 73 19
164 188 119 88 229
8 9 75 241 105
171 44 245 123 47
302 250 158 108 279
191 170 235 31 16
211 238 54 139 310
61 79 271 259 284
326 206 109 28 177
232 295 70 288 47
228 323 309 325 53
71 13 160 164 253
250 258 163 218 161
32 242 9 95 33
109 104 55 244 156
299 267 273 154 88
194 130 225 227 252
48 210 215 98 267
212 169 226 225 176
311 57 179 294 218
150 155 23 113 155
166 271 291 93 8
181 200 121 29 43
158 104 199 269 90
84 190 329 227 44
183 21 234 326 44
62 254 101 68 219
187 206 74 152 163
7 39 323 195 107
15 95 242 101 193
109 206 110 137 136
174 149 124 102 181
302 41 33 233 133
91 31 242 299 201
40 92 277 233 28
10000000 10000000 10000000 10000000 10000000
151 52 10 200 8
70 144 213 195 56
139 262 175 280 111
244 319 177 189 223
91 91 244 310 228
100 316 40 207 255
312 296 61 152 239
112 189 129 196 314
155 126 185 179 71
225 184 98 89 159
98 322 129 45 128
294 240 67 43 122
243 102 52 82 84
200 222 326 215 63
257 102 55 258 207
85 192 161 209 129
253 54 265 117 29
109 255 162 28 273
146 72 180 259 160
102 41 249 107 21
209 208 219 49 297
22 53 66 323 58
183 266 327 144 239
324 15 95 317 139
96 162 50 140 263
295 104 24 50 171
160 221 262 102 248
296 91 240 210 63
159 273 228 312 46
38 185 147 289 170
256 72 266 87 207
23 195 251 220 145
303 197 106 176 255
194 94 58 283 83
54 266 285 31 156
63 219 205 84 205
94 243 12 300 45
225 117 99 78 166
10000000 10000000 10000000 10000000 10000000
299 132 166 158 263
267 200 17 255 326
120 39 210 239 256
119 129 244 126 219
99 46 230 269 287
56 103 229 258 133
14 135 262 256 35
261 211 194 288 215
114 83 273 310 312
189 178 114 111 218
265 194 162 93 268
107 162 22 211 49
244 26 314 291 328
76 95 279 176 95
92 194 178 308 263
298 327 35 180 129
9 76 100 93 223
265 103 68 92 130
74 61 246 284 57
299 38 153 154 109
226 116 8 111 97
146 245 178 265 309
262 73 304 46 229
273 137 89 138 272
242 329 309 62 98
10 11 134 327 265
28 220 118 235 104
269 68 138 212 201
250 32 60 31 52
199 45 110 266 269
241 275 192 249 180
320 236 192 177 189
43 61 218 76 37
44 158 274 138 50
193 331 138 138 226
112 134 205 78 34
257 33 289 172 260
132 321 287 8 227
10000000 10000000 10000000 10000000 10000000
245 141 201 218 279
100 262 35 183 297
173 57 269 62 259
204 145 197 301 293
111 75 72 18 303
65 310 76 322 245
143 328 286 262 254
95 141 167 20 174
73 76 237 213 51
28 73 176 53 121
274 309 176 202 198
93 182 135 10 283
83 113 154 321 114
227 235 314 62 146
283 114 104 98 40
258 29 93 241 104
188 296 55 288 294
224 162 262 41 133
327 23 132 180 162
120 244 245 271 35
247 86 164 330 85
162 272 238 21 28
123 131 75 152 15
142 51 203 23 315
290 125 229 121 270
73 168 229 298 127
8 234 122 45 201
245 184 273 80 137
271 24 191 129 233
93 276 323 266 180
114 244 303 78 259
130 162 131 95 324
211 182 82 10 240
122 293 246 42 8
217 42 144 209 297
53 112 278 290 318
204 112 210 292 107
283 63 136 136 49
10000000 10000000 10000000 10000000 10000000
270 95 114 160 294
247 38 188 46 103
258 283 90 27 259
114 10 327 291 212
18 128 215 11 113
154 320 88 296 37
278 163 267 283 315
155 201 247 76 26
185 162 101 243 271
155 67 112 21 319
216 319 74 144 230
202 97 176 127 261
63 167 308 172 291
258 240 253 86 15
211 259 221 278 124
125 71 35 310 189
262 174 82 161 217
175 133 305 169 310
54 235 328 309 45
230 10 110 312 51
99 152 7 230 166
130 167 90 306 131
276 65 301 38 36
295 328 285 26 260
147 297 133 312 149
48 253 195 151 84
114 34 186 107 97
117 71 310 324 132
40 185 325 124 331
296 179 193 224 257
251 181 141 136 187
105 81 130 207 321
14 244 319 36 252
133 178 183 72 123
12 30 28 262 153
80 295 113 43 219
141 232 291 27 53
207 312 246 294 305
10000000 10000000 10000000 10000000 10000000
162 220 233 49 221
197 98 242 64 230
270 152 10 310 305
330 207 322 25 131
129 47 198 83 116
151 16 31 37 201
194 99 249 119 127
287 48 118 139 272
110 277 132 73 299
157 171 44 38 171
64 21 67 204 84
175 270 185 315 177
208 149 98 179 299
318 284 106 150 134
11 91 167 19 68
320 298 140 200 213
135 164 221 30 182
149 313 245 161 203
85 49 221 12 30
46 26 230 166 90
252 264 216 204 310
194 210 89 217 231
91 26 93 73 127
170 155 178 82 304
199 239 143 318 70
97 20 32 304 235
261 42 241 38 7
286 125 220 326 265
43 98 274 173 176
273 77 290 18 290
169 92 167 18 319
205 260 14 279 208
70 272 139 138 55
66 277 125 291 300
125 132 157 121 104
102 94 73 246 104
81 106 87 199 279
299 60 157 39 189
