10000000 10000000 10000000 10000000 10000000 10000000 10000000 10000000 10000000 10000000 10000000 10000000 10000000 10000000 10000000 10000000 10000000 10000000 10000000 10000000
105 62 319 71 216 222 115 209 127 8 209 71 211 308 316 230 290 194 192 297
182 22 191 279 168 294 279 31 114 242 187 8 254 72 199 39 188 92 314 265
121 303 171 179 109 122 220 248 329 219 94 115 65 125 289 245 269 26 255 161
324 127 276 274 79 263 124 243 106 53 140 292 99 237 313 25 124 157 252 330
71 281 230 117 331 172 98 182 71 310 291 57 252 157 260 180 273 227 269 324
103 150 47 85 35 199 71 306 198 101 41 292 49 282 100 251 41 60 32 81
302 53 39 283 226 10 172 160 124 319 82 217 71 75 254 262 56 131 111 11
44 80 28 313 116 20 85 82 115 287 9 214 262 64 155 263 279 297 213 111
174 281 104 142 134 91 184 34 145 244 77 244 108 123 223 31 186 301 164 326
290 138 22 274 75 56 133 312 128 308 283 244 327 21 65 311 59 138 187 35
141 94 113 8 276 182 242 185 79 14 301 38 247 195 257 267 29 206 139 122
155 307 321 271 129 87 173 120 46 279 211 58 282 175 224 200 172 8 128 69
125 9 60 321 44 91 256 218 78 76 123 264 56 231 50 143 190 129 159 178
201 128 323 93 244 178 8 294 128 236 146 234 159 324 62 226 76 228 153 293
89 312 224 138 330 12 318 62 110 264 39 287 101 257 272 27 177 15 319 328
152 159 232 144 169 259 313 158 80 89 148 61 139 51 46 155 311 315 33 59
51 93 217 142 190 22 97 153 258 34 136 154 216 102 174 219 57 150 204 268
282 148 144 227 256 54 328 261 263 76 60 141 26 7 272 77 56 124 183 37
163 30 244 53 142 284 140 215 246 57 62 325 122 56 265 17 132 70 253 29
187 183 197 53 195 148 34 239 36 179 132 31 20 65 305 296 86 82 130 198
12 132 259 82 160 97 54 235 10 331 182 83 269 157 85 302 147 177 90 47
26 326 85 312 132 324 244 115 68 252 75 65 215 226 248 71 193 27 25 167
224 54 284 232 70 299 249 156 179 41 99 218 234 124 223 255 276 71 54 133
127 180 129 36 144 20 300 37 98 116 299 221 66 106 317 271 56 163 49 17
214 28 196 165 79 290 115 182 149 129 73 83 164 136 314 192 9 219 73 67
91 301 291 150 151 106 293 166 128 39 254 99 122 256 177 196 159 115 95 113
236 30 233 135 298 235 81 275 61 34 254 40 264 307 130 124 186 199 59 7
72 246 218 232 16 104 185 314 35 90 241 111 39 240 84 59 110 11 62 23
83 144 275 198 45 133 133 252 148 266 307 93 86 87 302 151 196 271 173 235
170 37 29 213 254 289 76 213 126 93 289 328 316 88 236 87 252 7 148 189
210 219 277 25 28 167 18 283 236 102 137 43 74 247 318 133 23 41 223 257
85 54 279 19 297 183 295 295 37 106 298 142 221 69 268 33 285 300 75 65
38 73 79 187 27 76 207 199 328 129 132 307 288 85 32 237 41 160 112 157
10000000 10000000 10000000 10000000 10000000 10000000 10000000 10000000 10000000 10000000 10000000 10000000 10000000 10000000 10000000 10000000 10000000 10000000 10000000 10000000
163 288 80 291 159 60 56 65 313 200 16 270 297 71 36 268 317 211 270 182
308 288 131 156 121 296 282 146 227 184 331 328 270 69 310 224 133 29 237 294
173 326 166 177 84 86 284 258 153 178 24 137 295 180 208 150 64 195 33 125
20 136 68 238 261 168 297 149 51 165 55 108 109 80 319 313 243 29 51 319
212 167 132 311 149 16 123 269 226 178 214 149 140 174 225 129 35 233 69 81
262 11 99 20 174 79 59 73 51 126 84 101 141 132 290 233 106 274 207 59
61 190 74 205 37 229 328 230 255 117 185 190 270 255 209 116 50 207 297 328
96 139 206 197 330 55 283 289 89 181 100 166 223 167 7 305 91 303 19 112
106 246 49 7 161 321 108 267 83 310 56 19 137 253 102 234 245 221 125 285
171 135 276 136 301 10 112 162 152 14 223 281 158 75 228 92 148 114 145 292
162 104 329 309 173 51 37 18 175 17 127 124 271 162 242 283 194 38 116 240
274 56 22 279 234 309 208 189 223 180 269 321 288 122 210 79 100 141 108 269
232 217 256 8 187 84 301 98 195 80 203 26 214 80 165 27 110 120 24 249
160 266 189 242 181 60 116 158 324 264 122 63 208 174 242 192 24 208 156 302
29 93 289 227 93 147 222 294 264 213 69 224 152 262 110 304 20 188 182 54
42 242 202 45 203 100 308 173 30 156 318 139 240 323 39 301 36 329 314 199
70 215 92 60 279 121 240 215 184 173 307 136 78 284 163 324 229 12 116 44
115 66 149 107 173 323 11 282 324 155 139 30 127 205 120 69 96 158 57 119
168 165 168 175 27 19 266 182 110 27 52 330 57 137 48 38 126 313 45 98
310 272 290 289 131 113 16 237 244 248 90 227 280 90 23 202 111 293 215 287
8 220 221 292 106 99 306 290 274 295 143 173 114 31 280 265 58 189 73 274
272 187 246 242 183 108 331 329 191 199 200 231 226 244 107 79 126 44 120 287
43 94 107 66 190 244 55 120 227 232 174 228 242 309 91 293 244 120 18 238
133 143 27 78 36 272 100 289 200 192 91 153 210 81 91 257 330 203 265 148
180 224 271 111 319 320 77 156 321 56 194 300 267 295 70 304 115 263 249 167
222 136 152 63 243 191 270 53 284 35 213 236 101 186 154 217 79 172 194 12
217 235 169 89 325 19 221 69 148 257 121 200 135 99 198 176 213 49 107 14
61 139 139 101 216 206 105 65 58 305 270 47 169 184 270 241 125 299 8 72
303 91 221 19 211 234 316 139 58 129 313 195 165 129 22 116 169 209 202 270
71 259 112 34 134 227 12 84 229 148 36 138 126 286 114 191 279 201 196 252
69 249 137 126 161 207 201 82 165 106 293 116 33 284 53 37 195 76 206 76
166 192 17 105 297 74 235 305 34 191 273 7 47 77 30 130 26 243 198 84
84 52 73 141 273 328 142 96 125 110 179 12 167 35 211 47 121 51 202 84
10000000 10000000 10000000 10000000 10000000 10000000 10000000 10000000 10000000 10000000 10000000 10000000 10000000 10000000 10000000 10000000 10000000 10000000 10000000 10000000
70 136 293 60 196 314 164 252 123 182 145 104 133 164 141 16 197 301 266 258
205 225 94 13 263 77 286 164 37 241 257 101 247 314 44 199 86 185 81 67
160 101 114 208 168 89 212 226 181 252 78 186 270 143 253 139 316 177 280 258
165 110 23 142 198 59 243 136 221 188 39 124 225 230 99 110 135 94 46 274
265 73 90 156 297 241 331 92 116 157 150 245 86 101 315 170 90 123 194 321
59 60 216 317 203 213 113 203 118 54 44 243 301 230 96 161 189 39 109 184
129 160 139 139 309 186 301 123 242 225 114 220 91 132 203 226 256 126 167 295
150 61 329 271 81 102 45 231 47 94 36 210 24 166 21 263 284 58 146 52
91 147 273 206 56 125 238 173 294 180 125 258 190 243 40 85 258 32 8 109
131 133 302 244 55 20 65 143 37 88 227 44 158 146 19 104 222 306 131 88
331 92 160 110 302 84 162 92 166 295 158 55 87 211 243 325 97 289 160 226
185 166 63 303 32 43 87 168 71 208 132 265 221 161 310 81 160 322 234 81
224 29 85 205 244 9 287 158 250 309 111 110 275 315 162 256 192 183 293 192
232 12 86 128 273 62 310 210 145 294 272 274 136 235 105 238 281 319 226 273
228 52 259 158 76 31 255 272 287 220 45 192 291 78 210 199 26 11 42 152
65 256 326 250 199 141 15 323 300 191 230 203 59 291 139 176 28 47 259 306
267 278 308 97 257 313 34 33 286 329 268 149 234 158 149 24 21 38 278 195
182 39 174 127 275 156 152 305 201 305 137 233 12 225 293 165 209 122 209 260
285 200 216 240 313 246 67 272 108 241 195 305 304 98 227 135 38 77 27 280
321 318 146 102 94 275 110 289 89 240 206 54 74 270 189 100 125 189 14 47
152 20 121 70 68 10 313 66 148 243 42 27 236 316 224 173 273 159 316 104
150 153 225 72 228 301 80 327 323 246 18 51 213 217 14 174 70 229 8 261
189 34 132 124 248 296 141 294 93 125 328 149 278 289 117 148 262 181 221 27
244 287 131 115 37 325 96 293 223 120 135 54 84 73 48 207 260 188 285 247
220 273 51 237 130 108 71 203 66 144 62 156 34 262 195 46 326 245 123 315
276 28 222 185 216 36 309 192 211 168 82 218 83 311 252 205 131 187 15 22
116 31 120 180 80 305 296 36 322 74 111 103 124 312 308 51 173 69 255 188
79 102 186 292 144 148 322 114 143 245 99 39 305 12 8 105 215 247 163 102
128 272 153 164 330 177 147 113 286 51 216 78 222 51 193 40 248 30 109 119
185 131 13 49 155 33 58 111 21 271 17 304 66 47 305 324 37 89 315 36
137 86 195 211 148 199 168 201 157 18 260 113 164 241 150 89 257 196 243 311
46 126 279 172 142 255 165 32 114 203 183 265 112 247 312 316 201 302 204 197
266 324 215 84 46 298 236 174 307 291 71 189 22 229 151 43 274 50 142 90
10000000 10000000 10000000 10000000 10000000 10000000 10000000 10000000 10000000 10000000 10000000 10000000 10000000 10000000 10000000 10000000 10000000 10000000 10000000 10000000
162 26 136 226 192 83 290 276 258 296 8 144 236 50 78 306 255 64 323 273
33 219 32 122 58 90 16 197 131 287 227 259 195 158 244 200 115 316 253 13
222 59 92 61 66 254 127 245 202 279 294 307 295 143 89 289 267 21 210 20
117 155 243 321 208 282 324 271 277 82 153 292 78 133 178 12 199 291 195 162
101 173 46 33 306 308 312 179 29 92 92 21 54 180 197 210 148 231 233 143
183 101 101 146 99 128 204 25 51 251 115 93 248 16 58 105 275 112 69 122
277 130 69 55 17 193 63 255 189 257 146 165 196 244 156 205 287 41 43 76
305 165 159 279 71 239 250 49 100 165 307 202 261 246 23 154 229 330 230 215
174 12 93 124 140 237 133 314 307 153 321 188 125 274 106 216 118 199 9 104
195 63 33 330 304 113 146 125 228 77 196 119 96 160 298 241 220 32 242 308
154 281 265 152 232 107 81 78 46 288 206 316 128 207 246 43 138 137 98 278
282 176 325 200 330 118 45 89 94 78 18 91 164 109 97 247 271 323 159 210
306 325 113 299 92 124 124 300 108 271 92 15 156 134 39 41 149 314 301 85
73 256 80 131 98 252 109 229 247 85 238 77 175 187 130 170 35 137 181 294
157 68 153 327 292 9 142 242 276 200 71 88 74 253 242 90 303 256 86 13
65 131 71 269 289 48 211 269 167 155 259 87 171 259 221 78 46 140 281 230
160 302 297 282 19 35 19 138 12 289 145 166 282 246 95 158 75 158 284 179
309 57 116 82 107 329 203 12 143 329 57 312 221 279 227 144 268 281 317 199
186 284 184 277 308 282 162 92 208 259 204 70 66 134 138 279 306 142 97 260
139 265 119 105 197 214 204 50 117 27 226 32 91 200 216 274 254 275 107 120
9 280 151 261 115 246 313 135 301 108 196 320 139 235 232 117 69 74 18 26
176 83 301 96 168 201 316 310 48 64 42 288 274 34 78 29 11 152 253 158
188 33 185 224 67 206 27 308 275 256 26 153 109 185 277 267 254 308 324 250
117 133 98 171 176 58 112 48 168 184 237 273 115 314 186 43 243 20 113 219
24 126 148 145 17 73 26 300 312 298 117 133 232 289 285 312 75 288 109 45
219 99 120 64 136 291 294 41 103 168 50 293 317 28 87 267 7 47 278 128
47 251 103 67 57 208 248 182 276 70 116 120 329 224 271 159 118 248 287 227
113 153 37 22 133 45 141 90 299 286 193 131 152 124 76 68 266 16 142 38
38 80 256 197 251 270 205 186 289 234 207 230 39 234 254 292 273 125 300 299
276 287 154 30 245 87 215 50 44 89 222 179 36 154 315 230 316 252 31 184
141 327 134 287 12 280 316 59 177 310 199 237 279 151 171 39 10 7 326 263
19 148 323 111 293 38 30 61 280 14 91 301 252 296 30 73 315 118 202 331
93 130 183 141 104 319 137 78 64 29 23 326 112 221 119 322 302 163 17 199
10000000 10000000 10000000 10000000 10000000 10000000 10000000 10000000 10000000 10000000 10000000 10000000 10000000 10000000 10000000 10000000 10000000 10000000 10000000 10000000
25 32 239 236 196 121 43 92 35 12 154 177 107 240 282 299 294 121 200 63
289 146 105 234 141 30 61 206 298 125 97 12 55 96 97 262 195 123 49 325
13 169 205 149 68 188 42 184 126 82 206 20 124 10 145 173 168 286 137 51
96 242 299 121 92 313 45 217 274 175 200 205 104 266 124 329 325 118 197 75
233 154 26 86 20 69 127 253 137 251 45 46 278 232 331 291 272 129 104 160
322 196 280 228 78 137 93 151 262 127 210 108 227 199 148 77 127 329 203 136
318 211 32 36 141 40 320 288 104 160 182 160 280 241 66 26 189 119 30 21
62 108 179 295 62 174 312 109 102 144 238 299 47 180 176 159 272 294 268 52
43 120 81 62 127 147 18 300 163 259 62 148 73 282 154 33 316 271 36 250
148 13 95 36 74 280 215 84 75 247 323 161 119 282 206 27 261 77 207 96
119 161 52 86 320 211 53 234 219 110 53 292 296 145 193 99 320 165 172 125
123 287 299 97 119 214 304 278 257 89 179 137 140 197 172 44 310 224 303 285
299 179 40 136 134 13 132 34 74 247 86 299 81 63 289 43 242 95 123 143
88 175 312 127 125 230 235 124 73 278 25 111 137 73 297 226 168 86 235 266
328 94 106 311 8 184 220 195 289 81 207 267 314 226 239 293 236 125 307 289
223 156 216 174 273 156 127 59 72 325 49 84 316 322 145 138 81 61 38 25
263 240 46 46 318 295 105 282 81 201 26 280 183 81 34 208 106 280 242 268
317 22 166 105 282 65 193 18 19 185 132 208 118 265 259 270 169 146 230 281
156 290 110 144 10 108 155 57 309 261 95 326 315 310 294 150 245 318 213 170
156 202 131 234 95 210 236 195 116 55 97 193 170 232 317 57 67 169 25 246
165 314 207 45 112 213 301 57 268 106 232 176 288 11 226 80 265 20 296 10
328 196 173 33 238 316 31 195 37 133 191 230 216 161 40 90 306 271 49 42
188 227 126 297 178 293 207 92 14 138 256 237 188 225 34 40 43 119 13 314
59 233 136 166 292 210 34 202 32 308 89 321 307 331 176 59 223 129 168 211
187 154 82 248 271 284 133 246 282 314 214 35 159 29 86 28 24 320 247 119
257 243 25 47 303 310 240 288 62 289 323 300 154 220 310 30 9 147 240 193
20 242 247 121 38 29 139 251 228 85 222 313 260 69 113 206 29 284 118 123
132 231 36 320 208 152 226 228 168 312 39 188 175 313 277 34 235 291 90 30
189 162 39 9 14 240 163 10 133 259 326 243 265 59 63 137 292 249 270 239
124 104 173 320 13 12 245 78 80 170 77 143 179 175 125 149 64 43 225 178
253 146 120 223 261 241 214 122 308 326 188 33 12 326 231 291 146 105 195 9
190 180 223 23 92 93 212 279 207 198 90 102 28 293 290 26 76 99 131 234
103 58 13 93 156 223 177 277 276 315 232 23 210 99 133 92 65 136 280 237
10000000 10000000 10000000 10000000 10000000 10000000 10000000 10000000 10000000 10000000 10000000 10000000 10000000 10000000 10000000 10000000 10000000 10000000 10000000 10000000
288 140 63 168 124 236 12 331 154 228 293 13 41 169 190 32 21 38 287 155
301 91 29 118 157 14 113 206 315 223 309 224 112 159 330 271 25 148 170 115
322 258 11 170 229 149 181 227 43 202 125 172 54 250 91 97 148 79 203 321
129 82 306 41 243 173 87 232 56 12 249 43 301 209 75 262 315 278 45 147
269 68 331 118 64 185 186 261 203 254 271 43 299 46 76 166 185 48 230 39
211 31 144 323 256 313 301 101 256 301 115 54 281 151 28 212 63 172 46 169
242 157 162 18 260 175 58 230 191 299 277 170 120 247 209 81 268 165 85 39
192 180 131 200 69 236 249 219 193 28 303 62 173 297 205 193 48 106 35 92
167 20 229 117 265 131 49 35 118 325 138 223 162 60 73 288 324 165 159 139
7 302 47 186 60 62 321 28 311 324 165 213 310 226 315 179 124 84 143 254
199 22 158 109 263 47 93 205 89 276 163 272 317 127 146 218 39 166 44 141
141 85 52 192 325 102 183 38 109 195 36 286 78 247 239 70 181 321 9 12
65 85 288 178 180 292 205 278 43 280 128 191 95 297 127 200 257 190 324 172
244 321 64 111 276 45 41 7 173 14 302 243 234 262 155 22 25 47 192 315
284 255 159 230 190 160 146 326 315 281 209 195 51 227 132 73 31 7 222 181
212 158 191 231 8 246 169 20 194 56 244 201 11 104 187 204 33 238 80 121
226 256 183 166 306 13 203 298 121 229 195 272 81 53 124 100 176 225 276 207
99 222 148 263 188 169 188 104 277 41 228 310 13 171 305 248 66 176 267 90
56 307 303 197 94 202 70 29 309 252 75 101 84 240 174 309 85 71 331 55
254 251 244 310 147 27 163 259 122 22 80 205 153 55 57 257 147 117 268 198
25 132 157 190 274 269 21 86 55 52 181 169 14 232 78 39 136 87 210 167
65 72 99 113 249 139 153 188 282 273 28 77 225 74 179 105 66 28 181 250
50 165 105 188 274 41 312 212 301 25 238 271 248 324 268 167 316 239 96 41
269 151 113 125 22 66 223 289 200 117 246 274 268 119 29 21 286 284 226 62
13 327 10 17 302 307 16 298 139 191 187 208 311 186 287 41 154 214 163 39
310 171 149 111 226 87 78 225 302 242 83 305 43 257 47 42 222 160 27 21
47 108 235 302 326 193 314 112 181 308 89 103 261 169 223 308 247 204 210 11
28 176 311 77 121 177 328 27 77 247 331 215 95 208 266 294 67 68 142 95
168 48 269 39 297 101 25 257 34 201 313 21 107 180 270 136 118 11 325 141
138 124 263 289 10 227 261 153 97 210 139 179 270 282 170 62 29 50 21 238
55 220 10 196 220 136 83 251 25 37 233 329 251 182 144 287 172 180 306 186
86 268 45 19 163 177 152 262 319 320 120 131 291 274 200 194 92 158 20 198
96 132 115 251 263 312 315 319 53 109 317 30 280 39 177 91 221 51 210 167
10000000 10000000 10000000 10000000 10000000 10000000 10000000 10000000 10000000 10000000 10000000 10000000 10000000 10000000 10000000 10000000 10000000 10000000 10000000 10000000
90 43 312 149 37 114 95 19 294 232 18 257 72 287 149 238 19 210 324 69
307 228 209 148 270 76 327 220 132 156 201 293 262 216 204 320 299 258 100 152
240 76 323 19 190 72 65 45 142 253 265 315 283 60 27 315 38 283 270 295
328 309 64 19 115 280 301 316 183 260 310 296 160 249 199 8 92 325 116 182
268 209 182 280 214 22 95 315 18 168 121 40 55 48 184 283 296 110 53 228
101 243 261 184 160 159 115 111 217 17 14 255 127 222 161 122 211 65 192 286
270 105 200 273 179 167 274 78 111 8 216 266 202 63 31 35 255 244 70 39
215 28 27 135 315 173 132 297 200 331 241 45 256 41 246 69 293 109 308 194
21 173 265 96 122 182 185 297 197 299 146 32 71 79 71 269 112 163 135 232
316 68 79 73 110 80 252 133 290 240 22 203 215 81 36 203 56 283 15 119
37 53 29 176 223 190 278 321 209 82 67 153 147 107 277 20 281 279 213 186
301 214 177 164 188 215 75 183 76 132 183 164 115 171 131 96 121 272 110 307
107 215 95 298 309 216 111 130 134 129 111 212 171 43 231 138 244 28 11 219
305 83 223 201 256 194 127 290 52 120 183 106 331 79 323 80 154 66 130 194
57 54 135 37 98 319 303 20 75 108 184 195 84 262 281 79 230 166 46 80
153 92 66 74 126 167 48 231 242 323 292 227 320 243 50 275 132 74 300 322
277 275 220 247 278 234 77 69 198 126 77 225 83 209 39 213 243 174 237 224
59 105 36 149 70 55 228 130 218 290 129 323 11 55 254 283 140 63 151 118
31 98 105 262 151 82 86 245 199 40 80 292 167 42 78 61 24 212 23 124
52 267 217 211 175 116 237 28 283 65 206 80 311 234 288 114 88 30 17 123
10 233 29 306 78 256 247 137 57 161 311 147 301 311 90 130 190 21 70 31
248 84 228 327 34 94 291 253 65 69 256 86 241 29 46 329 79 222 148 189
33 145 60 170 291 13 286 168 55 55 222 287 154 154 87 71 219 189 281 171
156 263 28 188 27 240 147 250 78 246 19 250 276 41 182 238 92 110 142 7
235 234 45 178 59 202 254 187 218 235 158 205 277 121 175 263 9 216 215 165
178 72 82 133 11 154 102 322 318 24 105 40 46 246 53 246 216 162 183 83
128 240 290 176 96 268 24 106 185 69 88 308 222 149 38 41 70 330 187 14
96 141 315 162 77 321 86 206 185 76 168 188 146 29 169 73 15 305 225 43
59 139 127 47 63 12 173 206 207 258 63 103 183 17 246 172 127 31 279 63
268 313 171 164 124 93 182 64 182 273 59 277 108 113 182 169 252 57 323 134
37 203 251 107 140 71 240 117 31 9 116 76 111 77 282 26 316 317 285 101
157 303 228 34 59 38 108 232 323 131 131 122 86 86 109 141 188 77 286 291
96 291 274 331 142 108 220 258 68 237 255 294 207 148 278 320 328 131 158 317
10000000 10000000 10000000 10000000 10000000 10000000 10000000 10000000 10000000 10000000 10000000 10000000 10000000 10000000 10000000 10000000 10000000 10000000 10000000 10000000
150 157 236 58 252 32 166 147 306 78 297 126 88 298 263 221 29 86 44 48
308 53 48 111 299 279 134 195 273 218 172 304 261 112 329 98 264 234 95 213
14 323 182 293 295 12 291 173 181 254 314 12 281 200 156 257 283 80 310 148
97 199 46 132 25 305 256 298 259 330 109 136 67 140 329 153 281 179 257 141
164 38 203 47 259 190 297 101 159 29 131 194 302 234 218 90 134 188 111 236
58 298 97 152 238 231 231 225 219 312 292 38 166 263 305 291 175 112 74 261
191 18 84 83 319 11 184 327 260 74 259 174 319 29 255 43 42 25 165 197
33 110 308 311 322 48 199 82 131 30 137 302 305 121 238 234 225 312 8 126
107 188 86 240 60 243 154 59 60 280 21 301 36 153 284 31 242 39 92 92
77 169 319 44 18 103 313 125 243 311 301 296 225 19 31 260 311 48 271 316
79 224 134 236 262 8 84 91 213 160 169 13 19 240 132 40 199 217 146 275
233 240 236 159 185 220 145 299 289 113 264 109 45 88 122 329 307 148 13 17
18 21 274 52 55 323 162 100 274 144 82 131 70 327 91 210 50 23 181 99
13 82 244 247 294 284 206 264 240 55 116 255 196 200 218 140 322 55 66 110
87 38 210 284 216 271 125 12 108 232 219 227 292 215 283 295 125 307 249 318
164 321 82 318 65 235 43 263 221 166 29 281 34 119 74 55 12 19 134 304
329 283 163 111 328 48 102 328 22 200 229 273 109 124 87 55 217 18 19 49
104 166 44 150 233 242 309 174 260 100 300 271 295 101 221 285 42 34 170 259
128 232 59 122 79 114 235 315 173 153 195 230 112 54 17 136 47 316 96 228
234 115 207 156 188 126 178 9 172 277 145 191 127 61 161 331 37 74 255 133
88 303 229 241 143 163 274 73 102 107 10 27 33 111 268 87 329 242 154 157
136 110 86 28 320 13 159 299 257 156 142 98 247 248 113 75 204 80 59 45
250 53 57 248 166 146 298 310 73 48 94 259 113 290 127 326 75 292 230 129
107 84 318 201 284 95 127 157 31 182 152 131 137 327 17 58 116 116 202 123
210 25 33 175 79 128 283 240 122 206 147 292 313 10 95 173 12 317 31 46
179 11 181 275 154 113 275 54 264 326 63 49 271 13 206 114 20 81 72 26
100 163 12 149 201 221 265 161 13 85 88 238 239 193 52 280 135 284 47 186
39 27 275 47 62 152 168 327 177 116 238 84 7 36 10 171 236 43 10 73
132 70 28 172 106 50 61 172 294 248 186 133 238 221 287 302 91 299 181 233
305 247 316 287 251 103 301 284 84 277 123 55 258 280 159 148 290 200 326 150
210 31 65 19 173 256 175 225 62 243 297 132 130 252 37 13 83 69 291 217
171 95 327 121 155 299 46 167 254 107 260 208 227 150 46 129 71 228 148 247
292 47 257 284 13 201 262 321 93 73 154 284 8 200 68 200 120 176 184 259
10000000 10000000 10000000 10000000 10000000 10000000 10000000 10000000 10000000 10000000 10000000 10000000 10000000 10000000 10000000 10000000 10000000 10000000 10000000 10000000
306 13 207 214 77 106 65 72 231 72 192 47 318 194 140 163 227 179 118 306
290 8 148 51 229 37 243 170 311 136 8 60 155 104 233 272 309 322 263 167
185 76 67 204 22 255 11 288 244 73 59 328 278 223 238 219 302 61 96 273
62 169 147 217 72 207 117 73 112 151 85 134 228 328 153 139 38 289 91 212
16 26 227 44 305 164 20 159 207 223 312 122 77 314 230 179 129 42 46 288
293 113 286 217 40 294 184 240 187 163 322 279 299 120 141 216 29 298 68 160
294 330 316 48 153 216 251 97 316 303 250 172 251 118 165 150 317 23 121 306
177 75 208 250 30 73 154 304 124 155 220 103 17 129 156 229 217 230 66 124
301 257 193 51 175 301 16 156 206 308 288 174 10 60 104 97 85 199 21 7
47 183 285 307 21 35 313 131 98 78 79 218 116 22 235 42 134 83 256 163
280 279 238 90 207 153 241 165 316 188 109 319 242 175 306 134 62 158 327 139
22 126 12 146 300 41 153 32 207 275 215 265 300 134 213 54 70 45 252 156
21 19 60 283 49 280 23 231 89 289 269 89 247 300 13 244 101 227 153 120
34 108 126 59 192 33 80 208 140 260 31 231 308 171 186 168 176 208 231 258
13 134 277 43 313 100 260 145 48 176 28 38 167 63 188 219 210 232 79 327
150 45 159 15 58 285 136 61 232 324 322 301 293 270 282 10 246 167 323 113
45 205 134 129 304 329 123 112 315 117 89 96 31 329 263 287 9 312 162 34
145 276 194 224 216 322 27 67 268 275 194 48 240 187 133 18 259 113 140 154
281 304 243 118 217 278 191 74 269 109 240 278 27 320 300 214 9 161 24 10
329 227 172 176 69 229 154 166 244 38 84 128 327 305 200 323 133 181 162 255
7 155 135 143 24 10 18 197 73 318 130 20 138 62 75 324 18 233 254 271
289 194 57 306 190 89 316 315 304 56 288 193 120 261 125 69 272 46 324 160
200 215 198 239 166 301 95 126 157 204 301 20 53 303 160 312 26 187 299 136
237 34 117 40 327 272 124 219 290 214 77 189 103 82 147 196 57 113 302 317
151 126 190 244 41 102 88 320 55 11 222 319 178 323 202 9 19 72 326 216
194 182 110 213 8 156 92 145 278 127 124 183 50 31 211 64 250 210 64 82
92 88 214 183 132 90 232 254 35 22 34 259 190 41 125 307 136 283 15 43
54 241 174 52 172 197 66 211 312 104 48 242 323 81 174 308 234 160 30 245
18 90 106 166 222 246 326 86 115 201 102 130 273 302 168 220 237 62 100 195
292 55 112 215 224 206 151 133 124 154 193 89 150 255 320 164 316 300 100 289
141 54 68 164 120 130 107 299 158 277 120 126 95 10 297 156 315 93 318 155
216 43 73 159 314 41 293 38 114 145 182 276 301 155 86 200 144 166 80 124
202 212 271 223 245 50 320 150 130 209 57 99 119 322 59 88 141 55 57 33
10000000 10000000 10000000 10000000 10000000 10000000 10000000 10000000 10000000 10000000 10000000 10000000 10000000 10000000 10000000 10000000 10000000 10000000 10000000 10000000
29 113 263 173 172 40 116 179 195 197 49 18 25 212 254 26 319 147 218 252
112 254 194 247 289 53 258 89 59 63 23 274 146 229 240 107 260 182 294 52
31 157 254 303 177 143 66 76 9 294 22 86 307 33 270 124 315 266 143 47
75 70 131 59 204 228 179 233 331 41 307 207 323 209 106 315 300 57 271 148
241 103 117 209 58 201 238 281 227 136 96 297 95 108 47 232 51 222 82 39
129 326 295 299 238 303 59 20 174 129 227 161 224 329 91 167 75 46 266 278
107 162 167 42 73 254 225 117 241 287 30 288 17 281 170 293 179 32 147 254
221 164 8 59 7 264 247 331 237 162 205 155 147 97 197 92 307 22 159 284
264 226 82 328 307 298 308 250 69 239 179 114 312 325 8 195 106 189 149 124
207 322 298 268 29 200 59 240 98 305 74 30 294 319 32 212 68 261 248 268
7 276 233 120 208 171 65 177 330 53 150 180 331 244 120 315 131 102 226 120
254 62 282 295 231 205 213 260 52 157 94 150 311 176 285 118 26 127 305 238
311 173 58 245 80 238 73 56 137 294 316 235 311 55 222 219 180 317 195 17
205 22 30 14 317 265 249 223 165 290 73 286 51 12 182 84 85 50 7 180
126 250 165 126 305 66 112 100 310 149 232 241 198 240 245 272 227 234 127 89
28 123 160 253 67 327 89 18 288 60 145 126 255 148 255 161 238 125 81 148
162 196 313 329 316 65 124 137 262 167 87 166 104 235 179 303 38 69 148 283
173 97 50 265 178 263 229 46 154 50 273 327 224 78 107 125 256 331 212 317
163 261 120 166 27 145 94 267 294 156 210 317 248 86 127 66 203 296 177 48
309 318 84 230 167 40 128 111 224 259 326 116 211 119 246 131 269 209 249 28
185 228 318 261 32 26 326 198 198 123 254 176 263 281 264 114 61 213 46 80
279 278 309 12 303 15 228 189 153 152 129 192 89 243 239 281 274 57 248 206
233 176 179 209 294 255 276 98 24 152 137 310 89 30 263 140 312 26 259 328
182 204 174 180 119 38 14 214 207 169 133 286 207 73 57 280 194 178 107 308
284 72 16 56 256 216 148 99 106 30 288 305 142 119 250 119 8 107 132 223
66 247 256 19 142 294 37 261 167 175 223 30 267 268 151 49 290 19 184 186
174 307 294 258 196 24 163 94 57 213 286 90 106 218 259 108 214 112 129 259
123 264 143 256 226 21 84 134 10 254 142 318 170 97 157 147 104 84 79 86
277 205 254 111 86 235 24 309 153 23 330 114 94 185 58 146 104 77 46 111
200 119 157 70 313 311 215 90 276 134 48 182 96 103 155 221 105 126 127 228
294 248 16 257 299 147 191 159 251 164 270 280 95 145 58 83 284 298 74 171
36 320 296 120 116 37 214 211 109 153 155 302 194 283 266 144 117 96 24 324
79 152 212 36 190 123 143 211 119 321 131 7 126 116 125 181 43 110 127 145
