10000000 10000000 10000000 10000000 10000000 10000000 10000000 10000000 10000000 10000000 10000000 10000000 10000000 10000000 10000000
144 184 185 109 280 63 142 119 61 289 123 145 165 247 45
147 120 276 176 220 338 321 298 136 91 130 332 134 335 193
147 158 217 179 306 204 265 36 208 71 257 36 304 235 53
134 95 344 20 54 333 242 346 321 94 319 201 313 169 125
304 98 251 203 96 157 12 283 117 246 189 62 274 80 95
80 104 347 196 30 289 82 9 167 169 248 212 338 261 281
274 26 329 104 287 173 25 164 96 290 131 174 165 175 48
311 26 24 28 74 185 278 338 145 233 277 32 23 323 161
245 176 87 45 301 230 314 167 281 26 165 100 145 20 5
257 234 174 85 339 299 89 99 331 87 120 237 131 107 221
306 315 9 28 25 24 60 49 169 345 187 194 192 325 99
240 72 76 276 249 116 25 198 92 290 49 38 199 57 251
40 222 316 190 285 339 71 246 258 164 194 33 18 290 93
173 108 31 145 166 327 95 93 341 11 109 246 15 34 154
90 22 122 120 306 224 172 202 261 33 267 317 131 267 100
37 122 136 133 92 93 134 44 85 35 220 50 169 281 342
150 138 209 230 329 337 290 166 284 346 30 71 324 72 111
255 58 290 87 43 138 312 275 66 296 117 292 211 330 277
196 293 218 189 110 166 193 239 57 243 207 294 123 164 56
74 60 177 54 69 254 43 260 346 299 144 36 246 122 264
108 14 68 65 216 335 265 169 263 62 129 9 146 193 338
171 42 340 142 338 307 212 265 32 99 326 179 73 59 175
33 213 76 151 57 170 45 60 77 317 170 13 331 240 66
160 70 321 101 163 55 82 46 180 263 13 290 279 249 306
307 289 159 257 227 154 76 240 29 149 33 27 230 217 75
195 223 282 196 181 212 222 87 318 214 109 258 305 88 193
30 98 224 97 28 340 97 76 27 333 142 44 37 232 38
200 296 208 132 117 52 301 211 60 77 40 304 240 215 284
245 19 145 43 325 129 31 312 127 226 117 71 327 315 180
327 167 188 273 193 144 30 160 110 202 262 169 237 89 59
169 45 214 46 7 43 67 96 151 224 230 70 7 34 162
187 251 277 253 261 162 203 101 24 74 105 287 28 24 21
253 300 248 77 22 343 117 249 200 200 240 175 328 173 253
165 275 222 124 218 67 91 274 21 317 327 166 141 135 334
273 98 75 38 303 174 217 66 14 23 163 216 205 35 187
35 197 298 89 256 301 32 328 127 280 87 174 291 218 79
291 303 50 43 72 296 151 312 69 92 309 65 54 100 194
185 90 347 309 28 270 14 195 281 155 16 12 125 274 210
20 133 13 209 292 241 252 299 273 326 339 243 289 172 206
140 276 224 219 334 257 148 43 229 73 107 226 8 246 170
159 248 309 101 53 145 329 189 278 228 207 342 313 336 42
107 307 301 106 236 321 323 25 129 321 139 266 105 187 37
137 100 140 42 237 146 280 276 22 263 229 177 194 174 69
330 60 200 83 144 123 126 259 334 31 111 205 142 231 235
115 158 87 30 187 98 202 185 266 267 88 265 186 99 224
309 72 277 209 292 154 58 48 208 306 201 148 164 344 240
36 316 164 315 92 52 205 254 303 78 214 231 72 94 110
90 104 335 299 233 114 163 68 159 120 126 118 58 73 298
296 149 183 78 232 29 127 306 142 271 283 132 327 180 105
78 267 327 299 277 210 307 289 207 169 49 282 233 217 249
22 117 7 309 311 274 83 118 207 278 250 250 34 243 314
137 112 317 266 144 237 125 334 72 226 179 114 131 83 282
233 226 240 34 194 333 74 8 218 294 277 315 137 206 173
196 158 175 78 137 203 60 118 98 236 18 190 104 160 210
133 285 259 121 46 318 154 296 103 255 288 5 18 347 139
35 219 236 109 333 47 309 149 191 339 242 230 266 107 213
151 116 144 205 211 278 28 80 229 58 104 137 77 219 106
75 148 26 164 7 272 264 193 124 229 124 214 28 181 142
202 39 61 238 100 92 338 345 16 320 256 240 169 240 146
163 80 336 156 217 292 163 36 192 118 59 233 175 139 329
152 87 119 208 14 83 84 268 116 168 258 128 319 106 18
8 327 178 178 249 87 275 208 101 35 84 259 109 214 208
129 144 111 287 137 109 162 342 52 253 138 161 43 213 61
31 146 255 133 62 294 208 153 322 246 237 33 87 192 294
218 198 153 153 112 133 225 298 143 306 111 210 317 21 240
316 264 121 178 235 44 21 164 167 220 204 230 79 115 190
156 155 204 291 159 101 121 76 341 292 241 28 69 200 188
31 118 231 11 180 179 73 11 171 24 191 231 260 132 28
286 16 24 326 95 284 13 106 136 15 70 298 77 117 175
271 51 335 219 64 282 98 51 175 89 106 259 182 8 56
10000000 10000000 10000000 10000000 10000000 10000000 10000000 10000000 10000000 10000000 10000000 10000000 10000000 10000000 10000000
185 322 150 294 227 340 162 56 160 132 170 222 41 309 218
247 241 188 14 57 329 41 298 23 94 272 17 191 273 163
205 332 89 177 52 47 122 260 286 227 67 72 106 280 282
143 289 214 49 241 139 70 340 311 315 217 47 174 305 279
339 233 146 264 286 192 260 185 225 158 175 305 195 146 345
265 181 126 88 94 85 283 184 89 278 7 166 342 134 333
174 38 133 177 265 161 81 221 278 27 192 42 246 306 323
92 335 188 158 147 229 116 219 283 58 184 288 124 155 30
63 300 88 109 343 57 214 29 146 218 56 244 301 204 152
258 10 111 111 107 40 161 27 252 24 238 148 37 139 268
150 110 320 93 338 44 19 208 118 317 258 299 265 306 129
136 29 347 14 338 309 235 285 10 245 153 8 241 200 321
19 105 230 27 74 221 68 9 123 289 145 25 253 175 97
287 233 108 118 80 270 46 89 240 229 338 96 341 342 116
89 153 133 265 26 51 86 67 117 257 298 162 61 132 340
277 254 301 335 306 150 151 283 106 313 39 214 36 311 240
303 28 80 177 227 53 207 279 16 204 112 166 338 344 208
141 30 312 148 225 103 114 114 134 149 108 13 65 29 259
321 101 214 242 165 208 188 98 228 60 222 31 65 199 221
279 18 182 154 269 230 41 49 125 105 13 105 76 138 39
324 124 248 43 264 157 100 135 319 173 188 252 266 36 27
68 17 58 247 237 345 190 161 294 96 327 109 230 320 323
25 321 331 72 292 199 146 244 116 38 273 313 246 165 107
210 104 92 129 83 238 73 217 37 90 117 147 263 203 309
276 153 285 101 317 334 51 244 48 175 119 65 260 162 196
11 255 212 206 249 294 168 169 203 148 160 336 127 154 337
52 213 8 177 244 124 163 53 158 144 77 182 184 128 298
51 304 9 314 244 223 50 306 105 122 12 154 88 19 307
183 181 189 40 298 48 139 147 305 231 293 190 94 219 207
332 158 291 103 175 213 102 79 260 220 30 148 46 227 240
83 324 49 273 137 86 108 174 166 312 323 197 227 111 194
331 338 272 183 109 244 159 313 164 44 177 340 156 297 269
293 7 61 15 172 145 46 178 7 139 82 143 334 330 24
275 294 106 311 217 190 187 108 157 71 247 287 164 205 65
189 116 191 179 72 214 222 29 129 281 289 216 7 100 323
276 31 129 8 65 258 193 205 251 6 5 226 162 55 148
284 326 63 72 133 110 159 291 315 227 32 252 178 209 322
32 306 213 69 127 282 177 66 181 294 66 268 145 264 184
66 297 19 292 21 284 43 168 329 212 244 228 256 61 259
176 86 284 223 8 26 315 246 74 331 295 244 159 181 171
195 196 57 36 145 118 244 178 105 244 117 78 178 142 63
347 72 233 192 326 140 201 95 294 54 125 283 213 41 271
316 103 203 146 144 279 198 21 109 231 278 32 228 101 45
97 94 234 131 198 124 16 169 310 102 194 192 130 164 152
344 243 301 55 243 339 117 224 71 197 312 34 147 33 129
263 245 150 15 192 191 328 50 209 259 132 5 305 234 203
95 343 69 149 73 220 139 289 158 27 271 185 191 234 244
272 287 38 69 41 149 145 149 61 174 166 302 250 323 194
298 136 204 332 158 78 332 187 231 152 128 103 224 289 72
207 40 130 186 142 70 124 23 334 88 231 300 46 267 222
331 217 275 202 217 83 169 306 81 208 276 338 283 31 301
111 274 56 144 101 110 103 124 343 251 329 208 289 186 341
274 241 281 307 229 285 298 294 35 169 39 194 330 330 123
204 79 169 305 30 338 325 326 26 170 100 216 120 120 252
99 171 307 201 99 68 321 135 151 229 253 247 311 336 241
256 159 106 38 258 165 291 252 169 51 237 193 160 89 339
115 150 139 171 179 213 281 27 101 234 74 308 58 258 119
284 133 283 160 26 98 9 39 113 127 27 271 321 344 211
231 18 91 232 15 75 207 299 146 215 343 97 235 12 245
166 317 171 57 167 39 247 213 237 82 314 109 235 65 174
156 143 346 183 162 343 263 298 314 308 81 345 51 303 231
135 95 320 167 99 41 251 223 26 116 210 227 123 18 179
309 275 155 202 229 228 252 250 196 272 81 186 261 92 314
76 302 137 177 37 37 89 237 238 87 226 21 201 150 97
50 256 237 110 174 157 26 156 138 122 238 146 91 328 160
31 149 42 85 163 45 30 304 292 347 71 340 11 42 134
133 220 271 156 341 159 237 347 79 342 290 121 278 111 180
85 291 100 298 138 123 128 246 122 292 273 196 76 340 255
240 236 294 6 342 160 292 279 281 272 81 197 110 317 229
222 6 316 217 246 162 75 137 287 335 24 154 252 303 20
10000000 10000000 10000000 10000000 10000000 10000000 10000000 10000000 10000000 10000000 10000000 10000000 10000000 10000000 10000000
293 240 213 159 186 158 193 82 121 252 308 154 40 210 299
283 80 144 65 10 76 341 56 272 209 332 94 37 320 31
258 230 185 286 254 233 231 34 242 240 119 130 209 170 323
259 134 271 268 302 192 255 92 164 44 273 184 324 275 45
52 291 300 11 109 228 200 43 44 112 161 319 277 279 251
47 115 190 126 179 108 48 93 76 63 59 151 102 8 191
192 315 288 194 340 60 232 21 92 105 282 142 86 232 291
39 265 306 183 215 38 28 44 18 325 214 158 31 64 164
347 130 146 306 279 125 29 65 82 57 7 132 316 162 169
121 105 261 60 145 135 62 199 173 294 105 215 289 293 241
210 161 303 15 15 341 121 65 285 230 15 261 228 22 339
61 162 18 207 168 154 112 152 110 72 287 205 88 287 172
17 262 64 235 262 106 172 13 204 292 106 192 38 330 163
28 123 75 154 286 195 37 188 164 333 329 43 262 159 238
260 43 217 296 136 85 277 11 120 332 261 216 25 147 26
8 44 169 268 223 93 215 100 139 212 69 326 24 111 244
220 7 19 142 245 244 328 188 236 36 74 92 32 196 267
156 257 185 92 306 55 187 49 256 171 180 54 342 259 11
97 123 93 320 277 245 167 70 185 27 82 106 46 226 225
40 198 305 60 91 157 16 127 16 285 166 224 33 178 91
85 21 176 57 80 45 46 130 295 341 174 183 246 61 310
239 98 96 131 346 288 90 108 291 288 31 303 270 235 227
294 94 198 305 313 108 263 17 257 210 103 232 73 37 52
23 18 198 306 241 242 60 174 107 106 197 330 297 203 136
288 279 253 326 209 155 256 213 114 251 304 281 139 272 43
304 51 42 16 12 330 54 49 77 346 246 7 153 35 106
125 128 62 145 264 95 277 96 273 122 206 245 342 254 325
167 35 279 239 346 336 244 16 49 297 105 264 219 20 89
293 14 264 212 213 210 139 27 174 73 33 116 37 169 280
137 278 37 265 65 41 156 278 153 11 51 265 236 8 266
318 13 11 274 180 217 338 205 244 339 17 39 336 275 232
110 67 53 219 343 323 143 324 51 6 139 199 200 312 46
67 5 279 186 232 51 225 182 105 61 164 205 5 20 249
149 207 340 91 185 223 46 140 257 153 261 45 44 8 223
336 156 243 145 204 240 239 336 293 225 168 128 116 261 215
51 194 183 279 145 105 15 346 232 334 185 292 91 182 120
347 106 146 265 336 170 102 293 145 317 173 218 294 265 56
138 115 189 279 263 17 178 85 238 23 246 150 128 113 305
26 27 308 31 227 8 48 161 27 9 39 331 293 312 303
276 22 235 110 60 234 84 160 340 147 31 300 260 120 23
335 76 251 323 78 290 224 105 49 307 252 148 28 24 310
233 189 27 213 140 140 282 88 265 247 6 168 261 293 5
258 278 13 108 339 153 54 43 166 325 322 107 189 180 161
58 227 224 271 346 115 264 112 136 305 342 135 77 229 67
26 340 15 23 173 245 218 191 31 278 287 182 35 62 241
26 199 328 24 248 143 111 260 277 54 85 225 46 338 18
114 174 252 195 212 342 234 230 28 253 15 83 35 99 313
247 161 174 268 209 98 185 285 30 208 174 134 340 281 123
79 336 273 345 283 126 152 294 64 177 230 176 178 288 98
9 133 165 29 306 161 199 27 253 175 280 234 13 11 268
338 96 173 307 124 13 63 82 238 190 151 268 102 96 324
292 322 116 265 123 335 184 152 232 242 113 226 9 252 202
333 341 270 343 188 5 268 22 331 251 167 190 138 149 325
228 246 227 99 262 65 124 267 344 235 109 153 23 300 8
120 274 228 21 111 109 69 141 12 105 161 182 163 104 127
56 321 318 9 179 188 38 121 213 57 222 58 155 191 133
87 137 168 164 41 256 87 279 232 7 27 187 45 139 125
118 286 144 148 81 268 23 39 325 131 249 144 82 190 227
44 54 127 306 190 142 304 241 74 39 196 168 80 102 68
62 298 336 65 57 172 45 36 219 217 342 171 189 221 330
276 157 173 298 33 306 232 308 194 246 150 322 75 5 56
269 106 165 225 204 232 235 292 306 155 252 324 56 264 286
310 241 38 12 211 95 46 68 336 320 218 190 37 106 167
214 300 125 181 171 87 309 14 306 222 52 279 103 277 275
83 257 237 167 291 282 207 261 134 151 18 188 139 318 88
81 26 216 50 305 66 111 344 189 221 69 138 301 220 56
272 95 290 288 260 148 97 15 248 213 290 10 122 345 305
166 52 224 256 124 62 142 297 284 256 71 234 221 330 323
95 301 341 296 138 100 102 123 235 87 178 91 322 268 67
167 183 133 107 120 277 17 279 328 78 55 302 317 39 319
10000000 10000000 10000000 10000000 10000000 10000000 10000000 10000000 10000000 10000000 10000000 10000000 10000000 10000000 10000000
147 136 196 341 146 200 26 17 341 298 329 141 46 67 108
161 295 153 189 301 265 269 272 295 63 172 176 270 343 192
328 250 188 206 245 26 77 152 216 173 141 31 76 316 276
16 91 290 21 303 157 200 325 131 281 181 148 120 93 114
179 173 124 201 252 20 192 209 318 317 53 89 135 294 316
209 186 50 346 68 291 317 252 276 65 345 199 126 43 156
238 282 314 69 290 121 276 101 193 7 337 164 9 226 121
342 156 13 26 220 73 313 128 203 236 16 33 340 321 261
145 252 96 88 16 103 343 334 156 275 267 185 155 304 69
315 282 223 294 57 153 20 195 73 83 63 124 339 85 226
11 156 187 170 11 227 174 64 147 156 107 136 183 118 215
279 98 333 41 293 252 52 283 283 296 42 299 287 105 168
339 67 50 157 96 135 330 222 16 192 154 318 48 121 72
298 342 235 90 237 339 246 201 172 201 96 89 325 339 38
284 82 31 325 136 85 250 90 222 46 283 329 174 259 255
188 82 197 205 234 42 317 14 305 147 332 324 216 278 241
204 271 215 125 270 299 347 214 276 56 242 13 177 112 286
345 131 195 56 320 235 61 232 334 177 94 215 218 28 168
107 60 9 93 236 344 133 47 211 141 136 95 271 148 254
147 193 181 47 229 311 122 103 303 250 132 165 65 168 211
289 201 233 277 174 309 31 112 79 231 127 243 212 183 7
53 281 12 299 73 42 206 142 120 204 183 182 193 343 277
33 325 120 196 30 341 154 39 286 78 39 310 159 203 153
322 334 266 95 112 224 332 96 219 289 327 187 101 259 153
285 268 141 305 262 94 9 46 192 140 148 35 86 161 224
127 190 122 110 97 263 252 37 261 240 168 163 104 257 61
14 65 70 296 270 176 279 276 166 206 94 286 160 84 165
345 115 171 342 326 249 36 239 347 281 110 162 205 233 198
273 247 302 152 199 38 97 155 248 132 120 253 125 216 261
289 275 83 53 248 248 169 160 166 278 312 86 173 223 31
167 212 77 290 19 145 90 42 134 270 93 271 77 37 103
150 234 111 73 289 279 43 189 192 282 178 177 342 267 37
269 144 217 153 262 58 178 80 341 215 39 114 255 116 181
157 144 328 91 221 40 152 186 341 231 293 76 64 224 341
142 218 80 100 105 70 30 178 120 233 260 192 128 95 331
195 56 237 320 241 102 316 199 270 75 182 155 12 238 84
204 40 110 298 98 277 252 236 143 57 298 76 159 35 177
130 171 285 188 179 54 246 255 329 232 132 262 326 129 247
134 150 65 9 344 50 336 62 14 118 14 332 296 167 58
222 251 344 246 265 281 316 324 229 55 141 287 201 173 110
200 144 73 228 203 101 310 69 113 31 224 23 61 154 254
236 182 83 21 247 289 102 140 171 328 347 160 246 201 194
120 75 192 116 328 301 309 60 310 171 91 200 256 65 178
159 162 137 143 297 102 217 168 197 165 80 139 236 5 159
111 7 144 214 163 5 206 36 313 155 140 281 222 327 316
226 204 122 347 85 88 194 24 216 226 237 228 330 170 16
129 192 51 160 181 201 11 223 194 150 319 245 223 74 294
165 199 192 35 114 94 295 193 154 48 214 162 103 321 193
44 187 82 297 116 253 93 75 85 44 14 226 106 247 155
174 40 105 270 160 34 269 342 258 127 100 317 308 321 126
238 320 280 8 289 230 295 341 64 168 91 333 184 223 10
345 175 67 292 107 86 299 102 52 150 184 32 201 195 137
158 160 181 291 185 277 229 270 159 265 71 236 58 217 250
193 334 233 194 307 89 336 251 230 108 39 117 153 153 148
78 283 36 264 149 34 228 126 27 275 274 10 7 15 274
307 191 293 144 102 197 251 324 28 5 334 27 228 316 240
339 110 198 219 301 338 81 8 284 106 6 345 54 15 130
302 199 247 185 328 72 26 138 107 313 315 83 331 304 260
323 69 293 154 229 177 89 299 205 159 131 153 113 143 304
79 251 88 139 180 17 35 290 341 58 301 47 140 257 116
66 245 168 249 278 108 185 160 209 332 108 156 187 53 95
60 243 89 31 5 329 327 91 328 89 306 145 122 129 326
13 310 183 220 144 198 332 56 194 90 271 279 209 137 164
275 313 97 103 224 191 208 151 24 248 152 65 112 158 149
28 137 180 203 66 187 232 343 188 229 111 291 291 346 257
178 19 282 78 113 60 131 314 119 7 197 341 43 78 208
218 320 253 331 24 93 60 260 98 184 136 218 177 39 196
178 146 153 5 243 59 327 93 329 280 54 277 299 242 294
65 279 153 207 293 275 177 317 156 24 69 245 207 81 162
23 5 160 82 11 323 129 7 223 60 168 163 19 101 164
10000000 10000000 10000000 10000000 10000000 10000000 10000000 10000000 10000000 10000000 10000000 10000000 10000000 10000000 10000000
128 342 319 323 272 31 210 69 12 272 233 91 152 279 219
223 146 291 194 267 321 106 266 29 122 185 196 204 103 240
140 272 217 176 232 243 345 277 180 105 224 24 303 135 83
216 231 117 232 123 163 347 269 187 228 337 208 41 77 172
116 122 324 290 105 94 200 194 266 46 226 114 179 72 281
79 103 286 267 34 339 290 99 36 267 271 205 47 308 279
28 56 93 58 61 194 126 178 332 112 149 49 22 92 43
18 219 65 220 71 143 16 146 201 309 288 145 165 148 135
109 225 230 240 146 220 190 138 159 132 232 321 53 273 234
59 103 8 221 254 20 281 333 192 40 253 262 250 47 133
18 32 316 188 307 68 132 152 43 109 5 43 217 278 288
328 147 71 326 345 203 120 212 28 85 40 40 280 235 14
131 324 168 54 216 187 253 187 172 114 67 247 230 257 347
326 285 72 270 117 125 13 93 80 256 10 143 18 256 15
137 102 73 242 247 98 217 102 219 174 28 276 146 151 42
182 134 301 267 299 37 272 82 212 108 158 339 187 38 15
188 336 344 62 12 332 277 299 214 12 50 15 33 325 337
64 69 272 161 245 61 39 273 226 135 218 287 193 216 50
25 55 100 7 222 240 88 294 281 215 308 302 233 8 64
185 202 305 146 286 10 283 279 215 311 208 55 90 54 40
28 9 53 156 337 196 91 16 323 62 124 287 316 226 235
164 81 33 277 346 122 132 252 139 139 323 20 142 209 7
62 289 180 264 214 277 286 330 189 121 149 20 342 158 214
189 311 43 312 64 341 305 70 86 325 62 178 213 118 52
157 237 15 38 241 17 210 266 115 185 87 241 299 17 142
313 320 297 206 85 223 241 306 52 182 118 49 118 40 168
305 121 309 105 291 347 122 42 307 229 169 86 78 207 52
85 227 143 234 43 281 164 39 277 26 315 324 121 86 59
109 321 121 134 260 53 322 275 304 55 302 173 126 233 114
122 50 222 127 43 87 172 46 6 224 123 330 52 76 27
72 56 305 147 32 170 341 192 180 23 65 122 195 13 285
112 304 63 68 256 136 48 63 342 120 41 335 28 129 85
92 23 235 346 285 137 175 51 6 193 328 137 49 175 11
127 271 151 117 343 295 313 157 162 156 229 191 41 196 178
146 156 138 154 185 199 43 230 50 241 168 263 291 291 221
219 337 296 241 40 60 45 36 86 122 111 74 262 113 147
286 189 79 189 92 205 171 206 172 180 255 236 280 292 276
74 157 63 292 191 297 151 335 147 32 166 168 145 9 258
330 321 99 233 152 52 21 285 212 274 239 142 325 22 282
237 29 63 124 111 88 85 32 87 101 345 58 88 193 327
339 94 136 120 344 298 265 53 48 340 306 256 36 236 179
70 345 148 268 123 116 277 91 224 93 347 96 285 238 310
233 195 45 127 297 319 244 332 295 335 284 95 118 60 248
218 10 311 274 299 334 79 298 289 170 335 128 217 258 99
42 57 105 123 236 164 136 97 55 54 138 53 270 180 249
247 292 51 212 124 304 118 292 85 97 324 159 63 64 332
264 225 150 55 293 161 224 273 139 273 12 315 305 231 309
7 324 159 122 22 18 294 333 323 195 133 315 325 13 116
34 161 200 154 26 300 333 94 325 110 37 20 118 93 327
290 78 178 247 287 342 49 97 205 106 77 231 203 38 329
129 157 322 130 9 175 136 250 242 289 73 312 131 346 119
89 306 285 36 161 41 117 198 28 235 104 29 326 274 162
93 118 168 203 200 263 257 100 321 37 209 6 55 309 310
222 135 65 14 231 153 30 337 341 31 99 246 62 139 88
227 131 62 338 73 193 23 67 327 302 297 308 176 90 245
278 312 25 232 127 266 90 225 162 294 196 207 140 269 346
231 87 320 54 53 319 179 69 235 222 9 13 60 236 157
113 332 344 204 301 286 229 271 151 199 23 91 134 66 41
197 132 97 210 143 71 309 229 29 40 282 24 119 277 285
232 129 120 246 129 278 268 163 257 286 317 114 195 261 228
183 167 286 222 307 191 140 54 31 216 121 238 254 270 111
66 28 71 210 38 184 204 255 176 165 46 255 324 67 282
294 335 214 289 25 36 207 306 247 11 188 206 305 72 337
116 196 297 44 269 110 154 281 114 123 337 151 320 67 321
124 84 265 187 108 132 122 113 78 25 275 198 119 188 206
45 23 275 77 95 322 159 120 276 183 157 192 189 189 270
162 107 38 10 44 189 235 184 169 34 79 9 120 252 246
320 188 296 320 293 156 287 206 325 170 281 72 290 97 333
210 344 342 163 152 189 281 271 190 306 136 299 92 223 49
144 96 254 233 124 25 294 312 249 63 193 103 53 93 312
10000000 10000000 10000000 10000000 10000000 10000000 10000000 10000000 10000000 10000000 10000000 10000000 10000000 10000000 10000000
308 152 227 332 275 199 57 292 224 127 84 106 97 197 104
115 152 319 319 187 130 273 48 120 201 256 190 61 326 317
129 42 164 72 304 34 50 136 296 128 192 254 160 92 301
312 51 42 42 277 63 160 17 180 129 305 157 114 225 48
129 224 281 38 44 282 38 212 299 208 139 165 67 161 108
298 329 231 6 335 239 286 274 262 66 111 330 62 324 114
295 16 102 64 251 79 157 121 298 43 276 109 309 234 211
33 237 55 23 27 279 152 219 178 288 235 344 225 290 118
20 67 233 338 311 139 5 303 342 26 220 186 335 146 236
119 293 119 115 68 201 337 55 39 253 88 132 34 227 289
93 167 119 161 51 119 214 36 227 339 311 127 301 131 54
66 12 157 26 188 16 138 117 208 337 155 59 25 347 286
140 212 89 56 246 153 346 96 294 173 196 13 46 224 320
286 165 252 129 245 217 279 264 306 154 55 241 339 286 5
288 176 56 306 33 38 105 38 314 252 126 96 34 104 211
34 338 287 98 18 83 52 317 291 256 244 307 217 37 231
282 345 101 44 288 26 187 281 298 216 94 299 346 61 143
68 327 201 306 316 20 247 321 220 84 105 204 62 344 102
107 40 97 290 146 308 167 73 38 199 244 181 173 93 281
99 140 289 277 203 272 126 159 239 274 194 59 253 155 229
311 304 307 140 103 45 261 170 107 41 253 150 126 175 233
120 43 131 73 129 198 233 82 16 226 185 190 326 72 92
198 263 108 105 182 25 335 172 251 193 90 309 77 287 272
133 16 217 259 50 247 107 227 105 88 285 5 282 217 208
211 213 47 49 100 264 183 237 70 102 215 111 231 315 204
238 154 228 142 243 321 242 180 165 231 150 188 204 346 162
127 55 171 141 145 56 63 106 272 291 265 182 73 236 339
208 139 35 294 138 234 313 149 239 132 293 293 49 344 346
133 90 212 102 153 86 28 86 71 104 89 54 94 236 53
203 273 40 15 242 108 131 269 134 104 128 347 234 276 152
194 147 212 89 7 155 207 32 343 83 315 298 108 313 167
259 11 288 46 119 134 175 35 6 75 216 29 109 161 230
345 28 258 198 234 303 82 215 146 27 239 196 319 265 37
31 282 330 11 24 206 9 326 131 196 230 259 197 154 217
101 342 224 225 101 160 248 222 164 301 46 58 21 120 186
337 334 130 58 232 133 40 141 265 194 75 228 19 104 63
65 123 61 70 74 20 37 217 294 278 267 169 230 245 253
282 69 304 19 321 56 157 304 262 155 268 297 68 33 29
281 305 207 31 276 92 52 10 27 88 272 22 258 143 337
129 5 254 231 82 251 80 52 99 120 252 191 141 214 35
293 42 37 321 254 150 235 14 64 91 148 338 92 24 157
291 67 266 287 297 165 292 164 5 275 268 310 127 160 285
138 299 347 202 314 105 273 147 271 55 133 343 63 124 141
314 79 191 103 152 345 285 302 176 325 318 291 78 124 49
37 312 96 8 300 163 322 264 128 48 215 30 114 197 114
254 149 244 57 39 18 159 336 157 133 44 205 11 176 33
23 280 338 72 156 168 312 18 8 112 125 270 99 121 295
57 95 121 39 197 220 54 243 270 129 162 275 210 84 137
78 12 108 129 94 321 265 76 272 276 41 20 171 205 106
222 189 176 53 84 45 347 35 231 222 109 125 217 130 244
85 314 29 194 117 342 171 153 333 181 52 104 161 38 149
100 334 50 340 270 96 179 334 344 152 339 72 130 76 206
66 10 196 136 151 70 156 75 201 254 148 29 13 159 47
43 86 82 9 314 338 26 203 225 289 247 334 271 51 321
91 242 203 72 331 44 27 42 50 147 33 194 138 49 35
104 336 311 102 236 192 260 191 206 273 271 79 129 282 312
99 220 316 70 102 155 13 78 179 158 160 278 14 61 223
261 120 37 323 343 68 175 62 176 229 131 104 37 88 202
11 169 213 35 232 159 292 29 149 249 117 127 195 117 128
326 187 160 236 289 23 306 187 345 36 99 283 323 81 38
252 25 94 18 178 259 123 42 182 277 288 205 257 276 188
36 123 252 17 109 33 311 153 24 157 60 298 229 321 118
36 257 101 231 180 164 80 115 316 187 155 277 330 57 278
55 171 262 177 156 347 191 31 271 261 112 34 25 252 318
295 93 317 191 222 151 43 147 15 283 321 30 53 99 31
321 105 153 70 256 319 181 204 268 244 146 110 275 98 112
157 177 334 218 321 238 70 305 276 53 123 70 167 173 121
6 149 239 19 71 180 306 273 38 216 233 165 192 30 344
155 207 316 187 81 53 331 255 281 242 313 171 314 150 14
142 53 338 146 76 100 277 314 319 203 249 75 36 146 54
10000000 10000000 10000000 10000000 10000000 10000000 10000000 10000000 10000000 10000000 10000000 10000000 10000000 10000000 10000000
77 329 159 107 209 5 320 205 59 35 46 282 346 183 185
149 210 220 100 96 116 172 16 152 191 38 90 153 29 46
290 20 142 107 169 347 135 200 65 121 182 214 240 5 178
168 92 148 264 289 278 297 182 31 304 67 184 234 230 127
307 299 126 220 15 110 268 181 215 31 178 98 273 66 64
151 216 291 305 124 129 157 62 234 105 65 285 311 237 73
88 97 7 140 284 89 21 29 91 155 72 289 268 7 282
198 224 287 292 327 145 318 230 34 72 59 77 320 262 23
169 290 10 232 261 157 66 9 106 231 92 14 66 188 249
173 134 327 104 217 196 279 93 338 296 96 272 155 248 296
217 115 37 96 22 102 233 114 103 337 238 211 115 131 242
155 108 144 294 259 181 87 22 35 164 72 187 247 235 189
292 41 239 309 208 112 327 304 246 129 128 32 161 219 330
270 282 23 12 189 312 284 125 32 258 204 73 268 305 335
57 13 178 271 320 254 289 325 287 320 209 154 264 244 174
58 109 328 110 103 227 165 251 101 222 280 343 86 130 151
322 116 40 333 122 260 345 305 86 158 188 309 172 207 313
346 261 110 27 69 11 328 139 41 204 63 292 224 228 109
188 126 173 309 227 201 28 295 95 44 267 23 157 335 303
201 60 332 92 133 69 315 164 56 132 115 12 243 61 54
24 269 323 242 215 310 54 89 69 76 319 39 70 73 115
189 103 313 71 212 246 26 187 142 232 205 234 10 208 14
126 319 296 223 289 253 106 50 157 255 297 96 319 346 178
144 137 151 118 149 293 346 144 242 87 311 347 193 190 202
181 181 274 11 269 33 201 305 158 305 296 315 45 73 305
163 314 90 60 190 54 18 163 71 163 117 291 159 196 154
155 152 200 234 284 59 184 184 73 224 316 334 308 335 198
81 336 244 225 64 261 182 194 330 185 302 234 129 135 184
260 213 26 341 18 154 223 244 10 113 44 183 101 187 33
98 193 197 156 219 163 141 148 155 254 301 266 204 92 84
265 315 132 38 241 98 325 102 69 213 328 228 172 40 201
200 318 152 343 105 40 134 327 146 266 66 173 241 217 79
173 308 88 167 167 66 306 286 298 163 325 220 168 92 151
181 309 103 311 144 165 142 211 187 287 87 201 187 144 203
236 303 109 298 14 206 207 38 116 123 42 91 202 195 170
95 296 284 332 347 228 57 220 263 112 82 125 180 326 340
21 304 147 332 166 180 128 241 116 36 119 132 48 191 246
170 159 169 104 237 177 43 158 8 166 26 273 93 270 280
235 154 179 239 263 147 81 207 46 85 237 83 230 324 86
262 20 161 93 249 273 281 9 290 179 340 228 312 192 176
7 181 227 176 139 185 344 257 144 121 207 103 198 211 266
228 105 338 146 77 254 232 167 124 216 119 88 208 217 284
148 48 55 325 232 161 154 154 235 168 75 117 240 152 49
175 298 118 37 12 115 73 284 284 260 71 153 284 194 332
339 224 318 221 327 49 225 221 333 136 213 89 153 133 105
336 321 331 317 159 52 143 154 288 320 58 194 203 327 119
310 57 197 332 254 53 336 67 285 264 232 68 311 55 290
146 297 146 305 299 58 309 109 18 310 59 195 87 325 34
171 114 195 225 56 187 233 81 318 140 192 39 249 84 246
305 258 155 52 198 107 87 271 173 320 179 119 193 202 252
148 294 336 135 91 185 174 219 282 238 225 325 281 70 305
111 287 273 248 181 10 248 263 187 322 49 122 105 249 12
251 106 80 12 17 204 220 49 130 263 42 345 65 36 219
276 177 301 84 331 242 124 297 239 24 76 111 331 252 319
250 92 26 315 252 312 171 135 141 128 337 334 28 174 153
201 108 74 47 94 184 214 174 32 142 252 36 16 79 324
296 139 181 299 303 14 196 260 238 153 172 143 331 9 23
168 56 156 247 87 153 109 298 150 96 19 244 242 321 14
164 276 131 203 100 314 206 281 36 170 285 29 342 74 287
70 153 310 255 92 184 297 244 265 184 270 308 89 275 182
63 138 173 20 91 183 302 251 103 336 141 46 6 53 240
12 141 167 266 49 158 257 227 27 345 169 181 131 122 62
207 145 220 131 57 313 347 214 87 124 162 190 324 36 275
85 288 103 277 87 312 239 153 62 219 343 260 189 94 134
106 35 267 214 345 82 319 57 274 35 130 58 269 324 190
260 190 81 275 85 19 30 282 123 154 61 96 236 345 329
195 237 213 318 316 246 233 221 320 163 197 302 97 205 68
142 185 36 285 180 227 30 224 148 21 137 292 293 259 30
255 137 231 93 161 115 158 199 161 302 121 296 29 204 138
317 189 105 77 277 83 33 197 201 167 211 168 70 194 274
10000000 10000000 10000000 10000000 10000000 10000000 10000000 10000000 10000000 10000000 10000000 10000000 10000000 10000000 10000000
8 323 252 224 148 16 33 87 259 270 264 335 150 326 165
203 36 50 330 113 271 289 263 22 240 110 206 138 323 10
260 262 311 259 332 188 79 213 65 41 98 340 308 177 99
331 27 60 303 283 189 339 172 201 311 231 78 102 173 281
195 343 94 249 210 228 326 191 328 161 282 82 40 308 89
277 131 224 19 221 276 120 91 41 55 262 192 288 13 186
60 103 109 50 61 145 209 315 138 126 185 34 298 267 308
28 166 332 115 284 143 328 74 47 205 22 247 43 224 73
83 312 70 89 25 224 51 246 181 343 61 14 132 213 114
43 333 16 149 241 274 77 179 50 160 204 68 117 221 329
201 96 234 285 152 122 227 111 334 185 251 6 189 179 282
149 304 333 197 41 103 192 340 210 181 87 80 326 17 64
335 54 258 287 341 310 295 68 306 38 224 333 28 34 236
220 322 187 301 134 56 128 315 176 313 240 34 220 184 74
219 52 117 54 257 312 219 91 9 201 36 325 219 66 8
329 22 199 70 271 169 142 212 198 15 7 222 257 248 308
43 111 233 329 5 217 88 338 176 347 92 7 300 101 43
44 254 83 323 85 259 301 203 112 291 255 152 155 231 217
76 235 27 129 8 246 208 60 286 12 10 33 263 44 282
181 209 16 343 54 38 255 143 109 231 144 130 345 145 302
273 153 10 318 324 111 272 217 252 308 280 157 189 74 271
280 123 273 327 74 319 273 89 338 126 205 307 234 9 231
88 182 36 61 294 117 200 250 320 325 218 342 45 292 162
328 340 251 199 183 43 278 128 180 308 251 291 110 31 291
326 6 78 40 265 337 278 250 22 22 117 202 144 37 277
257 344 67 70 65 347 67 63 273 264 75 128 212 219 250
185 20 133 13 262 280 171 213 240 177 134 38 143 263 196
168 341 137 332 320 123 159 213 161 174 138 121 338 107 112
39 240 328 271 238 245 284 113 130 328 39 100 125 16 307
91 193 331 94 285 22 40 186 46 182 326 250 300 324 213
184 151 176 44 330 95 59 334 250 121 132 271 314 35 311
335 262 49 125 189 238 289 345 340 97 251 77 325 26 26
27 213 140 267 18 102 272 160 55 27 89 147 60 53 230
344 80 76 69 45 117 325 148 19 150 303 171 56 273 42
211 321 65 17 246 341 260 231 177 109 109 203 127 127 320
343 43 139 172 57 150 307 295 111 220 224 230 39 229 126
320 332 27 244 298 169 55 325 54 178 79 166 156 168 175
306 87 242 19 289 161 80 207 202 177 321 95 147 294 273
128 192 300 218 281 36 136 22 145 21 250 213 5 21 265
87 302 37 79 286 137 241 280 145 157 252 163 163 293 30
140 188 127 311 58 285 262 60 62 226 74 223 297 233 72
182 271 196 202 132 9 260 174 118 251 206 165 200 282 104
196 200 201 139 180 75 214 274 92 9 217 228 168 47 43
289 167 26 231 298 241 276 281 38 322 324 16 111 179 323
86 244 344 131 287 305 279 104 30 69 94 41 22 220 150
127 256 126 198 177 268 10 149 284 103 110 199 282 163 30
79 289 282 188 213 199 324 72 76 20 300 133 44 271 154
158 149 24 248 260 238 280 134 61 188 312 260 120 327 317
178 69 98 121 228 102 61 209 344 290 245 148 105 59 271
11 188 253 220 167 152 97 30 322 287 30 158 53 11 192
199 9 314 285 261 212 229 63 118 8 304 317 322 128 210
101 24 14 61 256 65 256 82 270 187 98 285 255 340 34
53 113 131 107 308 171 231 101 338 155 43 312 117 190 26
44 63 38 123 15 50 6 31 170 22 250 57 36 160 162
267 291 141 117 95 71 36 26 90 343 289 23 293 283 313
109 312 243 62 21 47 8 147 150 268 64 286 292 106 337
91 172 293 16 19 194 154 81 260 346 293 46 253 247 320
299 44 95 346 94 165 266 259 317 305 188 45 127 216 131
73 310 111 121 299 215 156 78 311 21 235 312 140 243 184
168 226 47 74 121 192 131 131 53 23 218 92 81 264 100
239 82 30 341 127 339 97 188 269 269 325 133 125 108 149
258 344 144 11 172 35 245 330 271 293 70 18 151 208 291
151 184 102 296 51 127 27 338 103 17 237 341 28 258 277
8 173 181 312 47 62 71 40 289 100 238 286 269 141 281
130 30 243 60 333 285 144 343 76 85 209 202 74 71 335
116 78 8 72 17 62 175 237 102 241 315 23 72 228 14
310 263 116 44 184 165 87 279 26 134 190 111 131 298 290
75 134 32 39 189 231 345 203 266 41 34 287 118 250 161
291 86 265 311 343 131 264 186 34 86 330 264 34 328 74
281 331 255 22 344 315 269 246 6 216 163 196 250 157 77
10000000 10000000 10000000 10000000 10000000 10000000 10000000 10000000 10000000 10000000 10000000 10000000 10000000 10000000 10000000
98 89 68 163 19 86 317 210 175 316 249 97 24 89 296
222 131 260 125 192 161 129 298 65 30 215 198 51 305 212
163 123 211 145 45 42 71 336 281 109 74 217 211 143 166
101 329 272 225 222 128 100 58 167 31 21 21 298 108 346
66 223 70 68 135 160 246 24 203 173 131 90 203 145 189
147 154 340 142 5 326 311 256 218 140 230 125 260 273 214
7 64 281 93 346 282 176 299 206 76 117 256 117 327 117
182 324 160 160 294 36 169 340 34 104 145 231 160 278 88
347 271 283 206 219 261 97 21 104 310 33 194 20 183 34
181 44 159 219 191 235 5 311 332 235 208 73 226 99 149
101 312 48 54 230 275 288 253 119 310 42 114 345 297 10
77 174 170 103 15 271 200 107 64 38 239 83 150 149 58
290 113 329 92 221 258 16 169 41 333 325 309 343 103 146
58 134 249 233 347 188 251 128 214 53 239 220 332 324 161
88 112 22 323 95 16 194 148 259 292 333 66 276 114 272
168 313 22 167 285 64 205 19 300 69 267 150 114 92 27
44 265 156 180 228 120 152 63 107 30 80 336 145 112 235
30 256 272 7 167 171 115 266 66 233 226 79 153 233 6
131 209 301 96 146 8 135 237 97 110 240 107 70 18 273
132 219 130 74 308 261 265 332 328 305 285 338 15 123 111
166 48 76 148 304 40 107 246 122 287 142 272 300 209 235
130 51 82 312 75 286 267 326 262 340 178 98 45 64 241
58 205 282 168 182 106 68 180 49 28 107 118 15 297 316
94 145 259 138 126 305 214 60 249 34 191 183 96 146 269
208 341 313 324 70 254 191 36 248 240 221 259 52 253 106
144 304 172 318 191 9 332 289 250 284 43 333 196 141 277
334 192 175 255 70 181 247 234 223 294 173 315 65 222 50
79 148 97 176 109 141 19 162 323 205 236 302 116 271 7
278 10 331 202 27 19 212 56 210 123 322 168 229 250 158
110 66 148 54 246 237 338 273 125 66 316 195 307 81 41
318 280 142 156 289 270 156 342 63 160 211 88 303 11 210
299 298 316 322 206 149 245 294 281 211 107 119 8 306 51
157 231 152 321 250 304 254 9 250 244 344 65 36 145 56
82 317 5 116 262 298 93 94 217 237 147 254 268 121 33
91 245 5 6 7 268 117 60 154 289 212 32 254 166 278
271 142 309 24 113 123 120 204 181 114 316 303 261 233 236
131 230 104 133 268 242 322 127 260 43 176 113 261 290 222
58 240 43 206 330 98 323 311 175 90 126 142 220 146 266
224 305 25 271 235 98 121 263 342 173 42 86 61 227 257
333 166 273 336 285 98 217 328 329 116 5 106 207 165 293
221 168 159 5 330 315 346 291 269 258 22 218 235 265 196
257 238 115 78 49 124 44 322 107 83 56 259 229 33 257
296 13 201 218 222 106 96 134 17 323 288 138 334 40 25
219 225 128 16 25 166 80 49 59 9 161 56 193 264 140
171 127 206 232 187 266 51 121 17 345 16 128 270 109 32
6 287 18 29 331 170 281 175 312 340 269 289 106 298 307
332 187 189 88 260 229 227 97 329 142 60 318 42 293 212
231 199 145 270 56 107 158 121 293 332 325 178 313 159 251
139 258 330 167 340 201 113 53 141 258 249 165 219 8 83
269 46 10 240 191 346 25 244 148 22 270 255 298 284 323
271 153 230 230 24 274 92 153 330 248 243 27 209 284 150
93 213 290 117 263 62 24 336 15 216 94 335 128 110 44
71 147 277 245 209 176 213 134 187 279 197 165 213 302 32
5 347 318 94 26 121 139 233 152 347 79 8 106 255 298
92 138 168 288 238 195 175 23 302 290 23 313 51 147 254
118 336 311 336 119 209 302 276 335 58 343 174 74 338 108
71 191 227 200 151 60 110 130 286 143 299 172 264 116 57
164 46 243 63 163 99 325 310 243 10 261 313 198 247 140
256 74 218 9 59 93 35 155 251 78 160 185 57 303 341
113 143 185 115 251 151 201 169 112 56 273 51 298 103 137
164 162 195 209 243 65 201 206 195 204 220 175 134 92 162
283 267 87 260 156 112 170 315 163 95 330 340 16 123 268
201 321 160 346 183 248 113 283 13 60 306 99 324 238 20
253 175 71 305 340 172 315 100 263 21 270 168 110 90 122
108 283 98 171 30 21 101 159 335 232 258 295 136 303 25
255 169 144 182 85 178 280 341 95 169 216 244 31 175 283
243 157 29 316 200 332 319 176 40 16 176 136 135 262 21
134 235 203 324 19 253 319 302 258 202 54 272 343 260 242
208 68 100 298 43 8 92 228 46 315 321 60 74 127 194
267 251 292 230 8 37 309 222 97 313 297 53 224 245 130
10000000 10000000 10000000 10000000 10000000 10000000 10000000 10000000 10000000 10000000 10000000 10000000 10000000 10000000 10000000
228 139 339 182 48 255 73 135 323 200 124 127 173 244 212
91 151 128 11 277 145 264 219 177 325 189 164 104 272 236
135 105 215 341 154 136 342 284 5 251 300 216 326 87 73
7 331 135 253 35 219 149 235 291 29 297 278 338 295 345
121 246 164 145 7 298 250 225 195 191 163 38 321 328 213
144 324 293 70 169 12 242 142 86 184 78 78 286 115 239
314 327 116 325 25 29 306 20 19 122 239 116 212 292 128
300 216 22 147 224 59 284 64 222 49 182 101 167 290 148
259 237 93 340 50 160 112 142 21 119 313 162 14 155 283
167 242 279 122 331 296 345 309 331 277 31 125 11 245 329
212 84 323 345 93 177 61 63 336 302 333 160 30 271 62
145 300 212 225 179 247 216 314 140 39 320 209 194 218 158
271 326 307 137 214 299 177 247 53 329 341 58 115 318 216
214 319 239 145 24 81 163 221 33 11 78 154 56 143 53
72 315 321 96 222 303 335 326 300 330 297 242 127 119 311
248 225 287 89 171 32 109 320 26 273 19 10 49 72 243
45 57 6 246 302 41 314 40 34 119 175 66 326 123 155
231 197 300 140 266 58 337 242 189 7 41 173 253 165 55
71 312 231 152 315 217 61 310 236 8 66 225 181 303 244
59 76 330 74 257 334 90 28 214 153 258 316 151 250 239
32 301 187 302 204 232 131 171 158 183 175 211 125 73 258
41 344 254 26 274 328 56 155 199 155 300 219 245 218 215
16 205 182 277 285 347 69 261 88 228 83 65 222 41 161
22 257 68 273 104 193 127 284 233 39 11 123 18 193 46
140 183 24 20 164 216 310 67 184 51 236 314 157 144 214
132 129 293 157 256 165 286 98 17 314 121 45 28 127 163
138 177 83 59 272 179 8 180 74 315 236 277 218 219 317
82 347 48 219 22 280 272 244 258 42 298 338 90 53 188
16 90 35 64 193 238 329 106 40 330 203 126 206 95 251
92 183 137 7 46 180 339 256 32 309 9 45 126 253 243
189 327 260 27 136 169 116 269 333 223 9 82 258 310 324
217 255 166 239 340 203 136 173 125 28 103 34 26 228 46
319 171 329 272 89 243 9 239 216 70 182 73 108 265 17
92 237 142 285 93 134 299 25 48 200 308 62 208 278 208
157 232 56 72 17 141 224 163 59 102 84 179 274 191 113
40 75 193 167 183 193 327 64 201 66 183 296 52 308 32
285 139 325 170 60 268 208 328 320 309 45 11 112 9 171
149 10 271 314 270 56 237 122 240 338 185 148 196 130 290
76 37 31 277 145 158 114 272 63 333 120 181 257 252 147
41 338 168 170 291 16 287 92 303 311 226 168 58 191 140
208 58 337 226 202 42 63 303 162 193 235 238 264 294 15
220 140 113 343 269 77 134 19 264 342 147 262 190 58 211
326 121 254 188 145 160 242 172 127 39 318 183 285 130 171
139 15 344 182 93 213 246 82 73 163 224 146 99 289 94
105 123 239 161 297 124 141 46 187 288 112 94 10 343 17
90 23 95 126 59 64 43 68 121 259 20 294 117 195 330
159 138 250 228 28 97 217 14 71 209 110 189 220 18 271
209 144 118 165 190 138 242 212 258 17 259 340 153 314 228
8 132 285 282 145 55 12 32 30 115 234 97 238 341 48
116 58 203 343 149 191 165 235 51 160 274 121 320 183 334
160 71 256 115 322 70 170 83 301 77 230 248 81 96 244
326 304 125 57 337 219 170 206 133 132 257 6 284 255 76
183 315 45 77 251 316 274 94 329 79 115 42 114 278 303
299 205 108 102 267 114 71 14 73 28 315 97 132 144 103
13 223 329 123 323 55 271 211 257 240 314 164 181 70 228
68 16 246 319 122 284 53 269 208 257 241 156 324 78 124
345 224 297 15 266 318 188 134 110 232 249 304 319 61 26
110 324 165 182 181 40 66 163 16 249 244 65 172 300 166
160 60 253 195 238 45 305 224 318 282 303 76 134 251 34
63 155 183 155 37 145 290 264 25 126 154 169 103 340 179
254 25 69 255 185 306 14 322 73 330 244 329 63 152 335
102 336 335 113 21 141 230 227 327 322 195 45 103 124 141
253 276 91 79 144 29 9 157 290 65 326 315 267 331 344
249 338 342 344 225 77 67 292 211 283 270 294 45 338 82
29 235 80 223 125 159 259 95 340 187 9 324 27 20 9
305 280 83 125 198 240 71 193 163 150 114 76 311 77 238
109 229 280 306 338 156 314 298 118 64 78 68 124 276 98
247 72 137 65 93 103 129 145 85 328 340 83 114 97 96
177 151 290 42 187 304 330 319 144 91 199 48 244 254 256
55 291 215 171 104 235 177 215 97 70 201 142 114 37 147
10000000 10000000 10000000 10000000 10000000 10000000 10000000 10000000 10000000 10000000 10000000 10000000 10000000 10000000 10000000
96 49 46 26 117 81 86 318 49 41 336 233 225 72 195
223 51 82 18 168 100 128 119 283 159 172 308 244 302 153
257 247 316 63 177 188 106 342 333 249 208 310 216 191 170
190 57 170 253 260 319 192 248 146 81 215 108 144 139 142
206 70 91 120 165 164 303 328 205 184 268 72 248 223 292
132 312 291 101 84 148 141 345 287 126 287 36 227 141 75
172 255 91 59 58 281 327 174 296 152 188 81 91 21 119
231 301 193 340 280 251 91 325 191 87 155 118 189 176 246
193 93 271 79 211 46 85 78 258 275 66 26 217 63 251
266 320 219 341 321 7 346 216 58 190 165 60 239 102 254
55 206 191 60 41 43 236 96 155 293 292 228 53 113 238
323 61 38 321 340 111 52 251 273 181 100 16 142 127 200
41 162 333 62 74 148 270 72 19 317 138 7 95 101 239
139 58 317 152 117 124 262 45 11 52 240 154 7 264 67
214 222 341 104 70 91 272 311 77 296 283 215 292 261 123
112 202 257 257 35 145 291 153 320 40 113 228 126 165 296
203 334 327 271 100 226 279 168 12 169 139 28 21 65 54
97 230 302 163 56 340 283 159 126 197 149 103 155 91 311
201 103 145 309 310 22 99 318 82 194 131 66 335 245 347
336 307 242 88 16 346 255 149 198 94 242 165 182 24 103
296 83 236 65 237 170 11 227 176 317 159 337 297 151 163
216 301 72 281 161 321 133 240 282 55 65 249 321 95 272
234 78 214 141 67 315 204 80 137 321 259 316 269 207 344
311 115 47 73 262 56 320 245 155 129 261 239 48 201 180
235 206 71 154 291 283 56 345 317 212 192 294 164 278 294
33 322 188 48 228 177 178 102 336 169 247 64 150 313 142
63 62 222 151 276 55 312 181 164 340 221 94 339 292 121
157 207 12 324 312 324 261 79 39 255 27 127 78 108 18
114 115 85 16 97 213 100 57 98 17 134 64 136 110 196
244 62 192 57 327 22 185 143 206 147 237 39 170 231 141
89 13 40 282 72 169 267 214 147 278 264 342 290 76 207
186 171 159 165 90 124 96 90 18 36 160 71 128 151 44
336 138 253 91 150 330 135 60 304 86 142 303 47 216 27
123 181 208 206 258 253 100 128 180 83 219 259 30 24 40
271 206 203 146 264 234 134 121 121 244 172 207 252 298 53
222 216 26 269 135 10 132 179 96 273 34 233 334 258 47
303 274 50 194 88 296 106 154 305 14 149 184 300 58 255
167 301 188 23 186 42 161 27 103 329 151 67 48 277 58
93 85 223 66 214 117 73 340 321 114 186 291 125 171 122
128 215 317 127 124 186 124 306 33 253 238 312 72 92 246
302 124 28 291 253 187 149 102 344 128 83 275 224 224 342
199 268 109 167 224 337 164 90 142 177 62 286 336 28 189
45 160 250 191 316 102 66 207 82 345 82 212 191 208 117
32 231 285 243 26 195 252 249 305 326 141 185 118 59 344
81 195 123 38 261 41 24 198 192 246 53 117 125 316 320
159 202 185 103 173 140 168 194 167 48 273 115 162 99 340
24 227 108 210 27 18 326 160 304 38 29 244 248 45 115
211 215 291 325 161 216 58 154 297 238 321 269 145 136 181
309 82 88 290 144 52 208 96 34 230 145 46 91 26 133
260 307 296 326 50 40 305 131 173 296 256 134 162 128 154
246 145 67 225 29 254 139 253 59 191 84 45 337 169 126
265 165 37 183 199 172 87 291 245 250 151 38 125 206 175
130 92 154 139 344 140 216 94 148 158 164 306 48 23 233
92 101 244 122 327 137 277 234 346 118 191 146 329 295 238
306 313 55 32 196 164 339 224 27 28 216 17 122 227 158
297 224 86 10 87 166 276 263 159 293 275 50 312 302 154
88 324 206 173 66 268 67 291 57 253 332 255 68 199 218
103 121 209 60 218 69 150 172 123 203 286 163 110 61 319
173 223 246 23 156 320 324 145 287 209 317 86 305 24 251
77 212 23 319 176 254 245 101 63 110 347 116 110 225 177
47 87 48 317 153 274 153 332 177 252 173 194 211 171 278
308 278 330 318 77 8 16 240 347 65 297 44 291 170 62
28 101 237 321 320 141 110 253 155 221 25 278 317 55 294
271 266 267 115 137 66 339 279 315 103 263 346 298 306 299
91 126 83 24 347 210 72 182 72 145 24 229 70 64 153
264 264 81 345 234 270 272 60 316 343 310 62 315 290 124
123 173 245 347 263 148 24 45 117 281 51 300 154 58 133
253 20 250 122 46 32 100 8 238 160 106 276 333 24 87
75 169 309 149 197 13 128 305 221 47 9 218 153 112 98
301 18 127 239 223 6 299 146 331 241 105 250 136 191 324
10000000 10000000 10000000 10000000 10000000 10000000 10000000 10000000 10000000 10000000 10000000 10000000 10000000 10000000 10000000
10 201 92 92 133 205 198 79 87 40 329 300 189 208 339
286 316 14 246 199 303 267 78 202 96 10 229 226 186 195
156 15 51 34 193 138 112 78 122 239 286 241 203 177 152
79 184 340 143 312 164 20 208 132 129 307 96 291 172 220
30 239 242 319 106 290 318 103 303 256 239 182 339 196 72
164 82 73 341 302 179 287 215 274 277 335 65 286 310 71
257 270 341 173 137 193 89 56 77 30 39 57 123 155 19
66 82 145 232 149 16 249 190 342 93 137 146 231 83 45
118 161 243 288 132 21 79 166 345 62 256 76 258 318 181
109 193 11 46 210 72 220 276 29 232 89 139 96 60 166
125 325 193 66 202 273 5 13 142 288 87 82 331 230 261
316 87 112 63 302 124 34 265 338 207 243 137 117 198 82
268 296 272 262 334 141 89 202 159 92 242 61 89 238 191
85 24 138 298 264 220 298 290 26 53 166 141 303 240 116
313 179 316 94 246 151 107 156 316 251 177 243 163 210 320
276 292 46 28 280 213 322 330 220 97 79 237 245 218 319
203 129 41 154 335 268 77 166 219 270 309 56 260 338 53
52 180 266 163 249 98 9 114 60 78 147 326 278 124 43
175 149 320 266 263 150 265 312 144 264 84 98 180 30 216
329 22 54 221 201 78 163 231 152 204 11 25 20 252 90
344 165 276 327 92 197 199 94 277 152 183 190 71 55 13
274 13 276 20 346 214 282 110 33 143 177 94 99 91 208
190 159 164 173 325 176 329 119 288 133 301 82 189 143 143
266 304 303 123 88 343 146 45 52 136 151 9 15 202 317
52 96 298 327 10 216 266 202 154 241 338 327 68 163 86
279 164 28 292 140 138 77 65 30 129 73 270 329 82 206
300 42 251 276 13 265 295 244 124 46 133 156 321 201 277
304 98 270 307 157 163 235 53 85 207 194 250 313 325 228
291 253 114 213 45 71 72 89 141 334 127 98 229 74 332
6 108 117 139 141 183 245 232 292 85 36 173 316 184 108
322 245 195 269 66 180 113 172 293 31 53 28 127 328 313
14 199 293 220 136 262 42 69 173 328 259 294 10 212 181
32 113 310 131 121 20 321 123 175 87 271 29 121 281 144
70 163 69 246 25 338 124 208 334 248 20 346 314 234 98
151 126 145 40 178 38 250 37 44 313 81 239 181 255 283
117 252 312 88 312 234 64 126 272 204 214 323 243 325 66
31 326 215 91 238 196 264 199 313 317 138 280 213 199 124
257 194 247 106 107 76 334 87 54 327 165 77 242 5 29
314 203 33 83 66 225 135 21 80 46 281 147 221 202 245
285 256 246 151 42 71 248 190 286 115 48 77 175 119 340
134 67 46 283 258 178 167 346 42 256 14 13 235 138 305
321 156 258 296 223 96 202 291 23 287 48 19 302 210 118
230 230 77 183 125 135 139 163 100 160 318 139 167 174 344
9 202 122 51 105 306 206 241 225 312 29 245 230 79 102
231 75 112 347 132 46 96 173 233 125 269 219 17 74 120
29 284 49 185 83 334 153 228 126 71 135 205 247 138 185
292 100 184 310 22 227 96 52 175 266 188 189 66 195 278
270 312 265 328 19 174 138 134 323 188 211 248 343 89 187
224 226 331 238 308 125 67 83 326 204 238 105 283 178 35
284 234 30 285 311 159 295 266 263 334 280 39 136 5 276
254 204 209 219 140 47 148 341 269 126 282 313 91 301 237
145 126 261 143 270 205 108 275 250 223 311 250 5 138 265
220 336 329 222 104 9 271 120 210 35 243 73 167 278 300
189 220 220 314 150 184 16 92 19 255 343 159 166 150 5
314 222 287 26 255 213 311 119 200 96 333 188 88 245 32
12 156 233 248 26 178 9 106 146 86 236 120 105 159 226
298 320 41 7 59 311 118 202 227 102 207 76 273 243 94
21 260 275 214 31 288 161 257 133 295 235 41 162 24 5
290 340 139 271 196 96 340 277 8 233 16 46 27 313 227
268 24 151 152 161 163 245 219 202 224 129 228 108 71 176
295 288 273 201 116 157 280 301 128 179 344 206 269 313 8
288 156 65 146 295 156 82 317 260 203 153 303 21 345 154
52 122 139 329 120 107 205 58 138 305 321 158 259 136 171
325 256 123 316 153 346 49 142 176 184 212 228 232 326 227
61 234 190 151 333 320 64 129 290 236 293 225 263 135 61
337 125 158 207 57 45 71 107 16 71 45 84 146 254 9
253 176 263 210 49 254 255 226 192 198 128 96 259 96 39
20 318 114 104 129 302 26 250 172 306 276 76 225 52 274
120 51 182 59 269 78 331 320 193 233 213 143 163 284 44
76 209 27 109 243 232 241 31 11 8 232 295 46 301 69
10000000 10000000 10000000 10000000 10000000 10000000 10000000 10000000 10000000 10000000 10000000 10000000 10000000 10000000 10000000
331 256 215 102 114 102 47 150 10 149 198 123 8 263 147
281 71 234 131 286 265 156 313 60 40 93 336 29 114 337
48 121 296 153 344 121 212 19 189 337 9 284 49 343 293
145 129 215 186 173 147 295 51 227 219 214 164 241 83 210
17 286 96 194 242 345 325 55 322 71 166 68 273 82 140
331 302 300 315 233 23 269 139 85 35 177 270 81 164 141
22 23 184 205 113 314 151 34 207 13 5 192 270 323 342
209 208 253 297 229 181 279 317 284 45 142 96 229 334 177
194 295 182 244 13 12 194 82 37 157 212 202 223 85 245
191 344 260 323 135 188 108 7 130 74 126 178 251 162 169
80 26 184 23 269 232 41 339 57 30 221 10 297 312 120
93 60 191 28 36 293 266 336 103 257 132 162 180 68 55
320 263 203 174 92 22 98 215 124 54 163 194 234 203 123
264 233 99 179 258 18 67 140 227 81 177 154 26 330 315
187 34 302 260 307 253 186 148 278 178 188 250 90 297 47
30 114 113 226 36 217 295 107 61 159 237 260 196 157 172
18 123 38 262 269 54 85 275 62 329 317 200 273 45 59
42 132 41 82 179 292 282 339 201 137 212 346 21 311 124
175 156 66 38 169 100 315 236 15 107 297 44 179 169 44
202 293 177 67 313 163 247 277 239 171 55 219 146 56 186
172 303 238 57 219 131 197 203 214 330 29 148 335 94 136
239 132 285 311 291 190 59 71 137 130 327 106 93 324 144
283 308 72 21 310 171 99 333 25 171 129 171 133 184 63
176 10 135 88 161 265 85 238 55 108 297 265 101 5 82
51 15 83 112 138 260 71 223 270 39 299 282 154 67 126
110 71 52 63 194 292 330 71 93 16 195 75 339 341 72
289 91 126 156 166 133 187 23 267 274 269 106 282 41 35
35 264 322 283 189 225 259 279 249 182 75 125 245 59 254
136 56 21 217 275 94 142 54 137 295 268 15 155 322 302
322 94 333 335 297 10 113 239 257 61 20 220 305 180 8
203 333 30 267 242 226 150 125 90 270 285 309 138 52 9
162 47 72 180 226 14 121 330 120 51 172 87 257 130 325
21 221 222 196 239 6 229 25 116 152 33 42 107 24 43
284 20 49 284 256 111 135 177 99 91 181 268 77 86 332
132 139 169 338 234 320 57 30 325 124 149 140 186 164 329
291 286 275 139 45 243 26 23 40 262 58 6 135 235 291
128 112 269 86 10 28 159 172 77 63 275 45 190 297 196
323 117 225 133 304 36 146 53 184 27 72 224 111 328 132
266 139 271 322 238 79 322 54 144 69 58 146 143 279 101
337 160 95 266 283 199 60 176 253 120 207 254 336 334 66
57 189 339 159 334 222 337 123 269 110 35 116 316 311 227
8 116 281 259 50 41 123 106 159 202 212 67 262 114 187
5 266 273 271 116 275 310 46 165 242 167 187 302 95 283
208 32 236 51 53 141 305 20 156 86 17 329 152 161 114
7 143 297 239 228 38 263 15 91 155 141 309 16 98 55
236 211 119 269 315 334 27 96 199 322 34 52 128 98 26
156 147 156 37 5 26 65 332 27 302 120 322 286 294 234
269 90 93 215 288 66 138 195 140 103 69 131 292 339 250
137 223 230 240 165 196 172 185 71 346 75 152 135 330 246
39 105 325 281 159 268 111 203 175 277 314 334 173 152 153
114 268 255 321 30 66 306 182 184 251 131 165 265 309 303
9 243 37 186 107 29 281 275 152 317 271 45 27 251 149
188 189 7 278 147 70 258 52 342 117 34 227 106 55 212
51 37 235 328 233 90 199 321 286 251 188 45 104 187 273
163 69 274 126 272 10 336 105 138 279 66 127 312 49 129
150 72 67 122 194 48 219 37 338 188 227 329 32 265 152
235 228 301 205 110 308 139 41 95 173 333 116 303 318 248
16 335 327 256 280 166 327 315 201 329 156 329 24 11 209
39 214 315 168 345 291 315 182 169 57 339 10 116 201 44
228 143 115 115 179 27 88 192 248 324 325 154 72 198 94
62 218 83 65 252 55 116 85 201 218 124 160 210 265 82
19 138 322 293 163 262 287 169 344 107 76 54 14 334 228
216 243 23 30 327 281 247 341 197 203 132 257 306 333 40
230 193 191 149 224 33 155 194 106 58 157 162 61 333 285
83 12 24 144 174 320 128 234 81 142 170 11 347 335 15
159 84 65 63 196 283 102 53 230 255 179 164 29 149 283
39 122 87 261 267 201 331 286 142 343 303 313 77 170 26
278 295 289 98 209 196 57 46 158 176 100 298 298 73 42
281 72 103 275 47 159 107 68 30 214 31 165 136 230 13
309 264 69 247 190 191 277 135 205 333 38 44 311 135 177
10000000 10000000 10000000 10000000 10000000 10000000 10000000 10000000 10000000 10000000 10000000 10000000 10000000 10000000 10000000
219 235 118 110 142 39 192 125 288 212 8 334 133 264 217
91 147 320 281 52 236 160 174 288 147 106 26 84 236 162
241 190 258 321 268 178 15 342 24 322 123 264 138 237 244
16 227 75 86 88 86 22 76 345 94 250 96 329 195 343
293 37 86 129 5 235 177 37 32 234 56 251 180 342 13
304 337 305 258 75 311 316 198 122 98 115 298 233 79 58
221 341 149 294 227 76 347 263 63 97 104 297 52 204 52
34 60 39 346 112 294 181 17 242 79 55 295 345 181 274
187 166 208 130 342 313 327 239 141 108 284 323 330 82 166
124 90 193 191 334 270 127 284 154 190 239 67 135 226 75
159 65 81 276 123 113 26 218 52 77 302 104 310 299 136
156 56 210 335 209 322 145 258 154 329 338 94 207 85 154
299 115 200 54 169 252 289 304 223 288 279 11 87 328 321
168 335 153 209 37 109 141 276 228 121 65 147 308 258 330
309 142 168 226 223 96 323 313 231 46 224 164 129 37 50
337 321 33 269 29 195 172 243 304 119 344 320 341 175 211
253 318 99 262 116 324 225 339 250 307 147 79 194 90 106
77 71 308 165 88 111 95 295 296 50 58 66 78 113 235
108 333 259 181 168 176 24 284 254 32 43 66 166 140 5
103 98 166 185 87 28 35 318 198 108 39 270 270 156 304
105 282 302 30 237 236 150 244 194 102 25 116 203 119 265
242 155 277 79 209 334 205 342 273 182 220 206 231 107 55
49 211 225 329 56 195 70 170 89 284 65 205 224 165 325
209 28 325 255 185 250 279 170 332 243 291 9 325 41 154
93 307 244 14 213 326 157 97 174 80 77 18 310 308 337
203 207 131 20 198 255 170 124 321 70 11 107 318 185 238
82 22 304 103 175 87 302 325 247 240 152 290 55 233 50
322 330 132 204 261 101 164 54 329 204 235 197 249 196 192
316 39 198 182 87 246 14 308 197 96 101 244 87 308 38
129 285 334 236 137 208 232 173 241 38 183 219 126 268 144
37 250 105 35 182 32 218 273 259 250 344 290 123 68 132
69 40 292 124 271 335 77 74 173 90 139 260 176 93 134
74 246 187 74 267 279 139 247 176 227 165 162 169 230 32
249 257 287 93 133 99 261 48 301 105 128 113 309 316 221
69 249 72 263 35 233 245 57 265 47 87 167 151 278 77
9 91 56 217 322 182 199 166 214 42 157 103 212 224 255
280 135 219 30 159 191 280 315 280 224 346 289 32 203 318
145 342 221 135 39 266 119 196 101 138 255 343 324 78 311
217 319 147 341 58 42 306 316 336 83 17 281 105 338 195
141 161 42 284 313 196 29 210 181 70 89 25 235 188 63
162 81 335 159 339 194 279 20 27 82 296 176 335 161 241
329 198 230 100 113 11 290 10 171 103 297 232 81 92 298
212 132 292 238 240 17 78 236 318 58 271 247 67 308 80
110 148 130 183 331 96 97 177 87 53 220 317 329 174 320
212 107 137 197 94 62 188 111 149 98 252 295 83 46 290
23 185 170 235 162 89 273 330 259 196 61 307 15 341 198
120 337 204 332 158 161 221 185 276 296 33 174 267 108 107
173 152 345 98 220 103 59 181 109 235 159 125 11 145 93
159 67 7 322 288 164 114 155 316 184 105 23 313 122 56
325 153 53 207 35 262 268 320 10 229 320 230 345 275 327
242 296 205 9 242 253 187 203 268 234 252 77 119 213 148
316 136 336 282 119 99 160 160 282 277 149 89 332 116 126
171 293 78 337 304 20 94 254 118 70 272 67 92 198 88
285 280 290 100 219 327 251 149 344 43 174 111 186 292 261
111 161 33 235 207 74 171 17 165 339 219 235 199 168 109
243 180 251 125 97 76 180 117 316 324 77 64 11 264 341
36 335 65 50 15 87 227 196 176 320 304 28 17 167 89
87 21 49 28 147 140 208 78 128 85 126 121 201 92 165
259 248 180 151 123 288 307 93 268 68 213 324 284 20 69
104 18 72 319 133 303 229 184 25 283 67 150 70 324 246
67 290 247 213 292 347 133 95 168 70 18 119 289 216 292
112 12 305 188 48 39 81 281 124 9 39 286 264 46 159
50 151 49 234 234 176 219 193 335 306 310 163 74 152 55
209 293 21 246 7 225 47 86 133 100 331 152 183 138 108
95 300 247 207 161 154 256 223 50 271 154 258 327 156 310
239 78 318 262 65 104 120 38 291 347 209 298 332 325 225
295 175 343 168 328 13 217 12 314 74 158 178 71 137 140
282 231 318 19 254 213 270 169 315 332 36 67 246 100 89
49 331 325 60 181 193 164 16 321 295 160 223 124 7 242
105 75 14 315 274 105 210 311 318 337 164 58 172 116 316
10000000 10000000 10000000 10000000 10000000 10000000 10000000 10000000 10000000 10000000 10000000 10000000 10000000 10000000 10000000
248 16 20 207 153 224 62 272 311 196 169 49 39 75 151
234 127 270 43 242 115 58 326 156 79 295 193 161 279 207
50 23 89 58 82 191 345 39 311 179 330 59 222 167 226
281 338 160 8 292 184 306 39 328 138 257 133 215 71 284
224 164 55 140 335 60 196 155 278 207 315 321 23 183 346
114 229 151 307 52 335 85 263 189 319 256 74 96 182 112
150 15 319 316 281 31 133 275 340 296 119 270 51 241 22
159 252 103 223 309 196 34 145 155 291 24 203 330 68 108
327 235 103 213 339 326 101 236 223 112 91 182 121 103 92
334 345 66 183 125 76 169 280 189 321 289 123 286 185 182
103 98 26 320 329 45 232 152 119 281 178 110 106 182 88
52 8 271 108 156 202 81 14 9 316 5 275 341 70 119
14 92 191 145 307 269 143 68 95 125 185 314 315 340 6
237 28 197 83 270 31 206 204 57 16 196 109 256 15 158
147 307 258 290 275 322 72 328 231 308 97 347 318 336 237
50 259 223 331 271 144 293 346 68 103 330 164 220 318 190
117 137 304 319 82 184 45 16 254 337 239 75 123 89 334
73 61 130 179 261 27 76 80 196 80 49 190 62 243 343
231 19 299 139 72 283 300 329 170 275 175 172 212 121 49
170 72 261 25 65 239 144 197 343 212 245 137 130 300 290
94 48 248 203 271 301 212 318 259 165 157 83 267 14 39
23 85 239 293 245 56 194 282 64 140 307 191 249 277 109
26 94 181 46 201 225 215 303 9 332 163 15 171 258 319
326 264 214 309 180 292 65 321 171 276 338 34 87 312 109
325 10 282 140 111 19 165 163 19 121 230 21 190 52 303
313 133 176 138 95 165 345 26 298 144 230 244 336 336 36
303 87 210 267 284 12 317 15 116 141 215 333 5 107 36
254 314 338 323 227 67 226 228 252 131 275 244 204 231 250
146 153 302 12 167 320 338 23 143 219 324 244 280 193 278
269 150 80 250 266 199 123 36 286 266 244 290 233 35 191
299 64 281 178 335 265 255 109 268 80 200 17 164 140 236
254 186 67 148 138 38 283 39 299 311 277 124 168 123 84
287 52 17 30 189 301 94 109 216 286 195 97 324 245 40
288 282 150 29 155 163 225 11 119 340 327 60 198 8 176
153 298 146 282 89 204 301 143 81 256 36 10 266 186 88
11 236 27 154 28 146 112 217 245 86 262 39 13 121 234
248 258 166 211 256 19 115 30 255 288 187 38 264 261 106
330 192 241 145 173 228 161 108 74 72 43 264 174 295 211
298 10 167 260 20 181 61 347 67 221 212 212 12 36 30
32 208 239 125 23 198 331 87 267 332 115 276 190 222 30
111 239 216 143 293 167 286 142 222 46 317 68 218 317 250
333 281 126 138 299 255 253 280 132 100 344 49 188 93 310
14 79 144 43 279 130 99 266 327 60 323 107 54 269 172
58 222 89 347 320 333 307 86 25 245 151 285 7 261 283
276 229 326 8 179 7 134 192 306 25 327 96 90 24 166
323 273 48 166 32 295 208 83 123 179 8 68 20 10 102
336 290 161 22 15 102 166 331 58 320 295 192 261 94 276
246 268 68 76 160 18 195 209 191 122 33 239 265 298 117
332 106 285 47 166 60 10 119 68 188 70 150 247 288 76
134 274 320 160 267 319 202 213 215 103 105 252 150 84 272
263 261 70 274 120 296 81 99 238 293 182 305 307 62 269
170 230 264 237 209 161 64 209 183 142 281 144 192 347 158
310 144 335 7 239 112 38 94 287 288 255 182 153 215 153
34 272 260 38 309 282 104 60 245 270 97 329 290 291 47
346 139 24 71 290 268 87 274 187 204 237 274 152 337 264
309 298 120 274 247 62 224 261 248 44 19 331 305 171 137
60 213 344 205 79 214 160 95 120 219 226 297 313 146 295
13 23 132 156 199 184 254 182 207 335 139 210 258 181 83
229 184 322 282 80 312 8 150 20 156 114 89 161 322 60
100 222 293 89 244 88 123 345 319 128 301 218 207 212 117
155 190 171 262 59 86 245 313 293 126 28 225 143 150 90
195 295 51 171 59 159 162 143 207 137 296 342 202 218 68
164 15 41 12 259 150 91 310 142 206 277 37 27 276 182
207 21 259 7 315 106 91 139 246 170 28 212 26 316 121
299 117 18 283 274 106 13 287 343 33 318 320 221 54 254
278 209 13 263 297 111 173 283 199 250 259 167 160 50 146
133 278 158 187 341 344 67 241 302 263 347 44 29 136 125
120 24 75 67 110 241 320 166 226 254 243 276 315 49 135
58 301 325 257 134 220 30 13 91 291 228 55 333 128 331
27 335 191 267 328 7 100 107 197 343 312 261 172 236 217
10000000 10000000 10000000 10000000 10000000 10000000 10000000 10000000 10000000 10000000 10000000 10000000 10000000 10000000 10000000
64 19 41 59 46 33 258 76 6 124 155 31 237 242 131
36 314 79 226 267 264 124 250 179 195 72 271 77 326 111
271 9 292 168 184 170 255 286 13 271 164 297 211 63 29
187 14 217 111 338 172 120 290 49 215 157 217 61 160 6
83 181 306 219 238 276 37 258 345 28 73 39 165 329 262
177 204 13 14 297 96 196 324 328 123 243 23 208 29 271
337 180 253 318 34 7 330 342 19 228 15 189 106 88 6
56 163 211 279 51 19 106 103 213 100 333 105 74 13 111
151 120 229 44 84 166 309 52 160 266 122 279 85 102 279
309 151 271 82 216 125 55 314 211 300 147 67 209 203 36
67 55 296 273 120 275 243 315 179 334 42 225 189 85 212
270 234 11 283 78 255 39 239 244 174 232 335 89 26 281
190 339 275 166 39 10 144 334 207 261 186 316 288 222 282
173 44 297 195 329 89 31 313 97 79 26 208 63 205 8
139 13 233 138 12 117 291 186 317 16 18 72 103 238 74
252 13 176 71 162 321 153 74 292 229 19 120 206 128 166
324 95 331 288 75 30 59 110 13 146 30 187 106 270 20
229 79 244 30 11 44 308 22 304 253 223 172 304 89 77
25 249 306 211 116 151 212 216 148 172 340 128 98 39 209
113 195 57 125 271 48 328 274 204 106 156 268 49 23 85
15 74 57 284 201 5 159 132 216 338 217 130 111 23 81
89 75 210 178 67 90 95 72 232 97 101 154 92 291 259
200 94 101 53 131 305 316 111 71 268 306 42 83 198 69
99 274 39 310 215 230 257 202 295 64 82 46 288 302 92
228 26 326 95 286 268 176 110 275 149 307 268 229 40 170
64 124 109 245 14 291 209 161 293 157 19 295 306 172 212
228 173 222 306 258 283 16 41 135 282 42 276 313 61 38
288 67 32 226 239 75 13 295 9 182 159 55 191 25 126
17 109 30 31 85 297 22 27 166 121 143 107 165 144 193
144 44 48 347 139 193 104 126 301 115 63 346 144 324 265
26 272 24 340 277 315 176 60 229 138 117 52 13 195 167
129 6 266 11 314 327 171 193 112 310 295 270 148 209 43
290 306 207 193 94 302 118 275 308 292 254 265 347 137 211
164 260 327 280 240 92 230 216 178 304 327 200 341 79 86
29 161 110 210 267 248 221 196 119 106 205 332 285 25 147
38 331 87 343 19 53 148 32 278 185 18 312 237 196 284
235 31 286 38 121 271 307 294 54 123 161 261 62 207 111
220 290 205 234 127 325 251 272 209 296 241 292 50 156 299
274 234 272 105 200 47 178 17 245 88 263 33 269 285 292
134 297 19 347 93 26 217 241 14 105 105 100 272 335 289
79 22 159 27 183 211 219 340 195 288 211 12 237 105 109
104 53 52 333 203 220 286 185 80 284 50 338 45 229 5
82 173 322 317 186 19 233 20 276 233 58 294 68 201 295
202 303 218 158 344 227 28 265 342 54 53 297 327 234 113
172 274 278 204 98 340 291 146 152 205 275 253 176 143 77
170 332 118 84 39 104 123 282 123 244 286 19 289 118 135
178 50 78 60 161 121 339 48 64 21 103 329 272 53 102
125 148 56 95 17 258 324 48 9 340 224 281 20 33 232
326 339 176 47 22 243 272 35 127 123 224 104 146 333 258
20 331 60 115 100 144 307 56 124 346 222 345 248 231 273
131 337 77 89 244 327 17 217 108 305 161 184 154 231 68
213 195 178 115 218 87 186 9 122 216 336 157 246 82 185
164 90 211 292 142 223 138 81 86 198 24 196 215 123 283
228 9 139 100 306 227 294 115 141 179 6 51 305 8 32
117 42 275 280 323 212 105 180 304 319 5 288 167 267 223
178 227 207 238 218 65 71 316 9 345 83 111 88 26 281
175 128 247 186 78 330 239 61 31 268 226 307 338 25 79
218 44 6 212 187 336 160 54 244 42 185 252 42 285 22
104 12 99 99 265 108 70 194 283 87 313 14 130 179 307
337 253 71 334 102 333 186 324 125 72 282 153 13 166 51
278 178 76 182 266 332 57 319 192 194 117 298 231 344 22
268 127 56 180 219 257 58 273 50 59 230 98 141 105 326
44 53 174 257 312 322 58 327 91 328 319 301 266 58 265
18 327 125 121 40 39 209 292 81 345 111 283 222 113 207
135 343 200 73 169 141 166 260 173 203 340 22 70 269 269
171 270 247 127 275 324 171 38 76 196 210 96 23 181 216
165 335 145 137 120 200 279 264 7 276 99 220 171 174 193
209 190 134 109 81 163 65 235 43 266 49 158 25 162 332
13 337 223 71 189 281 143 125 73 127 120 248 7 286 118
122 297 271 68 321 161 181 274 253 247 206 141 214 293 160
10000000 10000000 10000000 10000000 10000000 10000000 10000000 10000000 10000000 10000000 10000000 10000000 10000000 10000000 10000000
243 239 76 108 274 103 8 213 81 213 158 313 206 72 113
36 246 142 199 173 163 114 298 181 274 124 308 166 140 175
189 297 122 189 103 337 211 96 15 211 292 86 309 21 62
37 180 342 286 22 319 233 175 134 70 95 25 158 192 57
28 129 158 160 229 213 326 310 177 276 121 246 103 44 318
159 43 294 246 114 192 20 222 328 53 219 317 295 298 247
178 170 114 311 19 16 264 331 295 161 294 51 208 81 211
196 13 208 262 181 212 35 133 22 96 81 312 234 156 292
114 131 170 202 298 252 269 283 188 187 104 301 73 220 324
108 323 150 137 225 175 226 264 27 48 161 72 11 274 155
80 133 71 50 290 178 329 206 13 45 24 15 178 100 196
70 266 162 202 162 327 77 26 151 134 268 252 333 291 37
289 168 307 123 111 297 175 255 250 291 43 17 190 44 330
70 290 312 64 66 13 130 253 171 75 45 261 168 19 174
174 162 277 299 174 56 38 54 54 170 311 150 102 89 93
234 155 47 140 51 74 153 327 81 9 206 345 80 66 88
181 22 128 308 176 87 144 111 200 101 130 252 17 81 70
25 31 296 43 62 222 255 56 297 157 320 175 266 232 325
97 90 315 63 227 260 76 188 277 69 312 244 336 44 156
81 155 149 287 246 183 34 191 141 229 62 282 152 302 280
292 288 157 181 149 228 42 328 283 275 47 109 249 236 238
188 203 302 310 338 213 143 97 72 27 214 179 28 191 282
224 138 55 96 259 156 305 76 54 184 35 249 252 189 106
106 242 271 141 326 347 148 225 230 84 185 106 35 42 131
286 279 46 337 307 68 262 257 117 74 281 149 217 341 174
339 170 210 225 97 198 52 133 318 217 137 275 332 215 156
141 53 158 223 327 278 256 310 81 253 148 75 45 72 274
28 270 130 41 154 218 79 84 26 117 21 167 264 174 312
169 125 200 143 118 73 312 294 64 342 331 180 144 35 148
161 208 280 320 159 164 244 59 275 200 346 175 133 55 125
69 158 330 62 16 245 82 207 333 24 187 71 208 41 229
17 15 79 335 141 49 138 96 24 28 87 67 217 104 258
292 52 145 233 44 309 111 102 260 234 49 213 258 297 268
217 51 85 83 191 276 267 49 192 72 137 55 285 312 228
74 148 21 14 335 177 207 59 189 189 114 345 104 292 316
194 147 48 256 261 184 248 171 45 262 23 72 299 286 54
281 286 16 146 302 11 243 9 347 78 175 118 10 98 50
29 302 85 29 130 283 292 115 235 119 25 243 140 62 246
31 119 185 78 295 289 236 214 199 229 24 97 61 12 257
88 220 158 336 75 200 200 221 319 281 238 40 324 126 278
21 229 308 270 279 85 106 172 322 122 311 14 190 128 51
182 164 265 70 211 322 86 35 281 329 296 191 221 302 130
320 126 306 334 14 88 264 279 240 307 259 75 326 143 155
94 261 290 157 48 168 156 103 166 129 117 300 342 38 241
341 340 261 18 34 195 147 19 312 329 205 212 63 343 250
188 203 146 242 284 122 331 125 282 150 278 318 250 157 243
110 297 318 114 307 169 285 51 236 275 15 257 194 125 264
344 29 265 103 17 181 162 170 189 19 286 169 30 258 124
337 192 326 149 36 91 160 125 64 259 66 205 285 304 177
214 128 332 345 198 120 147 44 325 92 282 216 43 339 158
282 54 116 226 10 126 308 176 151 22 163 315 95 53 328
29 262 255 265 252 271 79 108 252 182 114 70 27 44 225
346 301 172 45 44 183 163 326 230 321 278 172 256 173 289
219 176 136 232 28 302 95 79 52 77 54 286 167 238 52
52 342 27 188 6 181 323 261 9 254 321 187 255 57 154
233 332 217 68 318 109 295 115 14 156 116 328 22 142 345
219 17 289 58 71 150 294 124 57 220 49 50 329 63 302
91 284 296 281 273 57 292 73 40 217 103 231 151 74 324
106 140 224 156 326 102 305 271 265 284 128 180 163 59 194
72 36 338 304 56 325 37 300 40 110 330 237 150 174 66
73 164 36 222 259 345 135 58 147 58 192 229 265 159 291
112 295 288 201 7 227 79 327 234 231 37 323 211 304 331
56 215 189 93 69 303 347 41 120 262 224 161 161 254 68
69 155 189 266 65 92 35 278 72 15 36 154 184 96 318
18 338 100 331 53 66 195 242 218 106 45 178 221 329 280
58 166 162 144 188 148 81 25 144 168 18 141 29 5 318
324 282 288 26 122 22 252 277 111 247 172 209 67 81 21
214 309 32 298 139 53 270 156 332 73 179 93 272 276 200
84 176 43 44 28 344 261 157 313 172 141 55 73 15 252
208 71 212 222 52 35 258 148 239 241 99 105 291 317 225
10000000 10000000 10000000 10000000 10000000 10000000 10000000 10000000 10000000 10000000 10000000 10000000 10000000 10000000 10000000
176 333 204 239 335 67 90 179 74 294 243 221 117 121 20
65 203 22 133 81 143 17 287 7 155 238 163 252 315 152
108 56 80 220 293 36 159 162 262 218 187 175 183 131 232
186 165 88 202 20 225 187 10 249 285 333 240 51 89 193
106 50 138 206 330 233 165 20 8 175 261 90 303 128 14
142 128 142 39 87 314 217 10 101 224 185 8 235 16 57
50 272 210 208 185 200 147 200 137 166 190 155 161 342 141
344 22 342 129 329 91 219 45 307 72 30 183 221 189 46
326 88 266 229 20 205 97 141 41 262 164 282 14 199 154
234 160 313 263 159 51 155 129 281 91 20 75 199 60 86
36 131 94 142 10 127 42 284 72 267 180 88 108 171 237
214 55 263 120 128 273 58 310 88 172 300 9 297 70 98
107 344 252 323 279 249 339 44 295 236 21 90 319 149 229
91 219 60 20 302 256 199 236 130 61 333 147 338 324 25
320 298 101 95 52 337 37 328 251 105 194 289 97 56 81
133 295 117 121 81 50 79 259 130 39 60 318 167 345 286
83 231 198 276 334 220 243 96 18 229 333 38 166 172 7
218 265 30 240 229 285 312 76 319 161 240 57 253 330 127
118 285 193 66 55 261 24 77 85 8 159 242 218 291 175
86 132 76 123 106 89 94 223 49 102 144 249 109 100 231
103 26 136 250 160 332 278 136 273 39 18 126 231 257 282
7 200 237 176 61 135 274 330 50 234 71 133 132 172 38
144 60 157 92 314 326 201 261 274 267 276 329 186 30 252
238 313 233 55 330 214 227 278 21 331 231 90 207 184 219
151 255 252 248 204 320 272 254 43 64 199 47 68 28 311
39 221 322 159 203 119 78 184 12 42 135 59 196 176 163
219 268 188 199 151 325 144 120 77 61 129 243 26 321 221
160 200 12 207 248 118 274 56 150 299 149 166 37 202 267
192 121 88 151 313 55 238 219 346 113 114 39 21 116 241
140 63 67 141 81 150 61 79 52 314 117 84 88 232 136
211 180 268 84 60 180 168 34 237 51 34 211 329 195 94
170 264 43 211 53 147 226 344 17 31 87 88 187 74 320
37 265 321 135 64 308 144 208 71 96 155 126 273 61 146
54 49 88 260 232 44 289 248 97 194 102 231 158 70 113
14 346 96 84 116 336 273 216 257 291 241 275 66 280 103
170 167 310 115 296 138 210 166 114 189 345 188 134 171 88
304 72 177 247 170 59 292 269 241 92 160 51 93 254 337
32 209 40 79 159 276 147 308 304 324 161 201 318 161 71
181 222 9 267 190 249 22 208 105 144 286 127 16 231 243
12 144 246 60 113 206 109 51 98 261 162 183 206 104 88
308 294 198 64 234 5 119 295 140 216 153 325 230 98 254
87 284 281 7 273 149 82 27 21 192 313 304 173 48 101
74 284 266 150 73 155 293 334 147 220 301 69 134 280 145
84 231 101 261 237 310 316 249 167 269 317 226 269 29 82
121 58 235 141 148 11 342 257 134 75 64 318 339 57 15
54 58 268 129 345 98 160 100 112 35 95 196 90 77 55
280 10 170 311 102 91 42 35 46 117 329 104 322 148 234
130 169 110 62 117 250 339 286 70 244 78 69 154 152 157
243 217 56 335 40 306 132 209 221 289 315 106 337 78 222
267 101 225 203 202 298 65 88 189 45 203 196 8 20 96
217 309 347 296 171 15 185 343 49 108 93 8 164 269 342
151 83 36 265 286 204 175 202 56 154 146 34 331 189 111
189 72 279 206 53 238 57 190 88 292 303 175 82 323 28
281 341 77 307 289 197 234 180 309 154 71 228 46 44 272
238 164 244 37 169 261 125 32 108 316 101 160 265 93 128
173 223 125 302 84 230 118 50 57 16 90 339 7 25 330
302 23 332 282 64 204 265 257 130 318 256 217 21 250 332
173 336 335 6 170 7 250 309 14 228 105 335 277 233 313
163 130 16 277 319 267 88 213 275 299 171 61 191 209 338
40 52 76 266 108 171 243 191 106 77 335 187 267 285 145
156 283 335 118 143 275 229 176 92 280 75 171 176 284 35
319 146 178 344 222 50 311 260 287 213 138 337 330 42 26
97 24 19 230 104 323 52 42 59 159 139 26 205 303 273
81 57 256 217 45 269 82 122 121 307 230 213 272 275 189
53 142 111 83 18 197 282 256 135 153 18 264 316 45 236
214 338 149 193 252 140 200 176 149 132 288 190 153 166 250
227 20 264 12 254 337 310 135 253 218 101 236 11 20 333
147 135 97 194 218 23 286 220 285 192 31 90 201 110 113
309 322 92 304 314 345 217 219 201 339 11 307 31 195 72
191 147 147 213 212 190 185 210 326 152 60 331 257 115 28
10000000 10000000 10000000 10000000 10000000 10000000 10000000 10000000 10000000 10000000 10000000 10000000 10000000 10000000 10000000
238 22 21 301 130 208 9 49 228 299 119 287 128 78 73
177 22 37 320 198 214 312 314 195 243 268 245 191 164 322
210 84 68 71 150 172 333 163 13 329 130 187 275 320 324
97 30 107 168 13 205 209 126 170 53 303 44 249 54 97
103 236 145 347 266 172 155 82 59 346 187 145 9 154 51
75 305 132 101 184 328 343 85 200 91 105 53 187 126 168
24 237 307 176 265 166 319 221 180 7 112 191 35 132 241
188 13 232 23 251 240 270 211 82 54 206 291 328 339 279
209 144 87 170 248 283 29 64 163 140 157 179 172 28 119
184 23 56 213 307 113 59 327 285 244 329 7 304 334 200
17 246 196 277 231 97 79 66 220 289 7 338 16 260 70
32 105 257 183 286 265 220 39 323 291 185 17 228 176 87
64 98 222 89 286 181 289 291 291 315 301 219 184 186 119
42 149 230 179 87 72 155 322 250 66 272 145 284 212 310
49 285 344 258 72 115 167 13 342 120 210 265 222 247 336
36 45 166 276 96 189 170 162 303 262 253 163 169 322 110
60 231 184 75 116 147 180 67 183 311 274 170 51 138 152
56 80 98 177 103 205 82 171 336 168 84 205 58 76 19
243 216 41 156 52 263 84 284 113 347 103 93 196 140 167
327 73 231 155 329 125 27 222 35 108 265 69 57 266 56
204 32 231 179 342 267 169 137 75 114 197 125 298 273 199
34 295 331 133 149 308 171 70 51 57 252 302 65 72 160
92 241 268 134 325 92 37 252 322 51 28 104 79 61 57
150 68 12 6 48 333 192 201 324 243 103 72 33 57 144
7 156 70 285 323 14 20 281 204 179 186 182 324 119 70
107 10 40 166 26 225 39 54 208 112 108 339 90 206 26
57 345 58 36 229 131 30 36 310 194 89 226 56 306 234
13 104 303 63 209 88 226 69 288 290 107 221 153 221 267
88 228 250 28 176 180 44 46 122 201 223 40 241 231 137
337 243 288 333 294 178 209 185 345 231 52 182 190 203 319
64 333 280 72 103 35 87 139 335 252 194 179 283 262 148
25 312 307 212 134 42 155 184 18 259 136 68 285 310 263
316 283 77 330 228 74 203 235 213 325 241 158 26 300 6
21 21 326 320 312 151 295 288 114 38 266 121 345 185 32
83 95 91 233 106 37 101 171 240 312 295 297 274 79 16
217 267 230 204 84 234 50 163 173 326 182 275 255 285 310
197 243 229 5 294 320 241 62 318 70 241 315 144 156 125
62 332 69 221 115 86 229 92 215 74 42 54 295 31 49
150 142 259 236 270 259 204 329 314 184 123 9 186 284 345
17 92 91 346 162 294 307 55 306 43 96 298 6 278 119
129 227 120 56 15 183 128 27 236 152 250 241 268 295 323
89 216 29 211 140 213 15 223 193 122 303 91 314 287 126
337 38 202 269 89 286 133 101 148 279 213 79 301 288 252
64 320 69 98 162 91 132 53 210 286 68 124 192 141 187
119 133 63 178 331 165 150 77 244 303 120 88 303 189 326
167 183 164 97 213 312 279 62 264 180 267 284 262 253 199
292 285 91 211 64 165 181 271 208 40 245 86 64 345 234
138 106 247 5 104 22 265 158 307 79 91 191 236 289 317
147 64 241 328 162 185 24 133 69 327 112 151 158 143 84
90 106 66 196 194 188 260 47 85 127 136 260 11 41 114
80 226 14 199 63 101 237 311 255 202 310 207 65 8 314
265 265 98 16 46 280 189 197 332 316 153 50 139 286 95
205 7 238 270 213 224 108 308 47 159 91 342 131 299 67
140 133 141 90 47 96 64 333 29 136 274 317 188 217 281
279 293 89 8 127 18 187 347 27 167 116 77 191 109 73
299 13 189 287 262 327 275 326 205 122 123 55 171 50 26
281 186 72 101 141 233 121 140 71 133 276 22 46 248 232
334 25 66 164 140 170 199 141 205 296 247 218 346 18 336
263 25 319 59 277 92 248 159 295 121 203 264 31 231 226
269 328 309 289 73 249 55 296 187 170 117 119 36 175 286
89 196 235 87 77 121 195 273 194 242 110 44 187 172 224
266 312 294 299 66 26 180 303 284 185 154 345 238 320 270
247 226 193 155 140 298 92 325 309 227 195 145 201 201 216
155 253 120 86 52 124 297 60 73 153 173 40 49 346 203
137 8 334 134 271 59 336 154 106 234 299 285 145 23 306
70 159 116 321 94 321 7 111 321 155 326 218 119 292 36
200 185 237 178 285 317 255 120 254 144 201 311 281 119 245
35 68 202 98 280 153 341 319 55 59 322 275 286 28 332
81 237 189 125 312 172 250 177 101 256 227 50 213 28 77
203 243 199 54 58 18 192 111 60 328 75 117 187 319 295
10000000 10000000 10000000 10000000 10000000 10000000 10000000 10000000 10000000 10000000 10000000 10000000 10000000 10000000 10000000
307 121 207 122 100 252 53 326 25 133 33 106 224 240 227
114 189 10 252 82 181 38 90 76 343 149 195 15 302 161
314 87 72 187 288 70 289 171 171 182 210 59 276 282 20
158 12 132 228 104 145 155 166 279 220 98 338 286 279 64
85 322 300 67 315 45 79 172 122 61 103 95 271 194 182
345 201 17 205 343 285 110 316 64 49 34 112 319 111 132
303 53 84 21 50 239 92 180 298 53 242 194 105 278 26
66 145 259 38 132 107 209 323 36 324 9 51 161 32 270
21 77 106 105 197 22 290 50 55 7 201 175 149 278 295
283 93 145 54 172 76 120 162 309 196 342 51 221 158 165
253 97 45 49 145 27 100 229 320 103 315 90 187 253 82
71 309 109 197 15 5 191 232 141 241 217 218 118 155 70
233 198 321 149 149 230 146 81 289 74 326 125 60 244 222
187 66 297 159 208 345 295 325 185 284 154 254 152 253 125
216 94 30 56 16 149 252 206 75 106 216 245 299 344 162
69 167 173 224 270 297 166 51 277 183 29 306 121 47 102
147 55 333 227 192 106 270 266 164 171 11 329 117 314 253
160 203 21 144 166 327 294 340 115 108 217 132 164 152 183
140 48 17 99 33 15 205 215 347 63 287 305 196 280 115
194 46 59 51 329 290 285 19 294 10 217 168 327 210 249
180 276 49 205 74 256 185 192 89 308 180 191 171 147 276
336 166 37 171 280 62 274 254 308 88 101 296 187 281 311
66 29 228 302 56 195 85 103 106 223 228 307 181 114 118
228 340 346 166 322 169 209 255 266 127 105 247 322 140 212
294 230 19 86 268 169 305 337 103 37 146 213 123 164 31
206 204 194 232 59 205 345 300 337 120 331 234 275 273 183
139 184 83 47 240 143 289 122 71 93 184 69 267 254 63
236 193 184 109 162 266 110 191 50 142 315 225 66 336 70
221 254 12 310 99 270 287 228 176 319 198 315 285 151 224
262 134 325 75 11 23 184 318 46 314 103 153 115 216 170
327 290 342 122 242 219 345 252 281 243 26 174 90 5 165
160 152 55 76 9 15 207 13 275 186 296 259 297 232 229
162 333 108 175 326 44 227 318 224 282 69 278 334 10 154
32 9 178 62 299 178 195 141 327 293 213 73 249 159 98
97 155 27 170 217 158 53 205 320 138 199 85 180 340 243
34 253 298 41 246 53 83 131 128 19 102 16 288 10 49
308 106 181 293 11 56 19 142 111 296 282 270 194 260 36
235 270 308 201 323 290 329 241 53 318 23 252 232 139 143
257 305 330 203 224 292 129 287 334 79 168 46 124 306 293
271 213 140 292 160 297 123 145 164 181 249 147 11 243 99
155 307 263 105 49 50 13 323 56 167 130 306 237 316 272
64 282 277 155 214 169 176 29 39 187 124 175 159 193 169
321 78 211 169 74 43 104 205 90 196 332 95 280 49 39
38 287 28 208 143 103 129 333 40 195 186 12 84 50 40
239 10 6 331 126 191 193 42 12 316 65 105 198 43 89
50 298 19 182 317 328 147 181 100 146 347 258 66 180 151
83 242 156 214 107 124 23 8 294 6 83 102 340 142 24
202 287 270 261 78 11 264 82 13 172 30 222 65 185 8
67 37 171 97 317 300 214 177 186 220 189 98 30 207 98
274 214 195 257 232 298 312 48 251 8 309 71 119 158 79
298 118 182 289 24 54 244 318 119 318 283 303 63 145 163
246 326 235 51 265 316 92 48 104 6 8 37 341 82 11
131 338 61 145 257 264 289 108 323 55 156 255 314 193 50
327 277 151 219 215 41 162 251 219 173 6 285 86 95 236
111 280 50 292 180 135 135 94 159 161 29 341 291 216 148
29 127 237 84 204 223 92 263 225 187 142 242 287 92 170
158 83 192 71 113 297 119 276 170 155 315 116 198 165 262
229 80 221 104 9 72 321 144 279 311 211 142 65 167 43
204 222 125 119 63 5 114 228 277 328 283 37 169 45 76
344 219 14 211 13 193 222 165 41 206 293 97 77 106 324
239 126 270 61 72 112 333 68 59 126 284 286 246 175 346
162 329 115 116 334 182 254 130 186 82 92 245 105 13 40
34 90 35 26 31 271 221 263 137 330 235 52 222 177 16
102 121 103 42 252 85 181 288 186 38 260 292 118 38 93
276 57 261 246 145 321 133 175 327 189 131 243 288 21 33
128 178 322 15 219 170 250 280 18 248 189 323 82 139 330
104 128 66 155 280 54 92 292 304 109 73 198 228 193 219
238 91 333 42 76 100 238 69 13 280 31 17 267 15 101
280 286 217 265 133 265 249 339 66 64 105 197 169 135 65
346 343 237 159 162 230 141 10 276 175 250 318 217 285 111
10000000 10000000 10000000 10000000 10000000 10000000 10000000 10000000 10000000 10000000 10000000 10000000 10000000 10000000 10000000
111 307 103 43 225 183 292 268 345 119 296 335 44 82 290
140 75 289 92 276 262 169 123 53 304 308 7 49 23 138
178 314 346 142 40 230 53 68 93 23 65 105 66 203 119
112 151 316 61 26 302 199 293 110 270 278 279 39 307 271
328 325 22 40 321 214 21 77 304 265 244 16 340 144 282
110 124 67 104 17 21 23 212 177 284 331 219 236 257 151
59 55 18 13 346 287 29 138 110 140 323 161 293 231 182
185 84 40 345 316 346 145 262 100 41 318 252 112 40 271
224 32 78 181 166 18 273 196 252 93 222 168 178 46 346
321 240 87 337 62 333 233 249 118 140 165 185 143 186 93
199 222 95 114 272 88 74 52 57 300 236 182 17 83 301
296 177 9 259 305 180 83 34 189 187 253 180 153 161 285
78 115 135 133 185 6 57 108 259 210 329 199 153 45 77
312 55 216 167 169 25 347 165 215 168 273 41 281 83 252
111 331 83 167 134 75 129 347 216 24 320 168 38 139 120
192 74 307 327 224 46 57 331 271 170 306 133 66 41 212
169 250 59 114 65 281 47 276 226 188 215 265 317 318 126
154 108 63 66 63 111 80 281 342 128 173 244 37 253 206
246 241 289 31 198 173 44 64 233 69 202 42 347 54 279
171 244 35 192 330 23 60 177 158 19 6 162 215 62 228
45 309 331 71 196 193 309 159 100 297 82 144 190 68 301
30 339 110 298 199 44 89 271 173 156 119 270 222 58 148
238 68 24 61 158 114 193 324 206 268 260 83 129 93 266
308 326 90 338 50 87 290 291 339 185 35 40 83 225 330
10 51 275 103 83 317 40 122 331 27 27 12 322 65 145
90 270 13 88 322 65 68 230 94 200 69 266 79 33 99
278 342 269 139 284 226 293 112 222 124 172 289 150 180 113
71 33 344 65 335 66 17 114 257 337 190 284 196 311 311
278 218 157 242 96 281 92 248 167 333 331 163 267 118 103
236 239 300 213 200 284 139 219 334 194 26 8 11 194 207
27 14 89 192 19 144 223 337 186 68 246 135 213 241 267
37 200 136 275 250 151 99 238 331 29 211 35 72 105 114
290 18 75 77 134 76 300 158 112 288 43 270 301 293 314
198 35 142 126 86 274 75 319 68 161 264 328 300 243 156
68 293 267 79 168 254 205 81 312 128 113 266 312 50 263
194 82 201 320 114 11 113 331 156 297 43 258 25 192 50
94 69 296 143 104 292 104 133 16 176 237 198 13 174 32
249 305 135 68 280 30 218 314 72 216 20 71 131 238 79
32 330 184 6 56 344 244 202 228 163 151 23 236 171 177
154 314 94 341 288 30 205 323 155 343 296 118 238 267 176
343 93 162 86 7 229 173 335 253 302 30 261 203 20 48
110 178 31 145 119 165 147 56 170 101 316 21 195 217 261
327 236 188 321 299 298 305 324 55 330 26 8 231 149 67
241 44 333 120 226 218 126 295 246 69 209 98 303 42 334
98 89 126 152 161 283 194 129 335 347 222 79 279 153 39
318 205 229 207 312 256 123 153 138 158 8 46 297 220 322
106 216 264 123 228 273 235 77 296 183 35 245 174 12 193
85 260 79 52 222 35 38 27 303 104 277 219 243 87 342
173 298 262 32 249 74 314 169 306 159 204 105 141 144 346
315 180 159 170 344 106 314 329 213 291 301 87 90 24 153
85 70 210 108 92 258 341 95 28 147 12 289 80 193 117
248 170 312 287 240 261 101 94 160 19 11 302 319 257 216
45 169 66 200 125 61 212 303 231 301 47 327 37 144 310
165 332 130 222 196 269 242 267 145 87 151 334 139 237 188
76 152 111 49 176 270 152 24 114 167 164 189 73 313 62
326 205 290 243 328 250 157 35 241 58 332 162 241 144 233
197 60 12 102 187 320 24 198 316 276 146 60 305 326 282
284 298 252 209 286 305 266 225 155 117 59 182 274 79 97
197 205 11 206 144 166 85 299 15 243 318 44 302 176 91
193 185 227 230 204 216 171 36 237 230 99 324 11 291 56
100 172 35 265 338 346 181 78 205 329 288 21 128 108 220
51 334 233 163 94 98 120 254 60 274 244 216 48 186 282
158 203 80 224 142 271 39 197 40 200 27 64 237 221 89
80 277 107 217 173 177 102 172 65 126 310 7 104 147 16
239 273 282 154 23 320 341 63 342 20 196 144 237 311 53
25 269 126 227 119 61 260 107 279 75 228 156 217 25 137
170 306 125 108 340 9 299 274 289 222 49 342 45 150 304
7 225 145 36 9 160 143 111 66 91 12 177 17 153 62
190 8 159 298 303 253 56 185 180 145 270 283 313 335 276
255 167 221 91 38 155 10 249 15 46 168 316 113 318 171
