10000000 10000000 10000000 10000000 10000000 10000000 10000000 10000000 10000000 10000000
39 34 322 98 37 46 202 140 126 26
327 261 51 287 214 140 310 136 135 306
113 111 186 85 117 24 175 22 39 159
206 265 222 283 246 239 248 134 172 72
303 203 222 284 232 284 13 324 155 115
240 40 26 315 216 10 147 261 64 263
81 18 130 279 124 72 58 155 251 315
39 107 32 66 26 177 92 226 192 281
303 59 10 106 227 197 209 282 204 292
322 62 120 41 258 297 246 110 252 139
65 324 68 278 180 72 89 157 298 56
47 20 292 178 161 268 323 319 257 245
236 123 190 262 25 266 27 14 114 58
276 56 90 155 252 197 102 72 18 186
147 104 129 280 331 103 181 309 254 277
70 182 14 190 79 298 215 74 277 185
18 242 190 45 119 30 140 177 283 147
314 190 277 72 224 96 18 63 181 58
140 308 70 255 120 58 79 287 129 7
318 102 251 217 259 294 88 188 103 21
210 132 45 239 113 297 176 324 141 26
304 88 31 285 148 92 33 244 139 288
157 124 230 242 245 175 145 71 295 318
48 88 257 226 229 311 222 55 73 59
229 291 275 316 218 50 196 208 321 287
290 51 185 34 209 226 203 269 275 320
52 274 163 301 303 83 54 188 65 162
306 238 310 263 150 59 62 8 132 19
155 217 26 7 314 162 231 21 116 166
251 19 241 104 222 165 227 157 74 111
26 90 224 290 142 11 284 123 138 28
184 320 46 204 105 71 270 314 172 22
317 92 89 112 269 286 184 311 107 325
10000000 10000000 10000000 10000000 10000000 10000000 10000000 10000000 10000000 10000000
89 198 212 141 328 234 213 202 31 69
34 102 270 331 192 317 208 170 181 140
26 88 226 17 258 118 93 135 91 318
190 211 277 172 240 293 215 238 278 264
202 164 326 144 180 193 328 197 139 159
327 129 121 178 85 79 167 149 63 120
105 40 280 244 310 174 51 133 318 273
248 78 311 60 24 85 48 74 305 263
137 56 106 215 205 81 284 277 198 161
40 55 291 272 10 137 203 13 182 280
78 136 278 86 67 311 189 74 297 124
10 164 217 257 226 273 224 247 133 303
300 255 156 239 178 89 300 174 224 157
117 58 237 296 265 226 42 153 22 83
215 94 330 109 121 191 241 43 234 283
245 169 177 17 126 134 88 230 233 206
201 228 190 62 227 94 117 200 226 47
263 322 81 131 285 142 105 269 279 232
83 316 241 127 263 50 187 317 323 11
218 288 209 269 28 132 73 222 325 150
92 237 79 263 142 234 223 104 74 79
118 117 213 130 30 308 67 67 128 225
124 26 162 206 71 36 150 161 133 78
278 131 87 299 149 311 254 107 222 320
315 85 71 132 114 127 52 126 151 330
43 111 125 273 34 253 229 195 251 245
80 310 241 188 189 33 233 41 145 177
12 25 95 291 17 89 324 25 116 76
23 309 289 20 248 209 87 172 295 69
85 231 156 299 133 118 239 30 67 105
124 200 169 69 30 232 315 84 199 318
28 56 264 36 251 142 309 229 202 30
273 130 277 141 224 191 69 13 9 44
10000000 10000000 10000000 10000000 10000000 10000000 10000000 10000000 10000000 10000000
109 39 312 281 91 33 172 68 327 244
245 322 324 168 296 60 90 269 326 295
98 270 70 193 331 117 312 88 173 243
307 97 330 326 106 93 151 23 10 305
80 90 237 140 68 235 216 218 251 230
33 87 179 237 193 282 223 226 140 162
214 255 311 272 178 94 168 45 135 54
202 305 188 178 139 93 195 203 259 301
128 156 327 300 274 150 110 305 295 23
142 21 10 186 114 257 49 85 236 237
13 152 193 245 192 270 116 301 66 174
51 141 263 266 135 273 270 253 303 142
8 64 194 308 206 29 128 49 321 116
30 76 168 68 38 313 314 247 120 122
123 45 45 247 306 66 309 161 49 55
44 38 215 184 280 10 106 106 284 278
153 190 289 36 49 22 84 45 289 164
324 96 124 187 238 292 93 290 156 203
285 207 163 43 327 241 176 197 11 127
174 237 253 37 11 73 289 93 250 213
131 43 100 86 128 59 279 179 112 256
87 40 149 309 158 205 208 53 216 126
304 117 100 161 141 231 72 142 272 177
316 281 170 258 109 229 11 9 303 260
235 331 311 167 22 44 205 16 214 323
262 328 254 121 97 206 224 177 211 223
278 282 198 86 218 100 237 76 96 32
279 213 76 268 313 213 134 272 237 199
175 285 228 240 33 164 275 223 249 78
296 51 144 302 136 105 17 94 275 54
85 64 310 299 272 314 139 79 284 201
299 10 316 133 289 242 162 174 143 297
150 117 238 167 113 291 287 269 79 97
10000000 10000000 10000000 10000000 10000000 10000000 10000000 10000000 10000000 10000000
101 300 83 81 39 67 37 11 172 206
17 170 323 151 47 64 111 325 117 124
123 58 229 324 227 145 93 133 93 264
255 71 32 239 42 218 106 226 279 13
171 322 205 81 59 14 243 99 288 311
30 126 203 289 317 182 163 300 326 65
328 64 14 327 133 89 298 198 149 261
172 228 281 310 65 8 203 239 176 293
31 141 227 171 158 292 325 245 107 134
306 122 259 222 210 285 179 36 271 108
59 182 126 160 179 313 210 76 300 175
213 283 73 138 245 187 100 183 251 68
28 329 114 217 217 35 85 293 317 325
18 240 147 259 209 221 194 15 54 265
91 193 72 209 134 85 180 249 141 33
290 61 101 150 64 232 92 45 245 42
244 225 147 134 305 8 243 101 60 123
192 310 109 221 22 53 141 232 275 320
300 121 76 35 281 114 207 305 136 235
185 180 315 278 12 169 48 158 136 112
270 100 7 256 54 233 210 303 92 10
45 267 314 58 114 59 262 51 44 121
150 81 48 259 161 84 269 39 319 52
14 145 103 267 148 77 288 23 244 68
214 102 41 13 182 130 196 39 283 37
68 217 275 310 132 297 120 270 132 237
242 272 33 269 126 136 46 26 35 286
73 50 278 300 326 311 248 135 25 87
82 161 38 120 122 303 197 307 259 284
98 30 240 331 132 196 239 229 145 55
84 176 169 145 68 86 214 51 45 24
310 225 40 202 18 151 199 117 126 227
177 264 138 117 205 217 52 241 52 326
10000000 10000000 10000000 10000000 10000000 10000000 10000000 10000000 10000000 10000000
177 217 132 277 164 303 34 288 129 192
108 101 235 132 46 112 117 156 280 144
189 329 109 279 230 10 74 21 330 58
259 259 107 145 329 252 158 93 135 41
83 226 251 213 211 79 60 192 110 327
11 156 35 322 298 42 137 235 175 73
322 57 142 216 253 239 139 212 115 35
111 89 40 198 57 36 157 279 16 311
152 210 112 161 169 227 153 124 94 247
159 154 238 21 34 223 331 47 168 49
21 302 317 113 319 312 171 101 62 171
330 250 61 67 240 292 10 254 258 25
309 45 286 281 196 309 67 67 103 75
105 325 230 45 159 191 98 198 148 139
117 247 19 318 233 49 31 49 183 331
133 210 140 186 177 249 285 129 75 86
33 242 290 214 80 180 319 174 213 325
123 223 210 35 113 233 120 292 15 272
35 171 288 272 35 89 269 20 216 81
83 278 158 98 101 59 229 217 65 279
68 321 307 25 108 171 69 314 175 83
75 183 101 183 144 289 151 8 281 209
253 176 212 95 135 42 199 210 236 258
15 95 293 208 64 277 197 296 282 70
135 104 59 156 72 98 83 297 94 179
204 281 101 94 209 256 48 185 72 122
106 266 12 89 28 314 27 305 9 135
120 321 221 219 327 81 281 294 302 284
93 169 155 119 113 286 316 113 129 327
151 33 36 151 248 138 271 230 55 159
44 297 223 127 320 266 245 134 15 17
316 85 291 185 178 110 116 100 220 269
272 51 228 263 210 217 212 154 278 71
10000000 10000000 10000000 10000000 10000000 10000000 10000000 10000000 10000000 10000000
323 235 256 35 82 211 29 288 300 223
267 244 35 164 40 313 17 269 252 282
103 120 243 194 20 52 42 104 282 236
240 110 18 195 315 223 36 254 18 133
152 100 324 324 136 51 107 98 273 219
9 154 143 240 197 273 277 25 45 159
131 290 79 184 174 206 29 172 159 277
257 236 273 326 18 52 91 129 67 225
269 173 286 263 101 262 25 169 105 235
318 111 166 7 78 226 168 162 66 184
272 260 108 308 11 244 275 114 54 286
17 253 52 134 44 132 40 158 100 288
213 106 54 105 189 276 245 183 33 244
310 169 319 242 82 322 94 235 242 242
308 45 155 189 7 246 28 53 311 298
221 51 183 229 55 139 106 187 45 222
253 38 159 156 93 303 43 118 59 218
127 200 126 113 310 109 328 167 83 197
24 327 55 208 189 151 230 311 97 215
195 198 317 266 312 75 206 219 156 312
108 83 142 70 61 290 261 37 55 101
318 136 51 214 198 267 177 205 180 243
283 185 25 171 17 59 254 77 27 118
56 136 252 118 251 325 239 191 255 241
298 286 135 8 60 22 278 145 15 296
89 44 97 289 112 76 34 118 12 10
145 174 19 89 86 25 40 259 222 210
265 248 65 228 227 270 242 120 199 271
38 257 126 78 167 184 69 169 15 139
248 269 206 170 88 39 318 98 330 48
124 174 295 266 105 199 62 206 117 256
86 73 179 7 241 226 299 83 13 289
181 16 94 145 184 101 102 123 17 21
10000000 10000000 10000000 10000000 10000000 10000000 10000000 10000000 10000000 10000000
13 99 115 16 20 300 214 228 45 123
269 249 239 41 57 145 292 281 172 228
162 315 43 50 144 53 280 204 273 134
233 59 59 289 320 142 90 162 255 269
272 89 119 51 80 59 80 233 213 208
165 182 120 122 293 303 111 235 171 240
162 216 123 124 49 311 181 166 174 205
23 309 103 278 94 126 59 63 189 233
303 57 104 291 213 311 92 187 132 55
115 295 178 212 55 136 298 164 83 273
246 297 84 314 103 195 62 67 229 239
313 97 208 274 115 87 188 320 218 220
284 236 257 69 291 35 82 215 249 121
55 238 166 237 187 295 234 151 220 81
64 185 322 143 91 191 258 321 324 109
25 69 205 56 208 287 308 228 28 124
24 49 88 43 215 206 138 170 86 60
300 171 281 13 73 115 264 292 267 38
34 268 287 144 27 113 318 171 176 85
145 150 228 298 328 20 189 234 268 95
152 169 225 267 265 286 174 223 53 219
184 218 163 52 98 89 56 131 237 142
105 148 210 136 190 10 211 242 176 14
165 181 195 313 148 208 35 307 200 41
304 49 114 272 108 66 278 79 126 219
171 35 17 120 218 175 75 174 186 171
322 207 150 48 280 115 43 195 46 301
228 167 222 199 24 189 195 159 107 229
121 127 316 160 32 104 221 212 183 123
214 236 208 185 288 45 330 260 203 252
323 316 149 218 82 88 313 202 255 235
219 217 40 207 315 148 201 190 156 263
300 51 58 330 275 120 168 293 129 101
10000000 10000000 10000000 10000000 10000000 10000000 10000000 10000000 10000000 10000000
15 28 280 59 113 161 305 34 246 225
139 242 142 240 208 36 149 9 20 287
242 14 210 64 92 199 181 232 313 9
12 317 273 86 124 272 254 54 57 158
11 246 78 143 88 317 241 255 288 252
67 272 34 284 290 34 297 279 142 29
106 30 128 306 209 176 75 322 203 293
144 139 124 269 58 131 88 20 47 308
71 79 102 42 279 218 19 240 119 21
9 104 301 216 274 258 249 294 41 309
280 35 286 265 89 293 255 170 323 105
43 122 242 279 316 165 47 84 118 26
293 218 260 33 40 180 95 59 213 141
290 203 71 205 145 289 64 28 33 177
14 163 22 329 233 219 26 273 61 143
48 220 74 208 7 87 27 46 165 36
152 130 118 203 29 219 98 201 204 267
305 259 205 276 25 238 35 14 316 185
62 331 159 175 89 12 130 175 94 321
316 198 30 25 79 179 104 330 226 238
241 139 22 280 203 114 294 37 156 142
172 21 216 204 34 277 247 129 18 267
261 253 330 51 185 142 294 168 329 81
64 302 262 16 164 45 238 226 217 251
53 258 88 315 135 221 27 43 277 249
30 152 52 138 103 61 164 318 56 301
65 166 194 281 301 133 196 169 180 242
62 281 97 327 235 130 289 35 94 284
65 54 319 17 95 289 47 178 307 330
70 300 116 12 326 72 34 178 46 305
251 260 276 225 80 240 54 74 323 93
232 124 218 237 307 180 286 203 92 76
270 31 24 259 63 112 7 37 52 140
10000000 10000000 10000000 10000000 10000000 10000000 10000000 10000000 10000000 10000000
11 121 177 193 56 109 139 277 64 83
209 22 82 116 94 90 229 177 268 119
259 247 28 314 119 88 41 36 66 54
212 279 29 151 217 85 117 133 43 113
135 19 38 87 39 179 12 197 284 220
325 263 148 317 306 308 189 222 204 94
60 30 26 80 54 132 117 14 271 91
20 79 111 148 273 261 303 229 204 97
281 273 169 8 26 152 239 180 95 255
32 328 82 162 203 36 189 134 211 179
223 129 23 323 259 208 261 17 213 153
31 281 26 331 115 120 105 318 208 109
157 40 62 22 254 286 326 229 53 126
289 246 174 35 250 102 141 291 299 297
232 314 225 299 171 57 51 201 123 187
131 245 235 313 133 175 140 184 157 70
106 54 228 111 183 289 230 99 21 126
51 73 186 211 163 30 266 35 12 120
103 270 32 300 77 93 127 220 47 325
308 62 127 321 95 80 156 175 240 170
80 227 202 324 85 329 263 87 269 41
41 243 42 9 255 180 156 26 86 210
198 22 91 238 51 70 11 246 198 58
211 101 164 164 13 52 212 83 172 82
281 160 231 144 284 320 292 128 222 72
42 193 27 220 142 293 287 315 316 292
105 71 318 285 155 78 159 330 168 98
200 120 294 173 190 87 196 306 145 321
185 36 217 217 111 42 196 82 216 171
210 135 233 296 29 227 221 105 172 205
257 76 275 69 60 26 243 90 23 245
296 144 282 301 57 161 81 263 49 29
149 239 274 317 29 288 307 288 189 286
10000000 10000000 10000000 10000000 10000000 10000000 10000000 10000000 10000000 10000000
98 248 82 193 282 200 45 282 292 51
215 326 47 320 52 95 176 218 199 329
278 14 49 299 267 167 23 87 322 126
244 148 269 303 35 235 289 195 38 25
118 269 296 141 66 74 314 220 166 29
221 166 281 230 64 154 37 27 217 167
318 176 45 107 158 236 56 226 187 62
158 271 34 117 246 101 122 195 136 230
168 156 17 177 124 229 15 300 162 75
189 265 222 124 280 277 87 60 144 295
277 85 47 12 101 239 105 174 186 145
120 309 76 92 283 314 264 307 198 212
50 311 159 28 11 161 304 324 27 318
60 111 210 305 279 84 43 215 269 145
231 107 295 124 22 70 210 179 67 243
266 66 317 89 254 164 265 168 236 46
237 252 20 22 77 262 129 312 308 15
76 236 70 39 87 294 128 97 269 57
228 194 34 180 69 11 326 120 287 122
222 208 134 123 261 131 303 237 140 277
203 161 308 58 184 294 132 207 22 302
150 277 264 150 46 88 178 169 169 328
138 79 264 296 95 248 63 53 22 123
312 159 207 120 281 320 128 139 110 104
258 50 237 28 135 56 326 210 302 82
144 12 121 199 240 62 153 19 47 17
242 28 162 144 190 148 53 288 168 94
18 227 247 148 299 19 276 193 223 50
232 326 38 166 294 104 211 296 53 137
70 139 211 270 271 300 201 64 181 172
325 137 64 281 240 157 114 45 155 245
23 304 15 96 330 14 112 20 105 44
256 237 270 24 201 278 183 300 129 39
