10000000 10000000 10000000 10000000 10000000 10000000 10000000 10000000 10000000 10000000 10000000 10000000 10000000 10000000 10000000 10000000 10000000 10000000 10000000 10000000
59 40 92 248 254 13 271 181 188 9 117 47 317 227 165 249 198 236 188 18
248 174 105 258 31 121 106 32 100 259 316 106 198 241 259 124 162 12 125 55
174 281 139 122 7 122 184 22 138 255 45 253 186 12 227 35 243 89 127 258
22 8 174 175 105 240 42 208 202 270 308 78 210 93 179 104 324 84 150 55
256 249 123 199 134 94 164 264 13 45 238 227 139 35 153 250 151 100 169 156
290 324 153 159 265 331 223 280 300 37 234 79 258 85 244 197 112 310 247 140
47 217 286 155 240 259 122 14 299 281 17 175 140 185 119 23 110 142 19 227
87 230 17 318 165 213 267 78 173 279 309 247 12 193 18 314 246 152 171 227
109 218 88 238 324 219 193 238 297 123 35 121 80 66 26 93 232 248 181 103
9 144 106 319 319 235 187 277 189 229 112 7 315 55 166 80 152 252 138 315
270 161 113 330 22 229 54 131 209 310 208 225 87 257 8 234 102 23 191 331
22 198 48 258 183 29 250 111 17 266 311 37 72 146 212 320 67 82 229 142
208 136 308 229 139 227 217 89 265 244 330 127 207 29 72 170 228 207 162 93
163 204 275 218 307 238 240 308 68 87 134 331 266 13 189 84 161 69 130 212
322 222 14 86 234 263 217 289 206 89 226 85 82 166 289 52 257 50 149 99
80 176 262 190 257 314 329 109 226 303 310 79 229 51 273 312 223 156 312 330
183 184 207 312 213 66 124 150 293 138 30 275 79 9 283 107 107 29 139 317
193 232 114 105 45 115 11 171 257 227 111 23 140 195 220 247 48 211 243 64
255 244 58 20 136 256 168 140 306 129 150 69 71 11 14 307 309 259 86 13
82 323 265 154 97 298 16 318 265 316 275 62 78 135 273 140 202 112 62 95
303 64 140 162 308 11 316 242 265 216 217 67 191 62 221 84 56 158 186 175
192 222 107 198 37 234 122 35 302 70 296 143 284 285 72 139 153 326 233 57
98 8 57 330 131 274 118 173 50 132 62 49 96 309 209 162 248 267 201 139
157 272 302 189 10 121 174 176 191 251 122 288 69 254 74 220 48 51 223 77
237 319 248 29 202 171 96 238 284 311 246 34 87 33 288 169 282 16 78 221
71 88 17 90 130 170 234 69 158 270 182 71 37 98 7 45 270 268 27 209
85 255 58 59 77 276 10 283 269 128 79 269 177 203 107 43 224 271 30 188
244 309 134 259 264 168 101 61 236 10 75 9 305 11 201 323 111 198 208 186
14 178 110 117 125 280 275 240 73 166 96 105 213 138 155 192 107 116 217 97
23 218 256 232 17 130 65 270 258 272 94 233 322 173 208 26 109 134 11 284
217 238 64 152 214 301 307 239 86 264 105 125 127 146 242 216 228 212 192 35
179 51 44 237 288 197 193 70 173 207 275 89 37 25 281 166 180 177 291 147
197 295 243 46 185 320 287 257 127 112 96 120 164 330 199 143 281 174 256 136
46 83 85 324 165 186 68 134 100 106 101 292 70 279 244 230 66 193 284 244
234 305 153 61 40 152 58 309 102 171 158 103 65 77 86 298 195 92 204 111
10000000 10000000 10000000 10000000 10000000 10000000 10000000 10000000 10000000 10000000 10000000 10000000 10000000 10000000 10000000 10000000 10000000 10000000 10000000 10000000
137 92 37 18 16 174 197 291 79 264 73 156 40 311 175 170 62 144 281 60
68 140 249 145 164 20 251 73 261 65 62 182 224 241 247 202 45 121 246 68
220 89 176 285 147 322 178 26 11 304 80 242 150 124 279 287 197 227 171 204
46 258 292 246 236 243 244 75 236 177 82 226 39 183 127 271 308 174 245 138
102 164 122 90 62 46 30 105 24 123 301 233 249 303 155 194 101 18 160 23
62 205 124 77 151 159 43 187 275 218 299 22 114 177 288 114 199 35 242 328
314 274 187 50 327 298 186 263 120 179 301 271 289 39 98 105 180 149 81 195
322 85 62 327 281 27 241 244 16 224 172 245 66 305 262 30 279 175 258 213
292 128 248 304 213 70 285 83 146 54 63 174 48 223 131 218 91 24 91 16
18 289 158 204 132 140 253 298 264 219 139 137 82 290 120 323 331 168 141 300
196 33 142 75 140 127 253 191 200 90 278 274 136 157 255 123 206 69 221 207
277 152 92 307 177 271 54 18 60 111 255 117 173 247 118 326 189 148 316 131
146 244 39 198 240 113 212 215 99 194 293 159 272 61 38 307 118 111 188 18
61 175 211 331 247 152 223 291 83 244 176 328 175 76 71 65 54 39 148 32
144 179 220 257 140 278 270 49 215 329 257 271 129 287 20 195 20 95 50 210
300 49 230 152 159 327 159 279 196 196 151 238 41 169 79 65 25 252 43 221
170 173 315 188 35 245 286 303 200 51 120 250 317 24 29 43 251 314 18 193
258 15 277 210 188 191 316 26 211 199 223 111 74 218 229 290 147 12 108 229
162 290 231 249 7 76 260 254 20 266 86 19 329 309 194 23 43 171 209 185
70 289 325 8 227 164 311 44 305 298 62 188 320 164 228 10 109 248 77 62
291 155 32 164 287 44 306 47 172 119 329 179 110 203 95 320 176 262 176 45
109 247 74 326 77 45 151 135 72 266 223 88 12 249 89 79 76 74 34 46
168 303 144 163 19 174 61 225 305 217 43 313 130 97 255 329 157 98 123 250
65 233 168 16 72 292 305 68 198 252 331 200 264 279 219 238 177 180 45 215
8 268 48 31 253 273 216 60 212 273 99 258 99 148 194 148 82 76 202 126
273 11 320 164 327 238 161 274 105 274 87 85 177 303 71 100 314 18 22 85
117 57 313 208 100 307 41 276 249 216 53 48 247 127 247 150 210 185 185 7
115 79 104 233 216 208 329 140 174 101 261 56 302 86 293 314 206 95 160 206
29 210 296 150 201 209 51 182 295 296 235 192 197 183 111 156 183 315 134 177
217 205 19 322 271 203 310 50 292 269 155 286 105 66 31 126 112 317 11 193
206 40 53 304 310 260 7 124 165 283 180 52 231 245 291 262 41 148 191 122
126 205 24 230 67 302 224 116 170 281 16 56 84 328 208 211 275 274 148 245
23 117 275 253 131 152 104 32 160 92 36 239 178 215 74 42 218 51 80 135
7 168 93 118 170 293 194 307 56 259 189 285 122 327 304 198 318 68 222 324
143 121 174 89 261 158 286 103 268 88 308 238 137 235 321 48 257 210 292 90
10000000 10000000 10000000 10000000 10000000 10000000 10000000 10000000 10000000 10000000 10000000 10000000 10000000 10000000 10000000 10000000 10000000 10000000 10000000 10000000
219 326 216 211 38 237 329 283 118 96 330 171 58 219 231 279 75 243 128 198
135 130 317 32 86 265 299 291 62 277 241 305 145 209 54 105 204 233 262 154
143 79 315 155 118 219 127 274 111 48 140 174 291 257 244 32 329 272 12 165
254 180 54 309 277 25 329 46 244 313 248 290 135 331 199 320 323 185 147 190
37 153 155 7 242 169 226 137 67 97 161 328 109 10 35 91 107 68 147 157
182 122 272 295 202 207 11 234 270 36 170 15 188 107 23 182 307 49 210 124
13 325 307 264 246 215 163 121 99 233 129 33 255 105 120 213 131 186 192 109
204 71 168 189 110 15 24 237 319 173 109 246 273 115 224 37 177 194 68 95
59 217 196 12 208 145 117 149 96 203 206 49 38 205 235 198 200 101 294 77
131 245 154 70 329 61 17 286 287 174 135 311 248 218 253 78 63 57 59 261
202 28 279 99 196 191 137 121 29 130 76 112 259 286 219 35 242 321 326 267
87 10 121 261 320 91 173 285 279 222 160 302 213 252 160 207 67 193 189 271
22 259 310 241 22 204 163 253 85 132 269 84 59 328 102 283 61 320 217 264
114 208 151 174 109 319 255 42 196 50 135 43 138 105 214 265 175 274 234 147
288 275 136 149 135 94 33 100 96 126 300 53 7 68 47 127 128 36 17 261
272 304 77 188 75 47 85 68 264 92 107 56 13 221 278 197 166 241 50 173
285 328 163 155 119 22 185 306 200 223 202 149 100 295 158 191 205 21 299 208
195 263 275 133 280 202 228 97 288 185 74 206 10 307 97 28 185 307 121 104
160 103 136 46 219 289 129 253 116 88 73 272 153 164 275 205 315 28 96 264
57 239 319 13 305 163 140 142 130 30 119 291 304 176 18 183 249 76 92 140
324 277 84 92 84 43 256 211 22 135 244 129 221 103 275 114 300 87 119 139
179 217 198 230 92 166 254 329 255 191 187 253 64 73 314 209 80 183 207 330
286 184 324 199 53 95 39 215 223 258 227 119 168 256 113 146 287 227 187 286
272 132 134 40 262 298 99 59 233 232 105 36 206 23 147 122 291 225 116 239
63 208 320 280 161 204 71 131 107 321 170 250 24 128 57 42 30 215 296 9
266 11 38 284 7 109 232 81 67 80 303 29 308 71 298 136 33 291 310 156
54 177 270 206 257 315 136 330 274 92 330 66 29 7 322 232 22 132 35 201
185 99 167 264 270 312 312 272 26 86 246 218 236 274 15 190 13 273 201 191
195 223 29 228 235 34 330 188 280 325 286 52 24 298 144 330 31 117 313 23
249 62 81 143 80 100 128 43 29 247 24 8 13 331 241 34 320 228 27 110
54 260 209 251 259 103 135 135 174 210 58 216 35 262 224 123 86 37 136 66
133 140 197 152 220 331 157 321 93 307 239 60 145 122 266 151 52 113 170 255
134 40 321 113 177 199 18 313 303 163 43 80 145 173 230 136 140 257 211 160
120 219 223 243 151 131 99 63 61 221 161 100 288 233 107 254 282 186 166 162
160 196 233 245 106 300 39 195 54 45 115 255 30 156 99 227 61 318 317 319
10000000 10000000 10000000 10000000 10000000 10000000 10000000 10000000 10000000 10000000 10000000 10000000 10000000 10000000 10000000 10000000 10000000 10000000 10000000 10000000
168 235 162 95 135 68 213 269 188 199 147 176 282 96 144 96 300 318 73 238
290 211 103 182 125 21 282 294 14 219 33 241 262 139 185 127 97 35 252 98
279 151 112 59 315 30 205 177 185 148 149 155 203 179 318 327 133 243 12 124
10 190 102 321 281 205 199 118 9 285 125 20 144 113 134 176 285 31 231 151
315 67 129 137 167 191 62 161 66 156 182 153 117 68 123 321 259 163 214 306
200 117 177 55 300 309 205 56 136 204 283 90 122 222 80 57 205 250 328 174
310 219 314 310 257 65 143 60 97 62 251 103 39 64 32 325 247 164 123 121
173 326 19 107 50 36 45 321 308 304 323 287 74 129 111 219 57 236 129 8
68 248 71 29 193 99 69 176 247 76 42 91 239 289 186 35 14 267 125 67
261 142 190 322 8 234 108 33 81 31 14 249 219 321 101 23 45 134 306 102
33 65 65 143 131 287 19 99 285 205 168 287 329 307 182 265 144 242 94 87
18 155 223 222 97 40 101 113 176 244 43 11 300 308 32 28 94 128 230 276
213 86 305 231 164 281 203 169 15 17 53 287 73 228 297 286 22 196 291 267
306 287 117 277 57 200 13 145 132 255 146 119 223 34 45 207 58 192 116 162
49 45 325 136 166 323 102 128 125 151 76 274 261 149 237 34 291 276 31 61
331 28 153 171 294 136 42 90 102 192 305 268 219 100 249 113 213 278 320 282
43 186 196 142 168 35 221 209 59 308 9 317 32 295 165 130 105 113 74 222
177 73 154 56 200 225 268 118 83 144 133 188 90 140 25 132 73 86 283 43
206 237 177 277 188 64 282 113 277 165 42 41 331 11 17 204 148 304 180 88
212 120 182 175 216 19 211 265 187 85 172 101 52 138 217 262 188 285 243 241
11 21 188 65 21 202 204 231 226 137 311 312 321 65 322 300 71 147 112 143
330 331 331 85 268 82 158 103 71 291 236 283 90 140 258 243 199 182 112 44
164 238 330 144 43 293 165 104 60 14 274 11 178 42 159 320 153 235 107 318
64 36 118 245 196 37 155 74 303 254 269 304 308 314 209 243 129 325 286 31
308 266 196 216 329 244 60 289 126 159 152 124 276 237 310 58 160 84 84 293
242 289 302 118 144 142 13 301 262 243 302 248 23 38 146 88 56 139 73 260
213 287 193 263 214 260 111 14 300 174 117 7 35 271 235 219 78 25 78 280
13 284 74 279 16 162 323 194 237 133 253 175 191 65 86 159 133 37 300 272
260 203 158 328 299 59 171 222 114 223 117 18 81 58 276 247 200 270 69 10
242 19 77 235 89 281 322 103 204 36 158 99 160 303 294 15 257 197 156 264
146 228 150 300 27 78 204 7 114 131 112 65 329 28 229 72 238 54 226 26
159 22 313 83 58 192 124 211 98 135 7 253 104 220 101 61 86 154 59 168
121 57 133 164 8 314 102 78 121 13 161 325 189 37 89 157 179 198 242 321
106 291 58 288 190 53 154 261 67 89 90 115 132 35 150 225 80 166 192 176
181 307 66 183 41 62 267 258 215 135 277 208 96 203 126 213 64 257 116 163
10000000 10000000 10000000 10000000 10000000 10000000 10000000 10000000 10000000 10000000 10000000 10000000 10000000 10000000 10000000 10000000 10000000 10000000 10000000 10000000
289 70 134 193 42 66 37 78 164 189 219 151 303 155 125 32 120 109 186 323
79 194 305 208 118 212 116 42 133 45 151 241 279 142 173 64 235 151 245 195
176 303 75 94 113 266 238 85 310 212 251 9 144 203 83 39 286 308 164 110
132 223 297 230 107 215 273 95 145 18 199 197 145 163 315 241 213 41 181 303
294 117 193 248 281 208 188 246 12 176 155 243 239 228 222 244 156 189 52 267
29 260 192 150 87 277 146 215 202 240 164 179 234 70 81 73 189 180 10 97
237 112 240 238 37 302 318 209 176 163 131 87 28 189 240 13 146 202 287 318
106 137 299 122 295 41 100 293 15 331 23 303 310 101 202 127 192 211 114 69
13 198 290 215 272 311 98 212 73 167 203 169 146 113 178 91 189 152 27 207
57 281 94 148 200 282 136 132 201 135 318 166 17 328 219 133 131 242 322 323
245 266 227 175 184 299 27 34 196 242 76 63 235 268 229 50 106 171 298 275
10 244 290 221 199 130 309 300 284 309 156 94 151 268 239 271 278 13 66 323
270 303 90 41 205 303 151 295 316 185 328 129 153 297 98 231 323 106 255 190
124 309 130 160 69 94 264 94 136 54 229 296 10 24 318 220 168 307 157 230
114 62 84 104 302 275 199 68 98 208 262 17 147 223 312 244 184 32 42 301
175 326 171 29 154 120 323 146 26 305 236 259 149 76 262 148 82 218 16 321
206 15 46 101 328 205 274 256 288 70 294 293 7 30 197 167 150 27 157 291
284 17 14 295 152 275 66 255 88 126 317 324 269 213 328 84 261 206 253 57
75 191 143 248 74 246 243 52 198 231 176 155 275 157 232 99 29 206 278 237
178 54 256 73 289 139 88 32 104 254 16 247 135 143 136 158 269 171 36 99
171 320 78 310 104 119 213 310 120 28 249 219 137 26 92 241 56 111 142 201
146 253 121 27 244 53 270 326 170 275 308 280 237 103 150 326 278 224 276 248
43 137 39 139 192 16 34 54 290 287 188 220 253 302 309 30 69 169 11 283
268 139 143 323 42 89 234 301 132 308 223 263 311 240 70 200 100 235 156 132
266 101 23 292 26 109 279 99 65 11 321 112 306 193 65 174 176 148 295 169
229 271 214 194 292 329 56 144 230 170 265 252 158 327 291 194 256 216 305 64
56 117 142 264 154 184 17 8 168 318 188 117 281 278 265 187 185 116 65 81
129 49 73 265 293 192 292 121 293 108 28 172 142 119 144 127 67 62 33 116
116 246 82 60 234 241 321 84 60 222 100 95 280 155 48 93 47 51 269 129
190 22 330 153 103 149 180 281 33 19 263 205 59 54 309 58 167 45 280 18
250 166 71 100 119 98 65 224 118 327 136 182 150 47 140 254 307 278 261 264
289 156 148 329 298 310 254 264 252 283 244 95 288 204 150 104 182 51 222 180
120 91 296 49 287 228 244 181 282 319 270 102 308 307 297 237 178 330 180 158
57 142 228 38 152 22 310 256 146 101 139 291 112 35 83 265 90 206 312 72
124 264 306 149 77 321 315 133 109 243 150 13 282 53 66 250 114 307 53 98
10000000 10000000 10000000 10000000 10000000 10000000 10000000 10000000 10000000 10000000 10000000 10000000 10000000 10000000 10000000 10000000 10000000 10000000 10000000 10000000
259 280 264 79 304 45 329 306 78 13 154 104 26 276 152 180 101 20 263 144
169 95 280 8 245 150 127 206 287 57 85 331 226 308 86 226 199 303 243 188
204 37 244 8 231 192 98 15 263 45 323 155 40 68 69 253 290 268 33 92
320 330 190 202 66 25 232 260 261 193 69 270 277 324 217 10 123 103 294 34
137 253 20 226 61 115 201 283 311 278 61 84 243 180 298 220 187 54 174 143
137 79 239 99 258 273 95 156 26 220 86 116 208 292 112 34 71 220 272 136
328 73 330 138 80 301 101 152 203 141 234 93 213 293 325 136 176 51 206 178
191 221 96 143 120 65 136 133 99 213 25 330 121 240 224 273 217 24 138 283
33 17 189 55 19 308 42 331 242 243 110 90 114 99 278 295 184 136 123 136
31 296 96 119 290 328 210 99 327 325 227 208 107 217 230 130 105 74 227 125
47 143 172 70 140 113 113 213 258 27 40 128 186 291 133 211 60 145 106 329
118 287 303 31 194 59 292 236 196 256 144 178 98 285 70 127 281 299 325 32
184 160 253 324 305 135 100 81 283 330 36 119 293 39 244 297 287 55 83 276
15 209 309 197 311 98 181 245 314 40 106 232 147 303 290 87 301 257 16 51
12 69 239 283 190 162 297 256 154 210 24 101 226 302 113 255 91 164 284 13
22 181 46 99 213 158 174 262 311 163 131 301 215 53 112 150 144 52 171 84
86 196 295 27 265 308 288 233 211 229 281 71 120 151 69 78 198 254 154 28
315 269 42 104 23 319 313 95 240 96 123 18 188 80 20 294 171 136 177 201
229 224 279 36 183 149 59 133 172 50 112 118 260 34 267 20 179 123 167 27
181 111 176 313 236 280 68 64 40 285 27 272 264 287 295 263 101 89 200 297
142 273 158 306 109 280 69 206 278 267 27 10 42 137 245 309 253 179 249 309
154 91 53 230 244 57 41 270 284 147 34 216 228 124 289 226 141 205 17 244
68 233 193 18 150 20 59 159 39 219 178 239 173 69 284 281 252 21 279 79
67 141 262 310 94 200 184 95 307 194 271 62 177 11 47 56 88 119 71 191
253 247 59 56 31 237 158 310 100 25 114 22 55 56 302 283 45 328 32 24
281 40 41 49 297 35 130 254 41 114 28 216 40 238 285 297 217 241 206 55
131 108 178 243 252 12 27 289 230 36 86 147 33 288 233 79 21 124 157 288
13 195 189 293 267 110 123 49 33 43 166 278 98 109 8 49 7 157 318 215
318 104 59 129 117 319 261 239 55 97 294 71 140 50 234 232 241 122 75 292
233 250 303 73 174 205 121 149 166 13 216 39 146 34 244 23 199 45 123 105
230 221 178 222 76 162 58 39 58 99 29 146 76 215 221 185 35 295 268 275
153 229 237 146 58 173 87 54 36 26 28 257 178 243 157 243 19 283 121 104
278 330 299 266 31 113 201 179 103 31 120 88 225 164 155 266 181 293 141 7
245 244 170 299 320 149 295 102 200 321 220 201 19 225 122 68 70 68 327 78
53 69 145 49 170 72 201 253 262 189 192 64 142 32 61 188 148 204 198 225
10000000 10000000 10000000 10000000 10000000 10000000 10000000 10000000 10000000 10000000 10000000 10000000 10000000 10000000 10000000 10000000 10000000 10000000 10000000 10000000
269 240 113 202 268 225 60 178 219 167 56 21 227 147 299 222 186 89 125 244
113 208 280 87 216 281 249 102 166 265 304 71 116 41 63 207 174 254 286 149
268 249 153 57 40 15 42 230 158 95 292 324 114 77 173 164 314 195 273 267
201 11 183 44 298 240 253 203 44 42 324 46 105 274 34 123 305 310 17 74
140 292 121 312 225 168 116 220 26 94 107 307 311 317 62 299 118 325 330 266
246 110 232 62 220 318 110 18 92 196 229 21 206 310 90 65 226 248 229 109
212 53 101 116 278 221 322 213 97 128 99 172 61 117 102 172 22 286 205 102
268 249 320 199 9 195 66 211 320 175 187 267 290 66 44 306 68 300 291 23
228 192 156 169 42 25 89 201 182 290 283 8 246 96 38 119 158 91 218 40
201 265 305 34 279 270 241 209 55 217 306 238 172 86 279 38 234 179 310 250
287 126 116 315 263 96 17 316 230 29 276 9 323 113 226 324 252 21 8 288
323 130 310 298 112 18 10 229 140 113 174 29 168 86 12 269 48 126 12 311
55 307 90 175 193 306 183 72 171 143 189 329 210 202 204 163 164 122 298 304
149 17 261 248 200 234 301 175 175 19 260 261 112 214 108 181 100 36 158 224
191 301 271 115 92 251 252 119 247 278 59 244 229 292 100 74 89 242 141 316
317 223 318 252 199 257 113 169 14 152 156 10 217 140 34 55 27 212 186 235
259 66 238 103 183 64 311 142 39 327 139 133 79 272 52 114 57 310 238 49
266 141 215 212 175 194 241 138 154 271 308 98 39 55 209 18 328 237 297 217
305 77 202 30 25 280 124 259 252 11 246 305 177 258 192 46 148 164 55 248
47 154 243 47 200 180 79 260 81 191 49 264 58 272 287 317 266 177 60 149
267 266 210 300 147 99 240 75 179 198 275 249 108 265 302 90 85 72 66 232
91 242 328 229 40 308 59 133 189 278 303 170 119 74 106 80 292 266 173 267
307 190 9 292 46 119 186 224 246 52 206 312 47 299 266 110 256 100 329 7
215 45 303 156 317 62 137 48 214 114 178 150 157 248 16 46 17 229 60 118
27 272 175 290 266 26 247 186 23 172 44 204 54 26 164 217 271 22 16 138
26 209 80 112 309 171 261 247 41 291 234 46 104 189 22 73 210 91 246 79
327 258 63 308 106 36 314 251 289 72 260 63 195 140 160 150 136 271 125 297
59 247 128 55 102 35 317 146 141 48 263 213 207 160 148 259 187 42 54 245
192 190 209 321 151 118 133 274 156 49 235 41 131 47 9 317 127 88 176 205
113 28 43 228 279 230 273 208 270 197 161 173 290 261 286 320 244 242 232 46
59 246 146 95 69 277 35 289 159 167 216 133 97 144 153 229 162 283 329 48
157 161 304 229 233 247 95 55 74 266 301 117 42 184 129 41 66 154 174 191
71 65 270 11 239 49 256 107 185 83 216 212 65 327 111 282 76 58 59 257
282 287 46 272 244 142 321 151 303 166 166 296 323 296 192 315 242 298 15 158
194 33 120 49 33 291 173 126 294 185 192 145 282 39 202 249 36 166 308 307
10000000 10000000 10000000 10000000 10000000 10000000 10000000 10000000 10000000 10000000 10000000 10000000 10000000 10000000 10000000 10000000 10000000 10000000 10000000 10000000
172 8 146 248 244 177 194 16 226 268 166 227 9 311 107 57 7 158 34 253
48 130 89 239 182 227 168 224 84 38 310 90 273 117 288 248 280 257 29 93
29 100 108 276 283 57 122 80 252 62 47 52 140 35 292 118 238 190 146 319
303 248 165 144 9 153 181 140 82 217 113 200 329 47 226 131 12 70 44 251
263 143 195 145 121 60 120 202 210 170 80 324 37 307 30 91 300 160 199 320
109 157 276 142 308 198 282 248 97 166 205 193 324 85 92 50 104 150 157 65
133 194 305 154 218 304 124 331 271 94 265 47 305 114 78 269 83 259 163 149
16 122 82 279 38 167 307 262 150 220 318 73 88 86 184 177 320 271 152 184
156 90 26 66 29 329 176 173 260 189 18 317 98 211 133 106 79 39 123 329
210 30 170 137 61 215 75 34 239 20 306 138 85 253 247 159 22 34 143 52
303 300 276 138 113 302 61 290 52 106 175 281 170 322 31 320 82 316 135 192
207 329 329 296 137 77 181 294 176 290 117 266 273 147 139 110 224 243 73 113
156 211 97 245 283 93 330 261 114 47 282 250 245 119 43 65 182 243 173 294
203 241 28 83 25 274 216 290 279 124 274 276 155 163 305 174 142 57 20 257
248 260 278 134 65 200 88 72 174 237 177 215 78 61 212 26 23 260 10 147
62 277 326 47 134 88 206 142 331 61 39 170 143 145 184 225 221 59 69 248
165 166 239 31 212 217 202 286 93 120 98 310 17 139 22 85 289 277 245 8
251 38 298 174 174 197 223 33 301 216 114 303 277 69 96 25 267 272 98 106
153 133 224 95 80 47 246 206 306 14 196 321 179 76 200 285 318 263 266 102
309 195 189 251 209 42 82 69 253 299 154 231 37 234 193 54 186 279 94 31
309 295 67 158 209 299 284 234 306 204 292 187 242 328 187 170 250 171 19 328
199 93 16 105 112 256 203 282 188 52 274 232 72 173 36 132 92 24 256 40
169 305 78 79 143 175 246 302 266 46 139 130 227 111 121 326 330 20 257 265
134 273 291 133 153 84 74 101 316 103 276 225 186 245 282 207 234 38 217 79
281 286 266 144 331 277 57 229 221 170 214 297 318 216 218 201 84 58 129 172
327 134 45 234 274 324 91 200 202 297 299 33 177 127 321 225 324 234 174 305
146 158 137 214 141 200 61 145 147 307 270 293 198 186 76 168 293 302 277 152
22 49 180 57 61 171 248 27 80 285 162 247 204 295 146 27 250 223 157 71
172 281 301 276 318 217 117 102 202 193 50 240 232 230 142 73 249 238 48 206
296 12 115 183 253 212 277 163 136 28 86 185 265 276 92 169 12 317 299 322
305 260 130 129 180 303 102 191 31 190 309 230 147 98 126 82 305 93 116 90
123 120 59 69 28 324 39 277 292 41 158 65 151 78 199 305 170 257 65 33
77 106 26 83 196 213 191 258 219 304 180 131 270 327 22 191 239 215 152 238
296 314 264 251 326 132 292 179 154 112 174 217 95 220 163 262 133 194 294 213
312 74 240 133 159 144 120 274 329 103 177 278 253 93 185 261 271 86 64 299
10000000 10000000 10000000 10000000 10000000 10000000 10000000 10000000 10000000 10000000 10000000 10000000 10000000 10000000 10000000 10000000 10000000 10000000 10000000 10000000
120 35 173 95 235 227 253 170 194 154 100 181 245 157 203 164 41 291 214 128
14 108 295 160 39 145 54 275 38 84 125 275 71 247 233 277 35 176 60 215
27 149 177 245 46 226 96 172 272 236 270 95 237 186 122 260 222 91 152 10
74 325 330 288 257 173 205 128 107 178 119 211 189 8 185 35 148 209 78 135
176 156 264 122 165 230 244 194 74 277 279 314 324 146 158 170 291 329 134 180
170 118 205 110 272 35 271 152 23 271 184 114 246 149 319 20 301 103 163 260
69 300 213 329 206 262 226 115 267 18 10 290 285 323 68 133 314 68 257 288
288 194 322 122 316 249 243 242 178 225 311 316 203 241 153 251 75 323 93 9
155 78 302 66 9 16 273 100 172 279 30 178 9 301 38 113 179 270 211 9
98 131 272 140 308 197 101 222 103 203 228 206 27 14 291 104 50 274 67 176
307 283 166 113 44 80 289 328 148 107 195 47 66 328 67 49 238 175 74 306
270 282 208 205 233 273 190 273 311 324 328 83 65 257 150 182 16 185 43 119
279 252 59 124 330 63 227 210 16 17 158 284 207 270 154 149 215 191 77 233
258 11 294 249 74 317 267 193 242 241 312 59 183 22 73 35 131 36 300 134
47 72 50 153 53 104 151 230 191 111 42 285 216 67 103 246 84 37 209 256
85 149 74 28 325 227 251 127 204 103 103 174 198 9 80 7 69 273 331 234
211 176 296 123 172 88 69 317 318 242 312 104 196 174 129 135 247 105 330 149
195 185 90 21 96 48 214 39 82 286 176 186 101 25 216 226 160 236 159 15
317 241 157 207 249 217 142 129 160 93 119 28 144 46 270 163 55 309 138 234
139 42 10 104 125 256 311 106 35 198 165 67 168 183 109 111 289 268 98 259
305 215 311 208 146 177 75 303 220 224 63 286 196 163 96 234 133 110 244 53
101 153 85 267 265 116 85 31 156 167 78 231 124 84 41 123 116 178 298 134
209 191 236 153 265 249 329 108 50 173 42 322 226 35 111 281 78 158 68 47
19 134 322 82 113 91 247 217 26 72 42 153 95 73 26 319 258 284 288 122
171 331 189 288 302 329 85 163 58 66 142 167 331 74 321 74 278 126 297 298
271 232 91 62 152 234 300 308 11 32 45 104 111 183 138 99 71 191 47 57
127 284 146 43 151 149 155 314 282 15 246 185 263 166 112 33 98 51 289 148
38 38 266 105 145 322 59 323 143 301 211 324 285 140 251 272 104 142 155 119
322 278 251 258 79 200 327 238 280 91 253 239 22 200 246 30 177 158 126 20
81 198 129 228 181 34 298 284 303 211 294 125 178 293 137 170 67 250 32 98
151 38 203 29 240 161 326 72 137 82 236 166 263 286 202 247 331 101 299 272
123 69 83 26 130 321 325 252 204 164 170 31 171 245 264 176 124 76 177 283
48 160 178 47 93 159 151 148 303 100 289 81 296 221 185 131 88 303 102 108
115 249 295 309 79 283 20 72 154 61 223 310 154 303 330 311 194 317 163 247
57 34 28 97 155 254 226 22 215 301 195 320 131 11 240 135 211 216 315 80
10000000 10000000 10000000 10000000 10000000 10000000 10000000 10000000 10000000 10000000 10000000 10000000 10000000 10000000 10000000 10000000 10000000 10000000 10000000 10000000
19 88 30 236 89 178 15 78 252 155 30 284 19 327 39 194 286 86 312 59
258 214 203 146 160 8 144 72 238 65 179 270 46 185 140 327 157 89 100 9
247 157 324 294 302 227 203 69 58 107 144 128 328 174 79 287 300 283 234 156
230 233 212 263 263 164 158 136 265 191 302 325 118 93 50 315 243 8 96 191
302 99 110 149 167 122 168 123 218 304 272 58 81 304 187 142 328 117 327 115
121 202 49 230 130 16 52 140 176 314 328 55 130 127 90 271 112 138 170 159
273 238 51 72 207 116 65 205 209 128 310 36 283 52 252 81 218 301 261 214
36 169 102 223 105 132 292 309 208 11 103 217 169 64 84 20 39 36 118 196
234 11 190 16 77 285 220 167 91 119 20 327 132 14 254 8 270 47 287 39
175 19 267 275 32 275 19 22 8 245 232 162 223 288 47 260 72 214 110 196
96 162 272 316 161 275 81 258 80 323 254 9 145 194 307 220 94 309 327 111
155 19 262 22 153 40 63 208 169 295 123 315 77 10 19 26 79 157 161 191
35 132 218 194 92 193 227 124 324 21 294 16 235 66 143 31 194 73 70 311
286 27 180 257 13 47 12 57 287 294 213 13 165 324 184 63 153 320 74 45
313 42 76 211 162 228 265 110 31 202 257 237 306 97 128 170 305 158 140 111
144 65 140 19 84 171 142 128 26 256 163 34 142 214 108 83 136 125 248 130
188 58 203 292 38 156 33 182 37 278 81 227 26 241 233 316 331 13 28 253
272 67 119 274 286 126 288 117 305 19 69 157 203 99 118 89 21 230 312 283
268 97 146 133 217 236 119 277 192 297 61 40 238 286 110 23 131 105 322 52
9 210 104 82 75 285 74 63 309 178 130 175 255 63 196 60 241 30 162 77
308 110 267 246 187 127 70 149 151 199 141 242 201 288 69 103 160 120 148 112
33 93 323 177 236 201 186 64 293 240 203 270 150 125 232 93 39 209 149 307
73 226 92 82 84 266 145 168 96 47 321 93 100 310 154 111 260 113 61 256
118 244 223 38 243 210 43 122 288 199 27 112 34 160 111 122 297 228 140 36
158 107 52 16 303 297 34 189 100 270 24 193 317 324 230 185 210 143 68 218
130 57 91 163 192 256 42 13 228 190 243 169 202 241 250 21 49 270 82 301
255 41 125 275 247 320 270 58 56 308 103 204 174 169 305 172 241 321 326 223
240 301 228 78 14 17 191 323 98 128 152 279 223 95 257 287 311 69 108 264
111 100 226 175 101 259 134 229 224 220 268 252 192 56 243 126 307 171 238 38
133 66 36 60 238 106 244 254 8 97 110 88 166 61 143 22 69 84 194 98
182 306 330 293 92 327 185 123 51 90 122 254 97 145 68 191 249 310 269 47
85 302 233 275 219 167 33 123 152 139 171 328 98 212 259 286 195 262 180 193
17 164 105 171 145 117 329 235 311 139 189 281 137 217 137 290 282 278 196 102
218 272 161 121 149 192 78 262 286 136 97 114 266 177 122 103 320 167 304 210
193 217 35 73 93 139 125 194 104 243 31 319 132 170 317 253 294 199 84 208
