10000000 10000000 10000000 10000000 10000000
193 85 144 278 238
109 240 123 217 238
180 307 219 315 264
311 269 270 277 22
146 184 246 82 133
293 53 25 87 288
16 130 75 303 29
131 264 187 316 275
309 166 195 139 49
184 154 123 78 247
253 232 71 14 171
16 251 252 233 225
183 59 245 137 138
158 38 120 320 143
305 289 116 34 141
302 173 43 82 94
193 129 210 180 250
196 77 267 251 267
205 93 280 247 323
272 159 288 242 116
231 296 244 235 28
25 307 264 164 194
251 244 151 224 223
260 57 260 124 272
296 274 39 126 208
55 284 84 168 201
270 266 14 102 172
320 165 240 191 127
187 230 28 199 213
139 149 301 144 107
215 10 216 272 122
310 92 52 124 274
211 176 88 124 84
114 307 67 180 203
181 147 166 240 132
56 103 231 253 231
174 289 33 186 168
260 19 251 290 158
296 190 7 39 180
70 55 300 255 76
40 181 185 54 184
20 303 221 41 106
132 194 249 192 292
129 258 263 277 314
39 59 16 248 151
67 221 142 235 203
173 313 169 200 227
247 89 295 302 72
218 85 157 236 262
238 168 281 297 186
315 223 87 322 58
9 154 152 10 322
146 250 294 134 7
207 200 301 271 262
271 83 299 74 271
10000000 10000000 10000000 10000000 10000000
31 224 43 208 161
25 68 198 89 21
22 230 294 108 221
49 265 248 68 273
58 32 252 153 279
16 171 290 52 215
303 239 108 249 240
225 113 8 230 130
139 233 93 186 105
295 212 270 265 316
268 110 153 103 40
175 212 52 120 287
201 47 22 199 319
195 173 92 197 112
276 288 312 69 44
25 307 230 42 113
312 190 271 119 319
50 171 270 109 288
231 234 217 241 178
172 297 98 236 144
147 153 215 240 301
43 112 301 26 20
6 284 281 316 21
144 64 59 96 122
278 93 281 186 126
211 26 84 299 52
35 117 47 258 168
188 13 320 177 193
182 149 25 133 194
231 230 51 289 183
167 35 124 267 226
112 318 81 136 111
96 95 25 80 77
305 291 283 258 297
213 156 240 178 286
236 199 23 307 92
7 189 248 198 236
15 65 171 193 304
51 103 10 67 237
249 162 189 133 261
40 181 133 257 82
112 188 313 43 311
63 53 34 242 128
218 94 119 45 264
311 220 39 69 269
286 103 257 150 86
161 259 271 78 204
157 151 128 69 254
48 205 267 215 267
91 228 26 192 186
314 303 166 149 291
20 128 319 92 177
275 319 112 78 200
120 276 236 188 25
227 296 56 50 280
10000000 10000000 10000000 10000000 10000000
293 71 173 139 230
147 24 77 315 53
248 120 141 53 273
114 303 42 262 245
277 212 275 92 17
209 213 303 213 220
43 33 286 30 206
56 141 42 46 99
203 103 206 185 298
163 147 269 227 218
123 154 182 197 262
174 172 28 170 58
17 188 48 243 68
138 135 37 237 259
98 313 29 279 187
52 259 64 189 150
160 67 114 212 155
205 198 126 38 18
90 238 143 168 43
152 311 86 131 175
303 277 263 108 240
246 119 283 239 16
17 29 163 125 164
210 23 314 160 264
121 167 170 183 317
254 143 224 163 255
307 276 253 91 12
92 150 188 144 306
98 231 247 151 97
270 124 54 20 274
261 13 176 295 101
266 66 163 145 197
139 29 311 233 141
302 92 43 88 225
162 253 112 253 120
66 263 36 116 15
223 50 216 223 62
195 268 320 78 76
241 86 64 83 269
57 246 38 311 100
109 235 285 59 293
6 70 135 70 185
172 281 77 147 258
157 266 189 147 144
92 231 308 229 84
176 49 292 97 55
150 304 129 107 263
50 296 183 176 99
302 53 11 309 59
90 313 159 216 282
218 286 83 160 99
300 84 93 206 265
320 220 242 86 131
295 36 167 238 28
284 155 36 35 134
10000000 10000000 10000000 10000000 10000000
108 23 101 74 63
121 42 288 56 309
225 133 203 274 130
222 235 276 34 42
37 180 278 213 130
236 215 112 124 258
40 150 262 152 51
35 217 216 195 311
179 292 176 298 33
267 93 290 265 252
124 311 49 128 77
39 114 252 292 118
101 173 105 220 269
231 71 155 313 212
190 213 195 96 153
316 77 117 149 288
265 81 158 155 179
248 195 158 12 38
296 182 117 316 235
74 195 176 321 287
7 265 311 97 143
259 281 208 131 93
159 48 171 217 239
149 74 172 195 154
265 287 154 223 62
161 43 50 51 158
304 152 195 172 83
286 119 106 220 129
309 112 217 108 206
206 110 120 228 44
94 297 65 220 145
123 148 86 89 150
236 215 134 210 223
291 138 224 133 104
45 190 302 248 115
189 57 95 286 290
24 117 267 188 50
177 298 218 173 284
255 62 323 234 287
48 12 23 254 304
63 145 116 287 69
271 85 192 119 192
320 52 256 168 280
18 116 59 260 82
276 190 299 115 308
114 13 287 9 243
172 269 277 36 226
75 217 204 88 159
110 107 232 312 49
9 103 218 67 135
96 6 117 91 138
121 176 8 295 22
292 210 60 245 226
318 40 141 32 27
99 276 151 224 229
10000000 10000000 10000000 10000000 10000000
279 28 54 296 66
73 20 74 69 322
46 302 249 146 29
283 273 282 14 197
228 23 313 223 170
163 50 297 240 299
314 171 236 283 57
216 68 58 29 319
281 251 34 129 211
109 314 281 28 38
323 276 120 176 45
303 169 86 217 175
148 135 205 28 293
121 270 154 305 187
135 244 157 235 88
240 171 167 75 44
38 141 270 181 100
55 159 122 139 78
223 26 25 47 292
251 120 154 277 150
301 295 157 37 242
317 137 204 146 282
13 227 78 137 310
10 251 51 65 298
41 23 48 322 30
168 298 184 32 17
252 262 18 137 169
250 283 78 260 212
115 277 201 145 67
101 50 312 307 215
32 148 114 299 27
105 299 307 216 140
246 160 82 75 240
46 100 263 216 291
295 76 47 16 299
118 189 255 51 313
235 193 252 258 25
316 95 255 247 66
77 321 103 17 89
280 226 130 91 142
269 201 230 139 199
23 189 238 164 76
48 32 27 44 278
234 57 103 100 7
80 203 267 202 255
196 323 109 266 318
246 108 69 113 270
159 85 155 220 237
158 88 57 126 200
178 261 44 318 218
26 14 220 110 129
36 207 93 155 45
204 198 64 318 37
162 192 153 294 89
144 8 320 319 37
10000000 10000000 10000000 10000000 10000000
166 287 68 131 197
105 206 30 234 77
125 305 179 146 104
74 142 294 74 124
158 212 288 235 306
129 8 269 81 225
229 32 184 101 162
131 108 167 297 172
25 126 89 258 78
68 128 89 195 285
300 229 312 249 60
311 60 263 323 217
248 35 108 31 121
170 28 262 30 296
298 188 312 250 214
48 238 70 163 45
109 107 286 89 183
191 137 129 236 110
290 176 104 43 234
291 81 231 27 182
40 236 161 257 322
37 208 242 8 112
285 231 103 271 216
284 46 184 141 193
130 143 194 35 307
242 81 150 221 318
297 300 83 286 227
190 280 59 30 84
27 9 57 96 183
56 276 48 175 124
261 24 171 181 197
260 294 274 98 317
208 214 78 39 91
240 270 69 159 228
63 303 208 159 98
193 277 164 323 109
103 177 31 67 113
317 302 229 54 221
108 169 217 101 242
31 101 287 136 196
90 81 269 38 201
263 231 54 195 81
30 303 35 108 297
126 233 323 128 187
218 14 255 272 210
304 131 155 245 155
281 8 235 216 184
321 251 224 245 183
310 224 215 184 273
9 135 9 190 309
113 270 230 284 214
125 319 17 256 130
197 62 126 301 225
72 283 45 283 34
182 241 96 40 131
10000000 10000000 10000000 10000000 10000000
306 39 221 39 219
292 218 57 29 79
50 165 164 300 232
279 22 270 203 128
206 221 111 14 165
22 215 288 235 228
115 285 243 262 267
60 190 268 268 143
279 38 251 32 58
85 288 277 286 199
14 305 8 291 194
316 205 26 281 282
247 64 155 62 174
172 240 98 208 246
7 86 242 67 184
101 124 47 214 112
152 313 279 278 240
82 31 193 121 282
20 140 250 131 31
274 42 104 256 191
267 213 48 265 41
112 130 24 280 26
177 189 34 220 196
126 22 63 142 269
156 163 141 321 203
112 240 142 11 58
246 224 17 164 125
222 80 161 113 322
7 74 192 127 230
167 280 223 96 323
77 95 261 310 261
104 132 166 221 154
56 310 304 303 249
291 293 179 198 188
188 273 178 162 30
274 215 241 153 48
258 8 23 20 65
296 59 25 97 282
115 137 39 236 54
274 112 314 236 273
319 306 287 14 230
185 218 233 57 267
80 47 215 191 157
199 224 156 30 128
102 62 163 323 256
271 28 290 127 236
127 125 143 221 145
189 303 228 240 316
14 107 110 76 57
52 31 260 94 230
71 240 111 277 269
73 295 25 117 279
245 321 19 276 13
275 134 85 95 308
274 269 322 75 163
10000000 10000000 10000000 10000000 10000000
102 71 91 30 101
206 206 49 27 6
218 193 156 27 211
280 22 220 25 302
211 63 66 217 216
151 30 118 244 36
55 135 319 211 240
202 135 134 120 244
81 157 221 274 135
202 234 22 251 116
243 135 18 38 46
236 89 177 169 40
49 187 311 153 274
313 33 66 285 36
169 193 289 312 40
126 118 315 126 213
321 284 149 254 17
215 299 126 206 258
38 167 280 277 151
49 205 298 262 322
133 212 199 10 296
29 202 250 278 281
323 322 113 179 225
204 265 132 60 285
143 87 248 182 6
267 167 259 40 237
258 246 209 173 192
246 62 54 290 239
276 26 264 135 21
305 84 273 304 30
6 27 185 122 47
86 315 25 139 38
138 265 247 93 132
95 30 309 148 66
284 76 39 62 164
266 71 105 73 75
173 292 36 116 215
319 291 318 250 233
167 122 177 36 267
243 273 167 195 228
217 233 279 309 135
259 97 86 32 253
259 59 51 252 160
105 166 190 300 93
183 66 268 251 85
91 178 24 124 108
114 93 43 67 134
200 76 253 11 208
213 84 322 297 179
209 71 192 157 22
322 167 19 112 299
226 275 22 246 252
100 117 176 315 56
69 178 208 284 19
137 162 218 52 44
10000000 10000000 10000000 10000000 10000000
286 149 242 264 321
135 135 207 116 47
221 287 60 149 204
73 152 248 46 52
213 12 19 214 225
6 107 65 312 156
203 286 198 242 99
277 228 157 113 309
294 285 317 76 285
50 40 14 82 314
313 296 165 75 20
193 101 215 257 46
152 74 309 295 7
71 232 189 260 19
255 301 267 308 235
264 296 103 81 77
170 33 49 262 29
134 114 71 18 136
17 107 124 115 227
128 227 56 132 234
14 114 56 92 58
197 120 176 267 276
194 103 216 272 196
28 53 217 244 105
98 231 147 255 210
29 305 168 123 272
10 261 91 26 69
70 19 210 43 54
285 40 43 210 137
61 69 145 191 122
202 230 172 168 234
131 100 58 132 110
48 95 91 323 205
271 246 308 287 229
93 280 194 46 83
267 292 8 40 268
215 82 20 8 151
120 296 135 137 105
315 95 247 253 173
154 119 118 214 263
247 227 197 140 110
34 216 104 297 268
240 149 66 228 60
67 152 173 82 102
158 84 191 128 61
186 34 136 91 59
281 297 43 172 82
79 236 146 184 268
148 109 199 156 55
262 305 146 270 197
210 93 15 81 29
90 258 234 105 285
54 111 306 286 100
140 211 263 112 34
58 293 299 166 43
10000000 10000000 10000000 10000000 10000000
84 106 143 114 315
106 162 225 14 27
235 36 263 20 85
146 210 10 192 123
187 21 244 200 286
114 252 195 264 197
298 141 277 29 235
37 112 105 131 73
176 297 80 120 192
195 204 24 168 160
248 246 13 207 283
29 283 188 289 6
198 84 100 124 10
210 97 115 6 268
300 212 63 30 223
141 21 207 61 27
51 120 170 250 146
246 279 147 143 218
149 187 138 162 140
44 34 160 226 176
176 17 278 268 137
244 187 236 315 133
86 96 28 93 75
218 175 179 80 273
275 216 179 23 79
20 66 171 170 316
102 98 73 82 209
281 41 230 84 234
260 148 62 212 205
205 162 250 10 9
266 226 280 184 276
109 89 154 97 16
139 133 135 166 162
142 114 52 83 99
221 279 167 201 292
44 309 245 164 64
132 200 311 159 207
138 221 213 148 199
250 195 286 159 69
180 295 247 99 145
176 258 138 223 275
185 125 214 223 28
44 272 257 253 260
173 298 110 268 249
160 44 235 242 191
299 107 123 230 145
117 134 141 159 17
81 150 29 246 278
299 65 13 143 277
178 161 207 88 68
106 72 237 288 256
139 112 100 248 143
80 173 215 136 81
65 220 275 271 38
121 144 245 94 26
10000000 10000000 10000000 10000000 10000000
118 131 42 33 282
200 79 248 116 251
182 139 19 108 201
74 71 95 244 246
298 180 178 223 162
296 140 97 138 92
272 33 291 278 180
250 13 122 201 152
270 263 140 149 163
162 306 275 132 7
164 322 323 92 130
81 61 245 126 209
308 261 71 146 290
42 111 101 28 27
292 101 191 189 180
165 301 199 163 207
6 268 189 22 6
82 34 40 280 91
219 320 123 191 295
237 11 87 319 155
127 70 116 180 194
36 18 70 190 13
284 22 70 230 262
207 280 101 272 307
77 213 72 108 290
292 29 180 280 260
299 274 45 68 170
276 150 74 9 22
37 100 279 181 221
282 46 43 80 320
299 248 266 323 130
54 109 100 32 70
158 10 272 138 181
72 33 47 288 231
254 296 291 133 251
111 10 251 230 284
108 244 245 84 110
193 293 229 40 320
219 26 149 295 142
68 108 102 286 224
43 77 143 307 77
134 270 287 247 66
279 60 195 17 87
35 320 42 216 21
22 200 154 20 120
56 56 179 269 23
177 207 155 134 154
159 111 234 284 112
255 130 283 138 156
222 66 185 268 271
104 288 146 108 94
163 203 234 320 18
16 25 233 258 220
172 159 134 212 217
300 130 245 109 155
10000000 10000000 10000000 10000000 10000000
174 248 116 251 150
173 208 58 227 157
128 123 270 266 99
194 287 225 51 24
73 268 106 270 145
91 254 248 74 94
204 179 123 195 204
135 93 125 293 31
238 100 246 79 38
96 160 220 247 284
301 178 126 182 75
98 75 87 57 240
197 85 193 108 320
225 71 186 21 323
64 248 240 196 177
166 40 48 200 13
319 146 175 34 181
278 224 199 31 83
134 202 252 254 176
144 141 130 80 252
136 281 162 153 13
20 265 153 129 247
157 233 288 205 256
226 257 264 15 198
151 197 180 60 72
233 155 311 318 287
315 86 49 15 258
275 179 233 190 281
136 283 296 57 281
36 85 284 160 154
181 52 254 310 190
163 198 314 260 65
15 299 246 180 95
66 183 278 97 144
186 32 132 14 315
275 123 226 111 210
227 217 307 86 277
33 35 186 170 87
146 301 108 111 313
72 63 140 116 233
154 50 280 57 61
216 164 197 232 74
49 228 162 8 135
319 22 168 48 16
10 19 220 58 186
20 308 68 245 161
59 100 215 15 266
177 230 29 142 198
220 133 121 285 191
32 21 89 102 197
282 281 89 224 225
6 305 200 117 97
172 75 308 233 264
77 240 215 222 131
141 64 246 263 192
10000000 10000000 10000000 10000000 10000000
77 250 323 289 172
160 262 311 131 126
100 265 176 188 321
126 312 154 196 153
13 56 31 11 225
89 317 252 96 294
310 131 25 300 57
17 146 268 98 253
195 144 170 275 194
106 61 294 43 150
90 128 110 263 7
32 156 295 167 24
103 244 53 262 180
278 84 233 200 314
257 73 237 268 237
36 201 296 299 137
199 270 10 316 181
114 274 42 301 159
251 50 65 127 200
66 47 74 208 28
125 139 220 305 195
258 315 122 135 213
81 76 154 213 62
190 299 308 185 316
317 45 274 172 252
185 33 173 260 300
112 12 121 178 83
282 117 231 263 126
289 30 72 278 99
120 226 79 180 35
43 130 257 223 33
188 237 228 192 300
14 79 238 91 169
73 206 237 252 46
322 43 43 171 302
300 197 239 88 228
141 292 237 287 134
22 285 23 182 212
40 249 219 77 40
261 125 90 233 303
85 125 193 188 314
309 140 141 171 166
159 136 189 299 282
257 126 233 47 98
126 20 316 166 128
303 105 67 201 226
282 145 316 42 152
245 248 179 12 85
273 135 118 9 120
99 101 302 276 109
215 172 111 291 64
282 306 70 170 294
76 194 29 132 39
285 298 213 225 230
152 286 198 84 287
10000000 10000000 10000000 10000000 10000000
120 31 120 200 26
237 167 137 38 145
299 224 320 77 263
105 127 184 181 233
108 209 30 94 187
37 56 99 248 293
7 147 262 310 263
232 160 69 18 169
9 88 299 240 20
242 308 54 278 230
20 218 177 71 245
103 292 156 111 254
151 141 19 92 221
156 318 250 118 154
262 107 296 37 130
55 280 238 29 265
89 92 57 213 18
91 156 319 309 106
198 84 319 139 235
228 261 52 144 208
239 114 235 97 208
123 14 86 68 157
228 168 223 74 44
112 168 316 322 166
46 241 286 252 322
173 143 141 295 21
100 136 240 233 64
272 125 81 247 294
279 75 204 23 186
274 265 268 195 48
234 157 307 252 32
84 190 282 151 151
148 130 268 56 26
81 81 252 217 316
282 164 37 301 40
79 247 291 137 233
26 216 96 34 293
190 185 262 265 12
209 8 172 54 269
144 267 248 109 214
29 180 314 277 172
202 276 194 117 234
29 192 102 215 229
317 57 8 185 215
235 298 12 66 263
88 165 282 280 39
93 306 264 271 176
255 218 41 238 93
308 239 177 194 132
133 146 134 188 21
187 137 57 235 205
233 286 211 115 264
241 264 274 230 8
257 94 225 303 270
26 12 236 278 237
10000000 10000000 10000000 10000000 10000000
51 193 167 267 107
222 79 170 48 105
188 103 88 151 222
95 314 41 17 20
305 149 9 23 34
190 39 272 71 149
68 40 67 22 87
199 277 177 32 316
255 43 260 63 219
250 301 198 153 41
282 48 282 224 94
315 78 263 256 252
219 238 299 237 163
185 319 97 106 75
290 213 47 39 110
89 282 90 23 157
171 241 279 178 257
215 130 158 164 234
88 80 183 279 156
297 54 186 133 170
123 228 120 156 215
88 253 106 111 88
27 181 279 287 164
202 50 242 16 109
29 279 270 10 102
91 170 251 37 262
293 15 315 255 283
23 247 227 79 321
197 250 292 129 144
279 127 47 45 94
230 234 130 91 266
83 109 115 129 142
138 70 67 311 203
229 207 127 183 322
146 280 52 143 315
214 228 152 190 64
243 99 155 248 32
290 244 318 195 121
257 95 102 235 126
206 294 94 178 44
223 74 275 68 186
75 19 101 108 186
150 142 314 52 159
187 144 181 78 255
144 191 24 21 167
48 297 220 163 303
210 140 316 210 182
71 236 102 47 19
221 181 154 66 274
159 35 278 312 249
47 127 50 242 191
95 185 53 13 234
29 43 146 213 124
38 7 94 29 160
308 70 98 72 13
10000000 10000000 10000000 10000000 10000000
50 185 215 77 80
321 181 93 156 296
145 9 288 257 258
222 89 277 170 122
222 28 86 34 51
137 303 118 20 40
322 265 185 220 216
205 8 102 96 10
169 238 76 203 175
153 96 254 290 322
291 139 168 204 195
111 91 25 264 66
134 249 316 81 294
14 179 214 82 49
34 310 11 92 95
220 204 300 202 21
235 127 144 228 313
179 281 12 231 167
82 183 264 309 247
104 34 195 162 15
267 46 25 203 300
159 129 253 191 241
123 161 108 279 142
143 28 133 302 58
98 76 98 149 29
190 89 129 290 79
289 131 290 255 106
62 7 7 236 54
198 284 321 210 292
89 42 19 50 116
122 7 165 140 233
220 298 313 96 91
284 281 288 144 88
232 308 112 169 88
66 262 56 264 189
24 148 154 83 203
23 102 288 202 295
248 37 296 185 267
78 173 39 18 310
254 73 320 146 148
80 49 287 245 245
10 269 254 233 215
272 294 225 164 253
120 91 53 45 101
151 172 28 310 168
176 114 182 205 157
80 106 17 273 265
170 117 305 305 181
49 273 51 201 147
200 24 226 38 199
305 263 15 138 278
229 184 167 178 70
78 13 211 92 12
152 9 234 219 116
268 271 111 22 291
