10000000 10000000 10000000 10000000 10000000 10000000 10000000 10000000 10000000 10000000 10000000 10000000 10000000 10000000 10000000
299 316 22 273 309 100 265 17 212 117 233 147 309 37 155
183 284 122 98 231 250 126 298 174 313 167 297 265 312 132
317 186 82 165 81 203 223 313 279 129 161 54 106 261 35
267 24 164 176 160 42 204 257 218 24 305 318 12 76 229
186 41 169 144 153 88 301 253 102 60 234 218 198 94 237
54 122 35 37 184 82 105 95 55 290 20 134 318 254 266
91 204 161 75 146 310 108 276 33 193 318 111 276 276 185
246 55 87 193 139 53 116 285 54 119 133 318 137 148 47
246 231 43 265 312 167 158 44 328 100 173 271 267 47 312
282 243 168 160 270 86 187 79 330 288 72 42 272 262 146
33 213 293 47 50 77 309 9 46 214 59 45 63 137 253
179 290 181 329 149 82 18 112 15 198 290 132 203 131 162
21 314 17 213 210 110 186 151 125 118 264 131 72 102 141
331 120 39 43 94 242 254 109 77 98 320 231 321 177 143
123 175 31 129 89 220 36 296 41 210 55 266 123 253 76
30 296 279 113 24 53 137 171 86 122 292 51 39 92 25
39 179 239 274 209 91 32 58 323 240 284 165 172 100 29
279 238 38 276 170 12 94 20 260 123 45 312 250 187 302
22 239 216 318 294 207 159 308 175 135 8 163 123 176 77
12 253 260 121 195 243 141 112 263 45 78 88 143 95 63
196 226 121 92 211 303 49 109 205 238 290 243 176 82 269
19 246 290 25 162 229 172 65 148 265 65 69 172 275 192
86 88 289 220 85 63 171 56 178 295 16 193 11 228 193
156 121 331 288 234 28 25 20 278 95 258 44 173 268 186
112 329 64 15 197 214 264 262 156 236 163 79 77 214 271
200 215 99 129 246 33 18 64 289 82 39 97 107 304 151
115 312 9 318 109 288 151 106 212 197 34 308 259 144 67
28 42 106 190 186 51 186 135 83 226 65 31 279 189 60
95 23 123 27 62 42 146 88 265 27 240 295 64 92 151
164 158 56 132 37 329 168 239 323 244 173 266 87 299 276
56 331 13 116 185 113 220 298 265 19 227 298 89 65 53
214 291 148 225 250 35 266 10 236 128 23 113 230 118 283
85 38 204 154 187 91 241 322 269 36 67 82 142 245 331
10000000 10000000 10000000 10000000 10000000 10000000 10000000 10000000 10000000 10000000 10000000 10000000 10000000 10000000 10000000
52 70 178 262 272 247 94 229 134 194 78 21 164 177 236
198 207 266 316 272 117 30 48 18 265 260 238 213 310 262
291 251 325 61 219 210 307 240 306 13 113 116 172 212 213
158 322 153 171 308 35 191 257 164 322 113 59 79 77 282
179 122 209 87 167 243 142 97 325 328 165 196 216 281 265
266 33 9 223 227 49 114 108 59 164 295 193 193 312 159
235 125 283 37 260 191 276 24 158 81 30 127 14 8 287
248 56 77 133 99 317 156 219 310 228 224 117 9 205 192
40 107 104 131 324 154 92 152 152 89 200 183 243 72 302
196 164 259 224 280 136 159 271 79 263 199 137 215 127 250
152 102 85 242 317 199 175 168 278 260 28 281 45 111 212
302 224 31 193 269 226 82 153 56 297 142 19 42 132 324
329 304 164 315 237 211 313 47 226 270 237 7 305 24 63
110 120 86 211 322 295 265 255 234 176 276 294 29 214 60
327 53 182 320 231 43 31 47 202 11 320 150 308 328 160
217 151 148 97 115 25 220 158 297 305 181 137 31 242 184
210 216 77 304 241 52 75 284 21 167 259 166 259 150 299
273 71 51 272 63 286 291 212 90 30 202 321 180 316 212
223 203 219 103 148 192 49 31 238 257 202 309 313 316 324
234 243 94 218 240 226 226 299 159 8 202 323 214 156 162
120 221 270 24 208 39 153 245 193 160 169 327 306 51 144
301 246 273 17 134 223 196 128 246 124 88 246 254 188 305
110 28 7 271 13 246 270 73 167 198 175 171 322 218 318
248 201 254 294 189 169 234 259 39 207 69 90 202 103 218
205 147 152 27 25 213 275 48 246 219 22 47 193 322 61
201 77 290 146 185 260 68 108 50 109 38 208 184 152 309
259 194 33 130 160 123 92 39 132 89 328 27 66 312 241
242 130 314 52 325 198 161 146 223 325 31 96 119 265 206
81 124 203 255 323 122 228 274 257 309 298 255 309 279 84
199 230 148 168 293 284 264 47 167 26 52 273 252 59 313
247 320 137 224 119 240 10 267 22 259 211 96 295 283 130
116 179 160 62 71 283 81 236 205 162 175 202 13 119 318
325 138 61 270 218 124 200 71 194 239 331 92 49 44 50
10000000 10000000 10000000 10000000 10000000 10000000 10000000 10000000 10000000 10000000 10000000 10000000 10000000 10000000 10000000
147 302 26 203 293 32 147 162 235 232 135 132 151 310 113
321 193 233 256 309 254 235 132 194 328 24 52 94 40 120
260 236 102 161 253 140 124 14 184 142 168 161 137 72 94
290 119 165 77 131 110 168 262 251 78 220 328 128 63 251
55 67 42 102 41 11 112 116 294 265 34 304 161 326 172
208 39 60 63 147 243 279 109 280 203 134 101 255 38 36
295 86 282 324 331 282 269 160 119 228 252 39 146 257 154
35 264 280 294 167 29 74 225 170 164 331 220 320 180 50
18 213 314 13 295 113 69 164 101 76 266 141 102 264 244
203 37 191 301 117 222 42 185 212 126 112 234 308 203 204
33 98 28 46 193 237 112 152 59 109 231 277 17 242 97
239 311 12 51 51 158 81 47 325 129 45 269 55 206 313
130 185 290 297 109 317 330 9 129 293 314 119 67 246 295
317 127 176 156 285 43 230 19 110 88 327 130 11 192 215
233 85 135 220 231 100 104 68 87 261 106 248 83 223 7
324 115 98 28 102 328 59 28 127 218 153 289 148 212 182
28 47 238 194 256 287 114 84 198 208 186 318 236 83 51
73 210 312 73 43 265 74 95 327 60 27 121 175 51 64
291 241 208 221 68 39 306 250 289 124 48 225 196 256 12
104 304 218 325 281 66 40 26 236 38 109 47 64 13 55
117 132 251 28 278 159 19 181 30 283 203 228 151 306 166
10 140 82 48 49 248 192 261 73 117 275 18 241 71 253
222 112 91 141 233 249 232 194 49 315 249 292 163 220 87
242 32 95 328 64 80 41 106 107 177 224 169 184 283 17
173 33 21 291 44 17 285 168 191 54 246 60 32 181 284
58 287 15 121 66 72 324 288 149 172 189 25 265 107 183
24 270 144 330 53 16 249 272 117 155 325 101 88 139 259
228 243 136 232 253 311 327 304 109 139 74 297 316 130 36
301 251 88 265 108 211 196 43 213 295 237 15 177 11 160
310 25 215 59 133 71 236 18 327 114 33 79 178 140 33
271 207 39 211 31 223 169 138 297 124 216 199 196 20 24
54 103 299 151 111 284 106 155 53 123 63 171 80 173 37
284 46 289 275 312 116 302 12 154 274 130 80 322 296 15
10000000 10000000 10000000 10000000 10000000 10000000 10000000 10000000 10000000 10000000 10000000 10000000 10000000 10000000 10000000
286 165 74 104 303 248 166 154 248 223 307 126 199 222 20
304 31 320 158 318 269 314 320 165 329 158 120 177 27 295
256 328 303 148 181 145 60 120 231 112 182 10 281 74 89
149 152 258 80 159 173 300 34 151 326 230 44 309 230 102
299 184 312 33 58 95 322 146 72 283 283 29 21 249 165
87 132 292 98 317 327 227 140 316 96 315 116 72 285 312
234 209 93 124 47 327 134 282 151 71 174 130 74 79 253
67 255 41 252 133 130 149 323 282 138 159 313 36 22 241
213 158 18 90 204 154 60 108 191 91 296 80 62 302 54
32 264 134 198 125 313 251 286 47 198 59 22 294 137 74
241 209 303 315 42 54 30 35 223 259 128 293 111 55 56
299 136 119 293 145 69 157 262 206 124 145 281 163 324 222
95 326 190 164 72 119 37 249 242 320 14 56 312 241 106
243 182 32 244 103 112 244 245 15 147 106 328 169 245 277
36 84 253 108 12 86 137 51 302 153 168 239 113 203 232
145 254 311 58 294 164 210 38 251 218 60 304 154 54 283
235 177 77 93 10 137 115 22 191 268 89 164 250 283 300
101 117 210 188 227 267 46 189 152 228 135 329 255 89 18
223 314 128 172 25 143 197 249 122 325 320 226 19 276 11
20 325 195 87 135 114 9 238 47 228 227 80 187 207 42
7 242 127 89 176 217 23 32 118 234 184 8 99 252 133
128 273 34 112 104 207 214 302 211 274 232 264 238 232 216
264 13 129 35 166 99 239 75 230 293 121 222 98 73 312
140 116 184 175 125 321 127 73 248 330 326 131 122 93 205
65 259 207 125 309 136 174 118 302 291 230 44 326 72 51
98 63 171 12 211 139 109 250 167 105 164 187 223 292 174
227 119 295 278 120 52 49 47 63 325 286 62 69 89 104
287 218 313 112 45 290 94 192 133 107 24 11 15 79 162
174 297 235 134 223 321 170 307 316 22 112 240 252 150 211
23 147 13 260 309 311 220 117 294 282 105 191 111 95 109
230 136 140 190 317 154 200 243 186 250 80 279 266 291 92
262 273 204 89 265 123 90 294 250 60 77 321 14 40 80
208 26 321 146 204 143 113 262 308 155 34 64 54 155 32
10000000 10000000 10000000 10000000 10000000 10000000 10000000 10000000 10000000 10000000 10000000 10000000 10000000 10000000 10000000
167 297 108 140 153 308 304 218 48 199 304 243 150 102 61
44 271 19 54 209 284 174 33 280 68 198 115 307 167 235
174 313 96 245 108 146 137 71 234 259 294 141 155 180 320
168 300 58 121 189 242 240 284 127 249 180 254 164 100 324
228 26 35 205 294 151 228 218 69 86 312 10 245 299 226
311 243 272 90 124 300 32 284 46 225 301 182 11 212 77
33 11 118 100 300 50 57 262 8 17 66 31 140 28 312
45 296 238 41 254 289 287 63 318 122 310 312 160 299 208
45 268 194 28 106 139 232 157 211 119 162 48 238 227 202
220 166 65 276 166 10 130 252 67 10 58 305 181 294 46
241 171 268 95 304 193 77 62 150 51 152 45 212 27 13
21 279 324 32 317 288 82 204 320 297 184 92 167 285 206
284 142 113 193 243 18 194 319 186 214 235 135 22 140 99
330 101 116 219 282 160 232 23 41 176 88 179 185 167 264
225 155 107 216 253 140 184 200 11 222 186 72 221 47 28
303 210 328 158 327 20 106 274 188 229 331 18 307 159 318
289 207 297 174 44 272 42 172 25 70 56 140 16 212 201
215 183 82 175 328 168 15 275 200 43 119 328 228 274 268
237 325 143 222 158 100 232 80 106 265 162 326 273 32 230
188 75 149 245 158 253 106 114 48 187 264 237 55 168 185
69 219 205 177 44 14 180 48 197 269 210 122 82 152 271
29 17 191 65 270 92 124 298 165 183 286 250 309 268 186
109 240 262 178 139 81 90 174 32 164 201 104 171 158 212
222 217 245 270 266 233 143 228 44 225 224 90 327 29 144
124 67 117 246 34 32 188 199 102 104 72 307 34 202 92
247 176 68 224 101 101 257 141 83 234 195 21 141 235 281
175 96 326 241 164 211 125 27 306 138 237 42 199 29 90
9 157 184 41 249 215 38 39 197 166 96 173 157 282 112
277 215 46 139 142 86 164 275 246 169 59 302 270 106 26
127 27 46 89 122 15 261 275 111 320 181 231 174 234 48
71 102 209 142 304 104 114 84 70 269 209 139 262 51 115
230 290 89 99 187 135 303 159 209 163 217 275 32 192 106
123 231 323 44 32 15 45 164 330 184 44 63 168 73 107
10000000 10000000 10000000 10000000 10000000 10000000 10000000 10000000 10000000 10000000 10000000 10000000 10000000 10000000 10000000
163 153 118 307 261 273 238 41 232 94 173 71 114 142 177
187 166 222 76 187 109 253 175 185 313 190 287 53 133 39
206 99 146 310 227 176 324 172 91 255 123 151 70 296 205
300 225 105 112 149 106 41 259 123 13 104 237 104 104 294
311 293 237 31 126 274 173 161 305 300 189 252 242 81 192
222 254 120 172 105 35 181 146 322 280 29 121 190 188 215
92 260 25 49 160 231 239 236 289 289 233 158 66 92 181
54 115 102 291 220 267 129 90 21 299 138 101 53 222 29
68 217 82 315 233 104 262 269 221 175 213 53 114 204 204
118 328 167 91 181 78 61 257 14 128 281 220 103 13 273
90 164 20 251 110 165 27 83 115 261 278 115 253 235 59
56 17 205 189 122 231 120 18 271 68 329 194 37 206 210
174 106 295 176 236 178 39 273 268 146 127 296 42 149 312
13 92 285 115 50 224 229 121 197 271 306 181 174 231 22
270 229 166 50 84 64 121 253 247 129 260 227 319 274 11
152 233 37 160 223 102 171 286 38 54 87 165 227 293 112
37 24 66 140 78 254 295 40 289 116 58 218 55 301 37
232 206 208 42 15 16 85 76 268 224 288 23 288 300 78
173 256 306 313 77 241 53 288 258 144 26 250 291 308 291
325 279 54 217 245 213 288 312 140 70 167 95 240 14 149
168 245 314 179 325 203 300 148 300 206 33 25 87 108 228
276 317 39 274 29 262 234 226 199 137 248 222 125 220 273
275 306 99 187 143 17 138 152 137 126 167 227 67 139 69
153 124 8 69 196 19 138 108 108 237 10 243 74 270 292
271 103 298 96 316 247 327 134 321 19 34 264 167 9 98
44 233 158 266 140 302 281 227 133 196 219 99 93 33 186
193 219 154 214 100 131 19 135 130 127 270 82 242 315 17
182 324 12 166 313 315 178 143 314 12 75 178 268 165 192
261 150 238 101 298 315 122 113 148 280 61 134 54 308 43
105 112 104 141 82 198 192 289 123 141 171 180 329 42 225
66 27 329 108 239 187 99 151 23 193 207 181 73 26 304
222 208 294 331 268 155 288 325 74 313 101 268 145 288 248
49 20 252 63 179 49 10 146 22 229 161 26 293 223 265
10000000 10000000 10000000 10000000 10000000 10000000 10000000 10000000 10000000 10000000 10000000 10000000 10000000 10000000 10000000
173 205 309 77 89 140 24 20 269 104 278 167 253 77 18
263 314 69 203 126 81 117 209 200 260 127 164 265 141 83
31 62 143 308 102 38 256 172 43 17 145 223 63 329 117
62 178 175 123 181 292 274 278 307 111 240 276 201 284 118
177 155 311 93 95 186 275 46 204 77 69 211 217 32 219
233 29 239 258 187 193 133 316 75 12 208 110 270 116 263
217 223 71 224 63 168 52 279 258 268 261 73 129 107 208
57 134 285 255 149 223 22 193 308 28 135 296 195 246 49
161 62 166 292 295 325 260 136 283 142 274 75 23 223 116
84 66 7 172 144 264 12 182 291 325 278 113 288 126 45
179 268 128 274 138 110 241 158 279 246 74 46 178 254 226
207 153 272 61 10 159 292 239 315 154 116 308 238 170 282
63 73 189 144 172 82 196 309 99 215 128 321 224 142 287
103 256 113 205 320 250 307 318 50 116 260 287 306 185 107
281 244 14 226 169 23 306 330 221 47 56 238 147 281 67
22 268 331 29 194 209 313 184 67 20 135 167 37 146 92
236 135 262 77 58 215 218 12 121 157 111 283 266 167 69
164 104 286 73 75 71 255 133 15 172 74 150 139 184 84
32 292 175 144 240 273 103 243 295 193 207 247 133 190 180
292 293 29 109 252 24 44 176 191 159 232 228 34 172 40
216 328 240 86 147 40 122 124 178 225 239 24 80 124 12
139 232 109 267 13 132 290 189 330 165 207 214 246 37 65
145 98 214 149 164 246 111 308 179 22 172 131 71 150 95
224 172 18 276 80 15 218 138 63 45 287 136 247 63 260
134 251 156 110 247 69 123 26 213 292 320 94 56 198 304
141 145 16 134 256 190 292 80 108 101 61 8 309 142 231
21 269 220 319 164 108 299 276 8 224 87 204 278 9 52
250 231 135 126 110 125 283 124 235 136 258 33 186 104 100
306 181 251 128 283 199 112 107 128 111 267 308 145 167 212
196 21 109 267 276 274 239 150 37 87 44 319 86 65 49
234 231 41 172 26 208 64 78 156 58 155 61 100 328 316
140 135 66 286 181 124 292 245 9 273 223 274 251 248 164
85 318 294 203 256 228 325 180 27 156 326 323 209 86 24
10000000 10000000 10000000 10000000 10000000 10000000 10000000 10000000 10000000 10000000 10000000 10000000 10000000 10000000 10000000
35 118 267 122 276 38 245 38 261 213 148 132 330 204 132
111 38 205 133 85 217 287 170 197 246 147 227 8 301 294
283 52 116 38 178 189 31 190 201 87 317 77 85 112 99
302 44 240 190 25 47 139 85 323 33 320 59 296 174 312
112 28 101 133 279 324 208 154 297 84 145 9 316 113 178
235 190 55 237 145 287 38 116 231 321 326 161 243 215 164
217 208 209 248 122 301 327 240 152 316 78 22 124 252 218
111 148 93 57 112 321 145 169 51 8 239 68 220 102 307
46 322 228 145 57 206 126 88 155 193 262 314 320 124 313
203 75 105 70 320 132 227 20 190 305 296 278 46 28 256
11 13 273 199 243 193 306 140 276 106 190 269 172 57 245
265 152 172 277 207 94 193 273 224 233 319 107 105 179 282
69 135 99 217 115 196 248 135 45 250 68 154 245 20 284
52 23 99 35 183 296 216 263 230 68 304 67 149 278 14
164 187 78 136 247 151 224 17 316 142 284 289 45 159 89
322 229 209 264 195 17 156 16 175 162 123 16 297 101 76
316 70 230 160 42 63 93 249 148 291 57 243 323 212 278
28 197 256 217 244 11 299 96 309 33 202 81 269 45 204
272 92 329 34 12 69 152 129 152 188 201 258 280 79 186
16 65 101 319 74 84 267 127 295 51 58 278 126 86 189
192 61 238 290 255 10 326 192 221 306 132 163 195 134 88
208 132 16 322 233 236 72 51 302 180 114 24 174 115 312
325 149 216 173 91 291 64 146 232 77 112 117 174 212 230
123 13 68 34 37 171 19 204 319 329 123 127 8 37 234
35 182 151 253 292 284 233 35 217 206 297 15 82 311 172
225 277 135 84 228 40 84 273 186 163 139 244 8 203 56
255 82 287 103 155 84 258 309 324 171 102 178 88 112 308
190 234 204 289 13 119 107 87 191 225 67 237 40 302 247
183 57 321 10 167 146 280 37 200 229 215 309 49 22 203
128 140 90 94 251 187 237 39 154 267 287 25 316 185 101
271 293 204 104 135 105 166 239 202 299 315 32 313 224 199
147 179 88 166 184 247 93 120 51 172 80 251 43 184 321
170 239 205 88 138 244 225 138 83 172 187 111 190 176 264
10000000 10000000 10000000 10000000 10000000 10000000 10000000 10000000 10000000 10000000 10000000 10000000 10000000 10000000 10000000
309 80 306 222 38 303 148 121 84 52 312 242 325 24 178
238 253 64 52 166 273 26 261 124 308 254 171 89 206 100
195 257 127 159 99 213 50 281 74 226 126 210 313 258 133
239 237 205 318 11 52 279 121 189 17 131 39 111 70 149
285 30 253 8 54 14 28 305 253 197 186 204 249 18 19
58 14 234 13 109 25 38 9 86 242 321 73 207 277 33
250 15 71 65 288 208 80 207 128 63 53 321 81 76 247
25 289 117 136 166 15 65 253 67 154 164 58 145 58 124
285 227 66 81 206 220 167 273 307 128 145 221 204 89 220
237 81 295 132 275 108 311 329 260 243 183 69 131 197 143
70 149 90 107 94 151 280 202 275 96 118 252 249 258 222
125 122 262 36 109 97 169 169 317 295 59 220 84 162 261
51 301 197 122 114 141 300 254 73 167 239 224 249 233 116
224 121 319 40 330 20 209 312 13 290 142 246 162 25 328
206 208 169 98 259 197 162 196 70 66 55 282 7 52 301
64 323 299 316 22 89 246 190 154 301 311 86 75 59 311
155 225 44 181 118 39 214 244 152 252 134 142 224 105 181
87 26 123 241 86 122 43 311 152 36 273 192 69 50 51
158 199 316 114 99 84 104 210 330 197 55 66 323 59 82
183 220 40 292 47 269 56 170 294 298 43 104 146 205 26
20 231 97 301 93 307 23 276 246 316 172 310 77 70 260
285 130 122 146 328 241 205 298 312 29 295 118 60 239 125
153 245 15 179 130 184 31 304 292 69 328 256 278 303 97
315 276 73 146 235 85 94 156 201 297 84 22 98 247 109
60 183 177 159 72 45 274 193 11 133 149 40 67 34 57
290 275 328 187 267 114 314 257 195 49 234 323 91 225 189
57 285 325 293 236 142 283 172 61 151 27 316 330 36 130
260 317 133 187 264 92 184 248 88 158 30 127 32 309 198
195 233 167 20 123 300 245 251 274 283 7 34 189 209 24
91 18 153 260 96 264 287 238 212 270 252 54 163 65 104
300 310 26 112 218 317 158 108 62 224 304 298 305 284 112
193 181 198 294 258 180 118 274 263 210 103 323 156 45 155
221 8 315 244 163 108 224 107 256 64 75 305 237 162 315
10000000 10000000 10000000 10000000 10000000 10000000 10000000 10000000 10000000 10000000 10000000 10000000 10000000 10000000 10000000
305 156 154 241 202 230 190 122 122 32 232 181 76 119 170
233 108 290 237 247 97 232 281 312 116 20 147 285 152 117
104 182 136 179 263 45 251 195 245 242 52 86 70 209 286
174 300 164 306 287 147 270 77 89 286 320 110 70 213 316
277 293 33 97 280 270 206 172 103 320 222 316 14 70 93
181 271 170 197 87 312 38 209 195 139 262 69 83 158 321
33 36 162 123 290 137 11 76 62 196 94 84 58 105 302
15 182 53 81 234 197 113 210 263 47 8 29 47 44 96
215 132 240 67 59 88 254 68 271 50 239 59 77 324 322
16 325 261 254 57 209 243 298 227 236 186 169 140 154 124
61 113 137 301 38 248 117 220 315 58 300 98 103 113 17
30 313 202 314 303 224 258 140 235 256 48 197 114 133 307
244 175 180 21 258 195 44 37 253 306 26 223 298 266 25
138 176 47 288 176 305 207 31 71 241 9 237 195 162 246
178 70 320 215 36 272 103 56 243 268 122 133 40 160 92
227 226 221 111 152 274 125 153 248 48 38 137 202 124 168
300 32 265 295 101 326 89 268 278 11 112 160 28 166 94
320 157 44 208 247 193 115 23 178 134 198 193 212 303 195
259 243 317 319 138 24 304 123 14 125 210 257 244 61 85
165 97 218 247 324 46 298 199 96 248 232 252 251 208 248
72 207 60 27 243 30 121 76 256 268 128 100 259 56 286
236 144 237 282 289 51 96 121 254 189 296 264 237 20 167
58 326 97 148 289 92 78 221 18 206 66 99 324 73 69
61 106 294 261 331 307 282 107 50 247 202 51 246 126 177
193 274 257 308 186 135 43 309 46 16 91 108 12 209 124
31 184 183 195 95 156 97 74 265 214 267 122 214 287 285
168 68 326 114 135 170 244 198 245 233 135 66 26 200 51
97 283 257 43 327 11 106 60 153 282 116 85 309 170 288
223 62 313 23 179 149 23 204 67 263 111 313 172 254 331
27 30 198 235 290 127 276 210 274 162 105 246 199 69 140
8 312 188 217 156 328 204 227 81 148 164 107 64 73 194
277 180 103 18 245 197 183 236 90 125 8 191 281 229 51
87 52 243 125 159 134 267 19 41 195 205 195 8 61 271
