10000000 10000000 10000000 10000000 10000000 10000000 10000000 10000000 10000000 10000000
99 311 118 14 50 60 109 24 170 63
280 128 110 13 138 42 328 327 168 235
322 284 212 338 208 143 31 209 327 45
111 27 243 82 67 233 39 7 232 249
37 290 157 74 20 306 296 156 144 121
109 178 162 166 47 143 273 176 252 262
252 336 25 130 282 298 115 325 109 108
112 245 218 31 142 149 230 249 317 306
153 275 142 300 274 236 304 293 151 256
216 244 177 25 276 177 331 57 286 340
177 234 71 244 237 333 302 143 256 341
292 169 84 18 115 257 304 244 173 144
69 330 164 214 185 77 20 167 144 43
195 71 14 197 320 82 59 9 71 82
81 209 58 91 347 248 11 194 308 52
70 93 248 57 165 161 168 164 55 174
253 64 21 316 193 31 60 285 176 270
92 276 124 84 62 109 218 279 82 283
192 158 106 10 128 258 48 132 186 200
29 197 136 77 227 160 78 142 174 243
218 219 45 336 157 276 188 253 117 161
314 228 346 150 282 27 278 246 129 194
317 301 314 305 175 17 320 202 329 79
344 100 159 90 144 69 162 243 73 133
124 159 38 220 116 325 343 194 141 14
296 33 304 194 195 30 158 90 334 193
48 212 23 94 226 240 251 22 105 73
242 84 288 143 274 306 79 306 292 191
48 66 213 279 94 18 49 111 144 315
291 253 147 229 34 213 340 201 190 95
337 114 147 243 151 187 264 266 102 75
6 256 110 223 127 244 33 74 287 153
87 23 309 329 198 52 118 249 85 331
13 58 52 132 77 21 232 189 158 340
234 234 295 83 15 13 221 133 282 148
9 185 21 126 289 305 239 327 186 40
183 55 291 16 307 101 85 142 195 69
130 138 107 49 295 146 317 319 186 236
242 31 82 82 182 291 43 274 38 63
314 177 113 107 68 210 337 167 33 250
48 197 187 167 95 97 289 35 307 100
46 44 111 141 82 307 63 346 293 234
20 193 291 99 82 129 248 216 101 116
240 273 318 219 136 231 175 237 120 16
40 136 100 285 236 116 109 217 155 262
22 307 207 294 314 168 131 86 125 332
321 309 313 161 78 347 268 37 54 289
184 28 275 286 101 41 224 79 341 37
36 95 7 80 167 214 72 112 272 299
40 114 83 288 9 86 331 276 254 111
81 94 161 97 279 31 190 96 337 17
281 301 228 38 256 68 191 82 82 128
204 16 53 96 307 44 149 128 306 178
169 56 198 113 290 261 338 287 211 75
137 18 34 282 30 93 61 274 249 230
104 9 346 219 271 117 72 196 259 311
154 104 242 282 58 194 288 288 144 328
257 308 239 145 221 161 332 228 239 98
160 206 278 156 230 110 59 107 115 5
57 151 8 297 332 168 278 189 285 36
347 268 280 133 246 196 149 307 130 260
281 318 79 7 268 313 208 271 284 291
7 258 10 286 326 211 133 9 195 104
137 58 165 113 298 282 112 42 17 240
298 175 284 21 178 130 23 61 287 95
47 72 213 27 297 262 10 84 260 92
335 69 201 86 91 217 7 25 299 319
115 80 285 44 332 170 39 245 207 213
86 54 176 198 245 55 271 100 275 297
236 318 327 180 141 33 11 267 144 202
10000000 10000000 10000000 10000000 10000000 10000000 10000000 10000000 10000000 10000000
105 105 252 112 43 30 84 287 150 74
130 39 26 286 61 312 103 112 101 193
55 155 155 281 173 201 166 178 119 56
300 178 279 304 328 252 145 342 271 279
32 297 248 5 289 302 186 220 191 39
10 166 341 53 76 230 260 197 276 187
146 325 314 220 269 52 316 214 320 308
216 92 298 138 321 16 248 150 248 167
160 230 87 82 33 171 207 71 160 346
25 145 83 93 55 55 89 326 347 304
84 149 286 91 230 256 277 100 96 293
32 88 141 147 193 223 296 118 331 32
42 74 180 312 110 311 67 30 309 253
29 161 273 200 110 186 152 55 37 27
180 123 113 21 266 72 30 332 8 81
224 246 183 257 253 129 228 281 13 189
257 43 300 145 344 321 326 236 271 253
259 259 302 313 116 94 87 103 101 227
79 28 46 273 259 219 243 28 347 118
247 338 335 342 320 347 168 178 196 187
103 142 186 227 316 128 206 115 334 18
92 139 92 305 91 78 95 133 112 106
149 243 332 269 84 262 95 338 70 111
202 328 56 259 151 37 282 252 79 32
141 261 59 62 269 147 237 183 40 102
321 146 128 213 60 291 42 80 269 29
24 190 328 318 15 235 316 319 30 281
89 310 58 66 337 88 328 26 309 271
163 25 246 269 96 29 50 107 311 336
83 217 332 188 126 217 330 87 283 93
347 293 256 161 286 274 221 311 134 42
113 133 74 248 138 198 345 301 84 159
106 342 47 123 127 74 101 317 214 295
242 8 268 236 340 46 251 321 294 309
207 152 170 253 257 189 19 41 61 303
83 291 214 176 289 200 283 288 91 306
178 204 244 268 38 7 270 326 220 43
222 149 159 197 297 326 109 73 8 317
16 40 124 217 256 208 40 328 134 214
339 120 265 290 129 92 341 340 181 341
233 259 289 287 98 145 87 235 119 18
333 217 299 195 239 243 61 127 297 138
285 60 291 243 277 274 184 209 162 167
68 214 319 318 20 210 237 190 121 214
127 186 179 156 194 12 144 107 167 268
57 279 225 215 283 329 21 93 180 50
192 8 25 27 190 41 207 323 20 221
280 140 35 310 255 100 178 176 169 55
178 205 244 260 222 330 169 180 315 65
344 111 151 211 36 337 22 87 128 188
286 178 332 312 145 214 170 260 255 337
34 11 301 124 62 127 247 261 330 176
209 129 89 131 142 62 164 131 202 58
325 175 88 295 217 153 212 137 89 173
225 103 99 148 166 307 346 5 312 217
202 44 309 53 92 146 101 308 299 30
259 208 64 317 7 89 172 24 251 65
36 318 46 252 186 25 279 312 41 234
86 56 28 20 315 284 184 31 329 63
157 237 231 180 293 5 16 28 82 294
196 234 88 131 17 341 227 98 178 273
101 260 157 133 174 105 12 56 40 94
97 281 171 281 42 133 203 317 141 148
286 319 116 48 304 34 345 25 27 166
54 212 219 142 181 192 183 180 108 280
220 230 60 108 191 98 73 188 161 23
261 70 232 118 320 18 315 16 118 152
145 64 274 236 52 194 36 206 138 194
287 144 328 194 204 264 240 336 35 269
306 50 311 92 223 242 264 57 76 186
10000000 10000000 10000000 10000000 10000000 10000000 10000000 10000000 10000000 10000000
174 172 209 243 184 109 96 338 58 59
279 35 274 257 300 119 100 157 234 26
142 234 179 76 315 318 262 301 156 143
50 215 62 94 36 89 170 19 271 232
213 318 240 146 331 274 279 283 331 280
174 182 163 333 317 306 158 259 220 210
343 259 149 221 52 22 163 299 336 285
255 306 243 249 122 273 277 24 248 267
340 147 264 64 225 278 61 296 272 248
146 298 334 84 277 87 202 80 305 347
295 334 270 57 121 204 37 291 115 177
86 68 23 167 195 265 9 283 133 170
224 190 277 136 321 175 47 287 267 265
23 92 277 290 308 110 143 116 74 310
26 276 38 222 79 67 326 171 214 316
97 11 168 175 175 88 237 79 309 316
335 276 239 174 234 197 307 341 294 334
316 43 238 14 242 250 62 87 20 343
119 264 268 150 113 240 65 107 32 314
270 47 139 195 91 316 182 289 77 186
123 121 41 87 21 337 248 24 201 340
109 310 219 250 52 81 24 141 195 92
233 205 303 130 299 88 206 234 58 301
109 167 152 169 302 214 344 279 274 218
32 165 214 103 180 257 81 304 193 125
223 105 171 299 275 323 341 194 53 223
71 70 61 57 75 283 26 269 11 42
93 193 195 201 41 289 211 238 232 194
58 118 260 208 218 344 106 261 236 104
217 119 208 190 5 214 68 284 253 300
83 326 75 203 72 306 136 346 112 160
143 15 10 90 9 265 176 253 31 166
34 255 267 269 176 320 252 32 145 265
80 44 330 252 250 129 176 322 73 258
307 93 241 287 116 289 255 140 164 194
199 134 79 190 60 260 134 120 71 126
152 109 333 238 224 173 280 226 266 163
251 110 292 164 307 171 98 52 301 37
266 28 264 95 325 158 226 229 337 19
145 204 327 38 308 175 109 116 170 73
71 269 310 39 15 212 218 164 176 338
302 209 316 59 298 224 7 258 136 278
290 205 269 230 185 317 122 104 115 170
70 73 199 261 215 22 180 34 116 68
139 38 245 43 137 325 306 120 88 116
292 75 229 95 20 95 272 347 152 187
37 245 74 57 102 128 259 272 153 274
261 171 290 270 268 179 12 84 100 255
118 216 75 43 286 60 57 139 57 193
319 214 269 19 92 91 312 64 25 216
297 329 10 305 187 231 122 91 100 140
114 97 336 194 237 155 223 228 23 72
19 263 338 51 163 8 64 88 243 214
6 144 51 172 133 190 342 63 337 121
276 148 191 51 30 79 94 20 176 212
287 35 344 311 287 266 36 86 225 85
169 23 143 247 208 315 162 89 227 213
310 86 132 241 328 229 18 136 64 73
95 73 304 191 245 322 230 224 33 173
311 304 325 132 51 155 124 223 324 338
99 43 147 36 14 101 185 132 230 50
208 276 104 199 287 327 116 106 20 310
307 265 255 63 79 153 241 294 67 60
13 325 52 77 232 33 329 233 156 19
157 253 36 66 45 161 12 8 291 20
60 136 261 75 105 337 291 291 132 37
300 86 171 311 215 228 62 344 260 202
15 219 133 265 260 81 124 56 217 214
228 244 143 270 229 196 340 327 195 331
316 66 72 337 49 320 67 283 304 321
10000000 10000000 10000000 10000000 10000000 10000000 10000000 10000000 10000000 10000000
75 231 132 332 93 297 99 284 164 217
70 218 96 19 299 151 99 200 293 339
24 43 77 283 288 97 315 93 88 94
74 23 27 222 32 36 293 116 186 50
316 291 154 309 310 186 16 244 72 344
62 278 210 44 9 165 79 251 232 333
127 129 205 280 313 216 47 51 252 345
216 196 347 134 295 284 274 10 178 73
118 194 143 194 81 76 112 10 196 74
265 41 153 212 246 59 221 237 293 73
212 112 64 304 104 185 126 82 326 29
120 337 67 191 318 138 29 271 134 344
327 72 311 89 113 209 254 47 47 192
253 159 330 135 189 60 268 325 51 150
271 206 89 339 265 219 161 251 292 155
314 68 336 293 110 143 311 283 249 321
293 257 76 166 101 221 171 335 233 117
121 308 174 272 88 277 328 118 336 246
88 76 343 46 169 214 345 214 121 261
259 341 16 13 188 282 224 257 193 85
85 129 34 28 182 247 131 267 268 23
145 316 293 130 100 224 63 59 227 88
5 69 136 294 119 19 281 237 207 13
104 161 165 202 77 187 293 342 75 202
208 129 213 269 31 187 273 62 113 46
201 11 120 172 140 19 108 330 258 151
269 107 293 191 59 73 187 6 226 6
267 230 146 61 270 159 252 344 237 239
329 240 258 223 23 325 154 152 185 174
71 233 33 49 126 267 191 337 14 199
82 338 271 44 315 259 227 180 311 214
119 208 314 320 86 34 29 228 27 76
246 153 154 254 215 43 265 89 140 32
26 239 119 331 144 63 161 5 237 171
192 96 203 150 76 45 323 263 144 266
299 317 121 87 273 62 127 69 297 6
263 86 329 267 186 80 282 45 198 60
194 282 27 115 175 32 72 126 141 46
332 262 284 337 153 214 176 256 313 27
315 154 7 36 104 65 162 177 90 52
266 98 225 77 298 194 152 125 94 33
249 147 328 216 248 219 148 119 109 43
120 79 330 195 115 213 328 346 108 184
107 36 136 246 342 269 76 72 26 105
85 185 29 59 283 170 227 130 106 253
128 276 69 134 294 282 47 235 277 276
182 199 143 62 171 240 135 214 50 10
38 285 302 105 260 329 310 344 339 292
112 254 248 32 315 133 27 164 19 121
264 316 73 26 212 277 98 347 322 190
306 62 136 53 216 306 110 156 136 156
243 315 254 237 239 134 278 344 84 279
137 183 82 103 34 159 231 82 207 277
244 33 225 9 74 22 327 258 279 310
28 336 57 66 213 343 246 48 28 321
326 219 328 13 346 322 95 200 281 223
37 76 221 158 263 199 344 277 61 231
17 187 309 201 235 343 272 8 199 282
124 212 84 187 94 315 14 317 322 272
98 247 6 159 102 196 214 269 107 32
163 19 159 147 239 43 57 320 45 275
66 32 105 201 127 186 312 218 42 223
110 176 260 94 319 288 68 224 45 225
266 21 131 206 29 87 320 65 288 347
48 317 29 244 223 285 125 81 295 288
207 16 341 101 197 126 335 231 52 43
272 78 90 248 22 201 30 98 326 172
325 136 238 84 134 174 321 189 203 308
225 24 304 35 33 48 197 21 226 214
193 318 265 332 56 180 172 256 108 321
10000000 10000000 10000000 10000000 10000000 10000000 10000000 10000000 10000000 10000000
263 320 324 11 346 61 288 23 68 124
287 51 194 102 45 88 110 98 245 26
256 50 341 301 99 212 236 110 286 250
21 166 61 324 215 78 301 121 119 300
235 110 342 120 311 169 24 257 230 114
293 288 113 172 240 245 33 280 96 70
113 99 268 96 133 91 42 44 124 315
272 188 233 210 168 28 210 104 300 286
132 91 201 305 48 262 97 203 42 267
158 308 169 156 300 45 344 229 255 115
270 215 291 109 266 162 25 45 178 138
319 70 122 57 120 278 75 164 270 172
299 233 62 312 240 37 222 40 243 12
128 238 7 111 130 5 185 47 269 276
149 88 174 48 248 134 125 125 242 100
242 210 93 253 169 307 156 86 341 51
309 137 121 47 108 343 274 266 331 251
13 342 262 213 107 211 66 333 273 275
285 77 183 250 148 200 218 222 293 44
148 83 72 107 233 59 118 45 214 115
261 197 161 209 337 167 116 174 259 44
224 25 144 247 136 326 225 317 77 209
273 208 331 165 18 243 292 166 276 251
332 298 21 100 226 272 142 160 165 274
131 58 213 262 152 172 317 135 94 281
189 75 133 241 296 24 45 34 280 184
128 63 299 266 111 127 208 76 250 171
76 233 264 152 41 60 331 101 268 270
239 30 36 345 284 341 268 316 77 331
333 110 232 144 304 59 319 74 177 191
89 34 40 255 202 193 165 297 145 119
47 99 339 304 183 172 269 162 112 76
280 112 213 159 269 177 247 314 88 111
320 281 55 301 52 16 304 283 260 121
307 207 324 326 154 123 74 291 163 301
166 298 49 234 21 63 171 172 55 134
88 242 265 47 193 327 60 77 192 148
89 152 323 286 129 337 271 200 123 253
33 136 264 263 126 287 57 347 155 149
299 275 133 215 324 303 104 79 250 156
303 229 293 105 140 258 169 279 189 127
319 92 316 244 341 322 95 211 24 217
28 185 121 137 31 22 249 107 259 108
297 284 255 236 155 120 200 342 115 340
251 262 145 94 59 54 347 347 162 74
109 15 161 283 236 17 20 334 135 80
296 281 119 29 252 121 67 256 18 100
236 140 5 339 260 347 294 333 268 185
307 249 18 96 189 302 130 114 225 178
321 196 176 146 141 6 147 240 300 329
117 337 45 306 294 82 107 160 30 259
229 37 65 58 272 277 105 10 209 244
293 343 208 176 274 189 110 148 334 270
128 207 135 266 220 187 277 293 271 337
168 328 339 221 113 301 229 313 197 139
318 40 258 26 320 73 309 338 149 63
318 155 238 120 287 232 116 168 110 334
193 252 330 105 260 341 262 111 116 71
288 238 265 269 66 315 266 172 131 341
60 229 93 273 25 160 202 162 125 40
108 180 173 85 264 6 243 243 154 339
106 334 340 237 33 235 290 27 192 296
39 120 264 75 40 235 305 320 254 14
225 33 141 218 282 194 55 297 195 89
166 346 52 272 58 179 160 53 186 216
308 137 101 30 210 310 59 288 142 7
249 110 294 190 171 247 222 317 7 62
193 130 47 58 60 275 346 106 218 204
205 101 278 279 108 342 202 12 222 219
79 286 346 141 91 112 263 48 243 330
10000000 10000000 10000000 10000000 10000000 10000000 10000000 10000000 10000000 10000000
299 163 158 168 31 330 120 12 226 107
66 307 136 175 22 138 235 238 192 62
122 29 175 188 341 78 114 338 174 141
81 296 242 246 15 46 215 139 32 297
301 177 233 20 61 112 276 160 315 140
200 252 271 63 163 200 70 12 19 70
234 186 118 44 23 259 322 117 139 6
206 121 31 141 272 22 298 118 18 235
297 229 147 273 49 67 170 63 82 318
198 57 21 161 324 115 69 66 42 292
112 273 61 277 44 278 159 112 96 236
315 326 264 251 195 100 197 148 95 305
153 247 172 235 58 250 252 97 294 35
203 177 347 322 35 156 321 235 338 343
94 203 336 321 315 22 160 88 136 125
25 310 215 184 321 60 331 156 165 125
310 187 270 270 343 120 253 59 295 347
106 192 250 94 31 333 273 339 163 278
101 195 327 238 11 47 139 297 132 262
124 248 90 309 225 231 24 294 130 129
345 129 276 298 25 102 267 142 48 253
74 182 297 180 80 259 202 120 274 231
170 111 143 286 258 210 202 127 287 141
17 134 224 230 54 287 312 302 6 259
192 165 124 57 323 110 59 50 77 7
187 94 92 120 100 115 187 252 191 84
317 221 289 193 273 299 104 145 9 35
92 53 134 219 309 61 185 59 72 79
139 255 338 329 58 123 174 207 11 29
111 208 158 181 257 320 236 181 140 184
267 227 206 6 139 251 173 147 139 341
107 144 9 195 275 299 234 171 259 52
214 157 182 183 230 341 197 159 118 160
268 330 254 37 31 318 151 182 102 160
346 300 41 147 317 109 101 201 269 69
176 67 336 92 294 164 261 102 269 77
72 167 62 20 54 303 175 35 127 272
328 49 186 83 229 145 346 30 42 292
322 268 13 101 212 292 174 334 239 287
76 38 115 185 158 319 336 233 120 75
338 161 191 298 83 201 293 276 282 73
242 301 298 313 309 211 276 77 269 293
253 9 217 247 125 97 181 148 141 333
291 235 339 242 76 205 288 53 294 127
196 327 33 326 34 81 238 40 238 153
165 313 270 152 41 24 23 163 297 69
222 327 66 314 312 322 246 238 246 119
301 87 53 22 44 95 340 192 189 305
251 233 259 286 227 100 54 329 225 165
14 48 295 269 172 149 320 97 86 297
88 346 46 272 217 241 64 20 207 26
236 305 339 116 29 253 140 41 148 334
63 53 15 209 160 22 139 100 22 52
286 12 279 24 111 157 162 172 37 247
343 99 219 5 232 257 110 308 183 165
139 162 139 161 93 343 221 237 178 129
93 313 235 231 30 258 315 233 113 26
284 286 279 187 5 234 70 53 5 95
138 330 228 13 141 157 12 328 257 298
15 205 109 139 240 198 269 270 292 104
196 84 141 34 321 60 237 229 322 137
117 338 312 234 209 138 244 14 195 61
78 87 33 332 169 221 137 321 227 260
130 96 291 136 233 216 161 169 165 268
268 186 62 333 261 241 26 131 158 337
11 260 251 12 35 244 24 110 97 262
198 33 61 238 204 59 49 122 282 85
66 296 85 239 161 11 221 246 184 318
188 10 256 6 282 236 182 240 275 242
150 106 154 44 129 193 210 321 262 89
10000000 10000000 10000000 10000000 10000000 10000000 10000000 10000000 10000000 10000000
138 57 28 105 270 68 194 177 56 174
31 312 89 332 141 346 338 275 166 143
138 278 342 224 332 10 167 258 10 152
285 256 90 207 73 316 143 334 295 273
42 244 282 20 124 163 330 145 42 297
44 230 7 158 328 220 214 328 188 81
232 307 159 319 122 295 40 280 106 69
199 140 90 203 132 58 241 110 167 136
96 290 140 111 80 123 196 306 296 313
219 304 266 45 181 16 131 262 183 79
20 69 90 123 94 31 200 29 321 37
280 164 293 224 68 341 221 43 132 25
202 239 281 41 324 302 139 338 334 11
166 343 289 107 200 235 32 299 345 308
330 304 184 36 179 286 165 280 102 330
292 90 337 32 307 327 112 56 186 91
34 60 271 341 164 299 320 108 97 75
58 62 127 285 306 25 297 158 194 241
200 13 180 31 121 85 327 27 124 327
311 41 162 136 317 299 184 153 64 128
165 286 260 123 139 128 275 238 241 334
262 223 106 165 283 47 152 36 302 223
81 52 131 164 39 215 197 343 128 113
129 196 339 316 276 323 42 331 114 106
261 332 73 311 121 41 211 330 265 307
344 200 107 286 91 170 240 101 156 241
196 96 51 262 234 241 66 60 307 102
299 156 24 34 176 309 261 252 258 173
295 340 215 104 277 57 303 184 103 55
328 64 111 19 171 285 308 232 292 132
305 292 323 116 197 49 196 85 281 152
180 339 157 121 302 212 44 133 236 254
85 283 72 334 262 341 335 79 147 44
20 68 215 17 236 68 8 319 126 176
123 93 19 103 134 273 225 324 250 335
219 294 10 90 81 35 243 198 296 315
281 55 278 327 82 264 274 36 277 342
207 321 235 27 59 326 9 118 339 337
263 58 64 314 285 319 312 132 43 84
183 283 279 276 259 310 9 245 201 172
166 191 324 157 15 137 121 310 68 332
292 139 14 59 22 175 139 11 244 279
198 346 187 310 343 130 154 60 88 335
290 99 15 211 156 270 73 48 228 277
133 205 73 112 146 195 55 128 159 292
24 24 182 235 293 245 34 234 205 189
5 310 194 223 70 203 118 129 207 317
293 78 254 98 288 298 239 231 46 94
12 333 179 246 14 65 164 290 319 28
33 8 62 103 252 68 319 337 252 220
339 117 33 311 186 184 155 267 177 71
52 283 13 274 229 69 17 247 30 259
267 135 18 89 329 211 194 57 319 45
285 153 344 42 235 188 89 277 327 182
216 224 195 242 62 108 338 304 14 73
248 296 197 311 97 135 300 38 135 151
13 111 228 322 184 135 196 151 345 30
95 8 265 66 57 143 7 225 233 161
101 211 264 83 15 315 171 308 169 323
25 129 160 336 140 219 288 34 121 289
252 328 147 281 193 67 6 84 224 295
228 329 262 168 140 231 26 229 40 197
86 23 126 128 140 26 325 120 9 295
41 240 30 279 166 140 295 206 327 198
238 152 317 189 57 31 283 270 334 232
289 235 292 331 91 123 274 108 254 262
270 77 138 144 309 85 287 284 264 141
25 293 68 336 10 290 265 54 40 157
156 209 58 176 96 82 53 247 144 181
179 127 34 69 143 39 197 311 32 119
10000000 10000000 10000000 10000000 10000000 10000000 10000000 10000000 10000000 10000000
49 200 57 77 216 94 165 26 73 9
313 305 254 197 168 110 31 7 218 79
273 179 65 28 310 199 340 39 6 13
187 235 72 331 270 273 282 37 243 207
237 253 138 232 233 101 19 217 144 206
38 263 84 343 180 330 121 28 215 163
328 108 148 59 37 284 326 64 223 60
228 135 291 106 226 270 20 229 57 36
54 155 248 314 189 308 12 68 303 320
317 57 265 266 65 126 298 311 277 68
23 181 102 200 10 47 123 195 207 37
41 283 248 150 119 172 328 37 146 320
319 32 294 66 100 209 162 337 124 26
130 253 118 310 338 119 189 39 77 78
272 81 274 242 135 250 139 64 37 185
176 91 59 174 301 212 21 146 173 276
29 97 68 200 321 129 28 19 330 309
118 18 73 294 119 161 181 324 330 334
171 323 72 213 125 192 201 140 313 64
308 230 324 278 59 19 290 337 198 54
310 214 142 44 230 217 297 262 336 209
108 27 43 173 130 307 295 72 113 240
184 188 173 331 243 61 305 73 59 185
6 159 91 117 126 205 192 224 94 219
134 149 117 320 211 30 295 213 247 108
288 145 255 166 41 190 162 102 325 330
342 106 247 107 259 22 301 23 153 174
35 81 265 65 139 312 127 307 203 138
263 16 217 53 342 151 336 222 23 275
143 48 325 329 334 288 36 340 21 76
20 123 106 73 51 52 27 224 150 342
221 126 201 297 204 198 135 59 124 198
315 192 15 9 290 286 8 160 9 37
290 116 264 246 319 189 131 41 10 135
256 93 176 222 324 115 300 104 112 154
197 208 204 277 93 300 154 268 155 269
32 197 79 37 163 136 142 117 23 229
327 327 326 72 220 219 46 179 131 23
99 340 7 273 130 105 96 246 13 309
262 8 201 84 261 28 87 173 272 197
323 288 77 70 79 128 279 224 201 50
40 201 22 163 160 105 65 186 197 182
75 205 83 75 292 137 306 197 172 16
61 74 174 115 31 177 94 11 180 49
47 106 220 298 119 159 23 333 270 205
169 74 14 184 54 150 165 242 191 307
275 331 302 251 120 35 133 241 311 224
87 266 288 267 87 273 325 56 288 342
154 200 325 49 107 47 328 317 320 82
322 129 267 179 191 310 48 161 258 156
170 18 235 324 50 286 136 336 340 346
56 105 52 136 211 43 70 259 264 263
66 342 110 138 97 255 255 56 55 176
133 181 235 36 302 280 154 79 93 245
253 345 125 293 250 200 154 214 85 320
177 346 118 165 114 129 344 118 135 276
52 76 39 317 184 118 117 95 189 131
47 159 122 221 333 187 8 336 313 305
9 345 295 275 305 268 269 125 280 166
214 204 259 70 183 115 203 62 13 330
124 197 245 329 287 310 220 324 185 80
139 38 209 38 320 101 247 232 267 231
294 317 282 248 273 102 93 158 148 330
281 276 86 172 286 178 164 92 105 217
247 77 12 83 29 78 40 184 45 200
254 185 277 260 87 119 294 297 332 103
284 149 21 105 79 91 290 336 336 194
151 10 277 146 303 77 161 181 244 209
336 191 170 241 208 86 62 50 74 224
190 151 323 111 252 188 26 168 235 338
10000000 10000000 10000000 10000000 10000000 10000000 10000000 10000000 10000000 10000000
289 271 90 215 19 258 116 187 135 316
175 177 100 49 123 209 243 96 272 127
247 115 135 50 76 93 293 67 81 294
221 183 66 339 83 57 241 25 342 126
318 102 29 25 45 65 336 143 23 51
68 211 254 318 8 248 226 253 331 163
215 174 52 38 226 25 105 49 237 312
51 97 118 126 195 113 309 88 49 293
244 215 162 110 339 155 210 18 267 150
153 164 242 304 13 73 294 278 158 323
195 287 293 245 109 54 81 71 134 140
150 207 44 113 271 302 45 102 228 54
256 296 218 7 219 269 342 163 228 59
155 236 45 278 136 229 29 222 165 262
237 60 287 30 284 48 225 54 196 149
303 54 302 173 5 166 188 346 46 46
59 158 30 175 177 189 337 24 213 116
208 233 140 85 8 340 249 203 8 313
210 148 221 105 315 90 217 343 45 131
99 152 306 38 307 237 268 329 320 41
177 58 287 152 85 46 334 8 325 322
67 124 268 216 41 336 236 227 288 274
336 28 157 108 237 291 27 142 312 124
261 252 58 38 238 244 237 269 107 280
193 269 133 302 89 19 331 123 323 316
42 98 199 276 112 113 313 124 143 202
256 67 188 124 181 79 319 323 55 53
67 281 176 217 226 223 152 73 152 248
284 247 325 258 120 47 208 16 212 268
209 211 228 306 49 37 151 317 157 153
34 59 180 326 148 94 302 191 198 298
224 84 132 313 19 9 14 89 320 210
188 111 252 24 83 146 133 217 40 249
169 224 284 299 283 71 249 27 276 343
290 313 200 13 200 292 175 141 48 43
242 205 293 39 337 331 68 90 6 65
86 73 174 287 275 268 61 237 183 73
40 285 329 267 312 127 242 7 103 26
320 145 260 273 96 60 167 262 33 283
227 149 137 51 81 134 21 121 69 155
287 145 28 46 125 33 339 321 94 158
275 334 97 128 299 148 137 190 6 127
327 182 313 58 123 225 160 271 84 152
347 54 242 299 275 36 328 18 224 212
96 300 289 231 134 12 158 69 195 291
173 14 66 133 183 254 263 210 67 323
296 42 169 173 52 105 317 290 236 51
138 19 230 160 176 98 38 286 72 227
10 38 94 141 227 34 347 151 35 343
137 315 53 212 270 142 187 10 18 247
239 6 298 187 329 62 290 332 308 61
127 84 131 247 180 209 26 113 14 279
229 243 257 117 290 343 112 194 137 140
56 124 76 280 151 114 272 215 195 91
6 46 119 308 12 21 277 190 219 188
307 221 102 145 78 188 155 118 25 184
207 140 87 229 64 40 306 287 98 209
170 236 256 90 7 208 253 177 189 171
131 25 337 261 96 330 176 330 11 337
120 237 146 160 151 267 157 124 246 224
121 112 188 269 290 254 156 109 290 90
84 291 280 160 20 223 292 152 106 111
8 58 141 235 195 179 200 284 219 133
185 157 168 106 39 329 233 54 268 344
162 264 342 26 72 82 14 343 275 33
311 41 212 144 286 333 192 120 168 331
90 100 89 177 329 199 151 64 248 303
344 291 10 46 295 71 287 289 14 169
137 179 295 134 18 94 56 207 86 331
262 165 205 331 287 119 298 174 179 325
10000000 10000000 10000000 10000000 10000000 10000000 10000000 10000000 10000000 10000000
134 136 144 21 116 68 278 244 154 46
201 157 77 141 173 222 95 327 302 282
275 161 143 332 178 295 274 58 284 190
100 199 168 272 196 256 129 92 327 161
188 84 48 284 263 65 181 60 86 215
73 260 62 143 108 128 17 88 132 298
262 34 121 179 224 47 303 254 49 192
67 60 270 140 280 67 212 239 214 240
89 200 316 233 248 98 178 104 145 208
110 83 170 25 113 89 107 334 130 221
265 237 106 53 308 81 8 12 221 285
32 153 163 283 133 295 345 313 25 235
91 307 269 196 80 291 220 128 20 217
176 114 280 238 140 131 169 31 31 29
47 264 150 112 75 52 187 136 317 250
217 14 84 322 5 52 150 209 47 206
65 145 223 64 14 304 319 12 103 105
190 274 85 187 193 293 346 204 140 315
115 142 100 205 15 287 250 162 17 264
137 57 141 339 260 307 79 274 103 227
191 193 248 178 43 161 179 55 344 249
314 104 331 291 114 16 94 38 56 235
215 109 119 138 197 284 62 163 21 235
211 235 338 78 232 285 17 232 287 6
343 222 165 142 68 316 75 107 200 36
22 82 128 224 284 58 32 200 143 139
232 177 7 198 228 316 62 217 6 32
93 269 259 46 25 45 187 190 205 291
288 220 148 340 107 19 174 253 223 246
124 161 18 238 165 70 331 177 91 244
209 160 283 331 261 278 288 256 161 90
26 332 71 50 103 316 229 298 206 67
211 266 313 238 275 110 288 208 45 58
262 48 52 283 245 208 288 226 138 291
127 5 125 282 342 37 188 304 330 285
23 275 340 249 295 168 110 194 329 25
191 254 194 188 275 108 186 43 37 199
132 214 284 157 111 63 54 212 254 157
302 150 61 175 155 110 232 244 316 329
260 279 158 17 261 307 310 144 242 97
247 93 263 183 304 109 333 222 88 317
198 304 182 323 235 248 332 295 280 192
158 337 315 199 164 276 290 279 257 200
257 265 283 16 307 45 9 266 317 47
311 242 299 36 195 246 59 83 159 21
190 272 77 266 144 108 120 146 307 267
65 192 173 137 33 141 11 184 286 113
164 174 225 325 96 136 211 222 71 331
91 95 180 179 283 88 92 235 176 239
216 242 331 244 17 131 109 220 254 120
46 341 54 91 174 13 236 320 254 310
189 11 263 181 193 141 151 12 238 33
20 125 230 86 304 218 55 302 238 250
276 81 298 70 76 68 262 214 61 285
311 168 152 27 215 173 133 266 35 220
123 317 312 79 170 291 205 181 23 99
53 322 244 60 280 234 287 215 41 142
249 12 233 182 105 261 60 344 35 111
50 229 98 321 142 121 258 146 235 313
12 164 304 293 316 260 115 161 158 135
145 209 309 200 219 35 323 47 151 196
29 157 106 21 177 211 338 287 138 334
129 185 272 120 67 132 116 149 84 177
210 205 221 133 153 104 335 269 31 239
116 54 191 49 271 51 78 145 74 325
112 5 323 145 10 77 307 100 309 81
85 104 162 159 203 199 209 19 144 260
145 222 235 108 258 68 178 120 322 216
195 38 324 338 80 159 308 14 51 29
83 339 8 96 255 41 170 273 63 177
10000000 10000000 10000000 10000000 10000000 10000000 10000000 10000000 10000000 10000000
65 128 128 294 226 262 77 136 21 121
170 72 20 295 306 196 343 83 249 283
53 323 125 33 129 287 96 291 231 345
130 137 257 303 68 321 269 37 219 133
80 250 314 184 258 337 10 332 29 199
84 67 146 84 248 101 113 100 44 315
10 263 191 191 17 173 264 325 209 278
198 84 130 311 263 160 165 37 265 222
331 98 65 111 318 204 20 189 250 243
87 139 339 210 143 18 93 15 286 112
225 332 109 47 40 309 251 112 319 100
107 37 163 237 138 190 322 100 335 228
101 37 231 232 52 324 294 320 246 234
239 238 131 54 141 183 13 206 64 176
133 241 267 163 116 311 309 22 151 241
169 153 305 240 42 195 209 145 346 249
252 104 86 187 251 131 178 112 188 145
292 296 201 305 105 287 283 10 63 8
21 5 101 114 228 323 125 300 344 12
185 236 93 160 328 282 45 62 224 102
284 57 216 295 180 317 62 342 253 59
332 177 337 336 331 158 253 114 281 234
164 247 199 55 288 258 201 63 128 275
65 223 275 110 139 59 341 113 145 179
342 79 121 295 108 206 288 79 154 300
128 81 184 327 66 118 200 149 98 219
317 328 86 200 185 127 104 221 312 300
344 10 234 324 58 57 100 216 92 334
199 13 183 193 308 9 137 55 217 262
332 32 171 85 106 179 323 258 347 153
181 339 293 173 272 166 244 341 88 159
197 273 200 121 16 210 244 112 256 296
17 183 150 195 306 54 324 73 307 318
263 155 308 330 164 220 209 75 230 217
57 124 338 280 238 328 239 10 145 221
183 97 133 336 223 45 170 186 101 290
43 85 293 237 42 268 255 183 326 183
342 91 16 317 340 140 344 269 18 11
42 228 254 254 76 284 335 295 151 220
41 180 230 249 234 105 220 167 22 124
225 202 316 120 136 211 127 66 327 104
234 245 297 139 54 266 295 184 202 223
164 131 47 214 204 123 334 190 144 193
84 179 330 188 97 196 274 226 248 128
251 178 212 209 204 311 276 155 113 295
53 45 6 261 38 212 258 54 61 189
132 289 222 293 267 192 254 328 288 164
210 121 174 235 325 346 189 81 184 131
226 69 188 199 243 63 340 83 238 139
342 187 45 335 230 135 67 78 292 155
196 152 70 235 26 146 156 65 161 73
108 107 58 276 289 209 156 72 127 334
255 207 210 92 142 220 205 149 34 286
204 235 332 173 5 24 300 255 328 238
109 59 338 212 252 335 191 93 135 153
73 338 190 146 303 37 204 216 126 222
273 42 276 99 316 62 70 222 295 64
95 310 121 180 132 327 341 50 269 103
332 284 119 13 123 314 305 169 297 6
220 70 246 90 46 335 205 27 228 272
226 11 46 40 126 317 309 209 100 225
312 63 30 64 305 175 346 85 196 64
305 134 137 93 222 295 287 6 108 39
17 253 292 339 326 110 68 133 104 291
119 299 51 48 227 211 232 115 211 48
228 212 32 245 207 239 106 259 347 49
189 335 173 58 179 140 117 98 231 68
140 193 302 95 93 96 288 34 82 308
199 247 132 147 318 64 276 304 22 70
24 28 141 104 184 107 288 20 311 116
10000000 10000000 10000000 10000000 10000000 10000000 10000000 10000000 10000000 10000000
301 326 40 252 202 248 298 31 161 177
193 55 204 107 79 6 238 18 61 345
121 80 288 54 266 245 205 136 325 55
247 187 298 335 208 302 294 116 19 230
74 196 127 248 307 330 68 309 294 253
211 120 271 151 49 36 26 189 326 198
198 190 298 81 87 199 204 207 272 138
83 317 309 25 33 15 131 153 265 100
111 41 252 64 59 53 10 327 122 209
200 325 183 151 173 316 58 317 176 248
200 332 32 188 141 114 241 119 211 111
139 342 317 174 13 209 268 137 142 238
100 49 233 264 313 210 281 169 140 302
127 50 208 300 114 111 64 98 302 31
323 160 212 173 285 69 200 338 112 74
74 329 228 169 290 308 31 336 79 243
142 222 168 264 162 266 220 164 145 205
148 24 319 74 267 279 16 330 296 95
129 193 156 14 75 320 101 137 45 303
279 291 157 136 61 189 100 101 237 324
167 278 205 94 216 175 155 167 331 168
339 314 229 277 79 317 308 345 190 135
77 85 298 203 5 257 242 263 60 207
150 329 69 13 135 141 108 75 67 112
225 7 326 276 49 236 295 61 316 299
224 222 267 250 292 169 243 264 232 247
42 126 347 347 200 60 159 32 120 21
104 83 299 87 285 312 87 247 332 321
97 101 235 307 281 334 76 302 329 208
7 294 181 249 41 318 39 328 321 137
104 68 200 66 265 283 36 102 72 261
227 117 161 145 308 75 7 43 307 170
19 254 275 16 203 141 104 319 45 282
49 48 285 103 52 198 247 263 29 35
86 301 217 339 57 96 43 89 248 46
167 76 86 170 182 56 158 122 6 22
250 156 197 221 89 80 19 304 124 245
130 325 291 92 287 339 81 191 109 200
33 185 175 18 166 290 281 259 313 281
144 288 80 73 167 93 151 132 184 107
74 347 251 200 277 303 245 58 69 92
80 253 201 151 183 66 289 85 127 116
106 140 313 89 136 103 166 60 180 45
129 232 283 99 74 22 43 226 212 79
111 296 324 244 93 287 278 120 196 29
279 281 305 201 243 129 250 123 283 259
46 10 148 308 185 278 157 132 123 276
15 68 168 25 86 289 328 137 254 236
180 103 43 133 28 86 163 337 104 132
186 25 339 122 141 161 100 106 270 289
61 253 265 59 83 62 9 78 221 130
5 133 132 194 7 95 29 99 266 255
262 45 299 135 300 318 33 250 117 33
297 298 214 330 322 281 265 214 137 292
301 329 341 40 200 129 226 114 316 153
291 113 241 95 190 168 300 222 268 99
7 83 189 27 244 276 310 272 106 323
205 44 39 199 338 259 158 305 140 298
84 7 130 15 195 203 64 107 339 336
146 84 278 138 104 332 259 250 42 234
19 139 337 93 78 100 132 47 131 125
163 218 301 313 229 283 245 162 331 109
98 150 240 134 323 188 336 347 216 332
53 156 95 203 254 153 261 25 274 24
13 286 52 71 97 235 293 203 226 346
109 94 24 269 187 172 106 324 207 177
236 110 84 25 155 122 331 189 248 11
278 42 277 47 183 41 210 329 116 298
291 123 255 137 297 292 328 24 77 169
24 154 293 33 168 248 48 103 269 218
10000000 10000000 10000000 10000000 10000000 10000000 10000000 10000000 10000000 10000000
61 221 323 345 110 52 25 77 173 310
20 225 60 64 153 242 137 113 266 144
132 229 152 279 293 300 140 155 153 206
172 209 304 130 132 159 94 36 195 130
304 202 312 241 153 172 127 311 77 182
217 33 343 153 291 203 341 70 84 87
79 244 296 173 118 98 324 156 122 195
123 205 326 218 116 212 306 6 232 316
12 85 313 118 47 164 110 299 230 264
283 41 244 95 177 47 40 177 99 305
330 321 338 226 15 263 163 195 238 191
68 254 216 26 125 285 271 288 27 158
87 45 246 7 22 338 186 252 170 205
273 334 95 207 39 40 40 311 65 316
283 75 47 98 41 253 159 212 190 313
267 339 255 317 302 111 64 308 187 54
126 176 296 178 330 338 253 18 96 266
265 107 39 140 86 39 136 60 212 281
181 127 286 267 329 44 149 110 286 115
224 266 345 238 121 147 17 162 191 260
66 318 84 239 253 152 265 259 159 226
268 22 217 330 322 108 182 217 23 88
13 268 272 58 11 346 293 321 42 271
336 123 194 127 176 336 175 205 114 228
88 289 199 161 107 117 47 254 318 49
205 9 56 139 199 293 155 200 153 305
51 231 133 108 213 168 298 315 326 251
335 231 54 191 220 188 21 292 294 22
140 225 91 47 8 76 145 220 202 119
279 150 139 40 338 192 203 209 218 318
155 79 149 197 136 125 230 306 268 170
283 82 195 320 107 320 255 347 74 151
339 235 145 245 65 137 337 284 304 278
95 155 336 135 139 38 264 142 329 102
282 323 33 18 284 33 315 66 308 290
74 136 32 297 335 307 116 169 123 5
162 185 346 255 168 257 285 336 301 102
12 101 245 236 223 205 197 92 337 291
21 314 254 102 189 98 204 53 145 318
75 40 60 12 118 256 217 55 339 326
192 21 335 92 183 234 250 63 284 339
276 236 61 298 89 159 37 233 332 232
145 134 238 203 271 142 252 222 178 313
41 223 225 286 52 275 101 296 102 243
42 38 242 321 263 203 97 300 244 214
292 166 293 110 83 161 129 119 109 120
256 185 274 132 108 27 125 259 256 18
74 263 199 61 183 57 157 61 318 70
63 267 220 320 233 276 136 54 344 88
245 245 17 315 59 204 70 133 56 194
170 308 57 110 269 264 270 211 330 73
171 15 77 317 166 91 208 313 24 31
56 214 122 259 338 141 65 309 8 88
119 50 118 320 334 250 144 295 26 43
327 19 310 250 276 124 256 334 53 141
329 275 55 245 213 68 271 248 155 242
310 92 49 129 271 143 343 272 17 194
125 265 178 54 208 129 70 177 7 89
160 280 45 49 244 319 190 111 266 307
18 113 117 223 118 237 279 107 152 5
68 17 230 118 239 289 337 344 300 27
117 6 110 50 215 237 24 89 127 296
162 177 50 170 278 105 144 309 85 326
318 7 204 301 130 174 64 141 44 289
341 82 50 266 223 149 36 211 141 15
23 284 337 208 186 245 267 343 271 123
228 278 277 293 136 246 142 184 182 26
215 127 169 84 34 277 114 181 60 130
91 178 318 235 294 176 305 215 5 318
99 103 287 197 70 334 317 127 223 220
10000000 10000000 10000000 10000000 10000000 10000000 10000000 10000000 10000000 10000000
311 155 105 149 180 129 215 312 64 83
343 83 277 237 112 182 165 210 193 295
282 94 198 259 131 90 16 223 262 222
256 92 216 268 96 206 212 56 277 87
316 263 259 319 317 86 88 344 74 302
9 243 325 221 166 308 281 74 282 164
161 7 314 317 149 311 108 152 14 13
241 131 122 229 140 54 101 152 254 225
120 12 95 304 228 183 238 61 329 98
192 185 221 207 260 343 165 215 57 148
132 7 207 70 318 42 332 288 20 27
36 106 248 58 279 339 153 91 164 52
308 63 102 143 194 272 121 56 60 21
224 90 333 47 45 310 273 304 110 57
284 48 239 151 95 211 322 131 164 318
282 291 224 254 256 161 254 31 234 317
295 220 183 191 325 43 315 259 249 274
48 182 144 280 248 76 335 343 88 268
184 183 249 104 46 298 169 314 64 339
311 226 333 194 25 188 85 25 241 85
182 207 223 236 194 223 317 298 159 12
198 33 271 209 28 191 302 73 302 106
173 341 265 238 213 315 184 140 161 273
15 217 44 242 220 266 288 173 285 159
7 77 101 150 268 317 99 173 317 305
282 201 161 251 45 176 199 16 161 85
305 316 172 237 40 251 157 287 176 24
136 15 185 346 234 232 243 223 306 243
53 118 318 203 184 104 19 203 96 308
73 277 241 36 47 13 293 101 160 338
194 75 44 209 288 196 236 27 70 171
75 60 287 297 310 109 11 68 262 303
224 238 160 269 229 182 186 124 177 170
233 285 230 157 92 241 72 41 31 323
272 244 110 126 179 16 158 47 149 40
99 46 70 126 189 324 18 202 223 138
257 144 188 296 132 335 296 261 96 210
117 240 64 280 345 143 337 119 154 139
159 196 321 141 221 302 47 235 171 91
70 257 182 125 256 184 336 334 102 302
39 147 34 285 132 138 276 78 271 316
66 322 52 97 201 104 61 77 188 117
268 167 224 20 151 270 234 163 148 151
40 22 253 253 342 178 38 180 56 184
100 211 86 49 55 22 330 253 128 260
176 306 269 159 225 222 79 130 32 63
238 314 15 59 110 245 53 54 202 250
125 80 59 21 214 262 322 229 277 49
55 232 114 50 202 300 46 200 177 57
302 312 289 192 123 169 211 175 244 202
325 117 129 214 153 25 12 207 9 47
226 181 63 292 178 284 142 113 41 154
229 205 183 28 170 298 137 228 331 188
21 272 7 251 276 246 85 251 254 9
284 339 184 89 31 186 149 244 103 127
213 333 250 335 196 88 316 29 311 158
296 266 192 44 272 222 299 254 217 233
302 231 14 76 290 112 302 211 8 346
108 18 66 248 45 231 170 324 71 243
133 193 141 339 241 11 189 307 284 319
239 229 287 107 201 281 209 200 204 12
53 271 139 206 192 227 248 127 70 27
270 306 329 334 216 254 306 345 247 116
43 341 198 333 268 32 124 187 152 128
147 258 245 93 149 152 167 131 214 177
323 244 104 277 138 58 130 302 184 60
62 71 193 184 336 95 162 280 147 18
260 13 172 22 6 206 264 90 254 244
306 238 163 347 266 18 126 306 87 229
154 151 148 102 270 138 160 30 265 277
10000000 10000000 10000000 10000000 10000000 10000000 10000000 10000000 10000000 10000000
307 194 150 115 293 140 38 162 341 202
296 192 292 169 321 190 318 81 175 136
135 70 160 35 259 18 61 197 38 42
322 46 79 38 132 272 55 158 218 135
25 179 236 259 182 230 262 138 66 16
252 271 106 136 182 43 200 53 92 299
98 340 33 179 202 254 68 228 206 39
42 102 320 278 33 30 281 158 214 109
248 184 125 323 267 188 308 185 38 13
64 334 284 76 128 81 62 126 316 248
235 135 301 77 220 195 183 327 162 226
196 208 190 276 169 146 32 59 342 100
235 72 134 290 113 308 105 341 18 103
341 122 77 316 144 116 265 313 225 174
325 251 137 14 228 86 328 104 347 170
212 24 340 306 228 241 326 232 322 164
98 82 186 182 187 205 272 223 135 204
127 77 281 223 109 75 15 71 119 261
101 152 277 97 98 17 345 146 227 25
197 64 104 324 276 320 82 30 247 219
222 70 97 175 32 108 14 243 285 280
305 100 93 258 22 11 119 31 292 203
300 178 134 123 247 52 43 138 159 33
237 192 267 35 89 56 336 9 333 233
168 336 144 80 52 123 207 11 121 44
13 160 124 241 318 20 61 345 289 330
98 308 34 304 324 307 130 54 80 298
235 62 51 244 228 158 202 22 320 234
240 303 253 253 266 340 306 85 218 247
241 337 80 104 215 109 44 248 135 53
105 19 314 87 193 85 280 159 82 343
230 253 87 222 315 227 274 39 15 178
270 227 261 69 152 163 346 198 212 117
347 291 285 327 47 315 137 119 128 308
17 68 36 52 344 105 93 102 232 123
341 223 244 199 46 51 166 29 115 136
273 139 163 33 43 329 142 208 146 102
93 149 49 9 220 261 99 188 106 183
270 98 292 320 119 26 284 215 283 257
144 283 129 46 249 38 292 258 208 299
291 268 237 17 163 37 280 229 237 124
272 330 264 121 163 123 314 25 243 298
70 256 142 203 24 197 115 236 112 277
63 198 91 136 344 138 240 46 316 21
56 231 219 89 271 13 170 51 339 165
244 106 223 228 112 95 120 336 190 38
332 145 100 91 196 230 141 323 308 205
55 173 122 116 260 225 219 203 93 106
283 147 212 287 339 131 245 31 40 78
257 131 188 75 263 198 116 171 99 229
272 332 160 228 40 59 337 229 333 278
190 232 229 176 76 88 17 249 100 324
107 197 118 85 283 154 272 56 118 195
110 334 314 152 346 257 21 237 214 97
176 337 53 100 196 189 301 187 142 175
33 296 200 330 51 214 9 177 277 336
236 299 257 114 33 200 26 7 222 78
330 345 250 107 176 199 67 328 121 41
98 88 156 333 121 220 252 71 302 18
28 55 53 113 295 83 214 81 159 98
312 242 328 270 149 156 257 143 245 272
277 88 332 309 189 224 258 120 14 255
185 8 273 254 266 170 305 182 183 161
99 233 51 210 79 305 200 326 216 157
161 101 97 71 136 74 107 119 95 232
192 89 249 294 73 204 269 32 137 316
96 192 164 266 323 27 343 180 63 42
300 186 96 97 178 157 113 262 278 302
342 152 207 105 246 25 200 298 162 195
95 214 213 287 33 32 65 236 167 83
10000000 10000000 10000000 10000000 10000000 10000000 10000000 10000000 10000000 10000000
313 10 16 148 297 206 17 333 136 328
34 184 283 203 328 106 252 170 208 195
96 315 313 17 160 199 263 314 12 269
277 323 128 173 217 343 216 14 8 19
192 156 120 111 69 55 214 137 298 161
308 321 342 332 124 306 323 9 24 172
312 236 104 7 269 308 232 132 121 148
347 181 117 170 338 306 306 334 21 250
197 23 204 266 179 208 270 308 106 269
263 33 260 147 197 208 88 244 316 71
225 83 39 154 314 197 246 161 117 89
59 146 334 37 298 292 124 209 20 66
236 69 190 278 60 336 133 142 102 339
103 233 130 159 246 25 272 47 71 347
286 61 43 283 15 36 32 148 273 297
202 306 54 73 251 125 204 115 210 207
213 192 59 135 296 243 247 289 73 303
106 299 225 315 247 262 183 245 91 337
17 228 251 153 301 6 22 201 113 327
213 137 235 27 132 310 236 164 208 343
281 273 66 32 172 188 237 342 93 183
207 270 265 239 140 190 225 173 163 23
133 114 229 36 241 279 94 157 139 206
305 61 112 198 277 340 314 193 106 5
44 235 330 98 342 328 271 323 300 177
158 171 273 177 289 331 21 5 102 111
291 162 215 175 264 31 172 217 267 216
163 344 303 30 326 35 22 98 105 250
139 204 77 191 295 320 73 204 171 17
96 326 298 57 212 240 53 284 285 138
12 7 76 205 18 301 110 114 135 239
37 115 346 329 86 50 113 246 84 336
334 236 166 292 241 36 97 217 310 224
201 313 37 46 225 82 29 30 228 320
48 333 246 28 188 63 136 156 116 99
263 18 166 141 10 314 260 304 61 109
35 281 10 331 152 144 259 165 208 62
47 61 38 145 240 63 231 196 39 133
298 160 98 283 148 336 133 190 284 169
114 44 221 69 7 192 288 32 16 248
244 181 197 217 22 172 20 282 237 313
339 98 333 137 303 31 21 167 161 193
231 297 66 15 17 7 191 185 212 330
225 173 215 279 31 275 242 35 30 31
329 182 260 220 281 313 32 147 300 200
266 322 153 256 186 332 174 166 12 338
24 322 220 153 343 84 191 123 201 245
182 321 201 41 38 138 283 319 265 140
34 94 316 113 76 226 184 73 227 103
283 331 336 258 60 290 26 100 10 51
252 284 211 20 286 37 230 31 261 320
335 186 20 33 10 310 56 243 64 122
77 179 137 192 69 18 144 124 77 257
143 155 285 315 311 25 13 295 185 188
221 221 39 33 317 107 90 21 244 342
63 327 55 10 279 150 215 68 90 176
18 94 128 262 195 116 165 157 31 214
329 152 320 36 230 178 40 325 178 12
105 124 37 17 63 263 302 260 141 115
121 320 103 281 112 246 243 144 343 339
18 20 58 122 289 227 56 198 210 161
305 46 275 192 150 190 104 42 17 314
167 153 312 131 177 44 82 30 291 271
246 234 346 25 347 53 106 94 312 26
89 217 269 109 71 340 175 157 306 203
145 198 330 22 289 78 173 301 160 93
70 208 18 195 69 265 26 124 51 61
307 75 343 246 18 230 104 26 198 328
311 123 61 187 344 202 105 77 344 24
99 272 44 302 74 232 267 184 324 108
10000000 10000000 10000000 10000000 10000000 10000000 10000000 10000000 10000000 10000000
175 84 245 272 293 158 331 12 147 13
336 41 86 246 290 124 150 256 93 301
245 15 122 301 35 67 345 235 169 205
263 246 32 156 326 339 194 216 282 240
151 37 37 343 131 294 12 12 226 39
256 34 303 275 109 158 105 38 185 314
230 185 158 316 202 155 95 39 106 276
337 17 111 319 55 17 104 303 55 187
120 193 311 282 221 179 59 320 216 39
339 313 61 213 155 333 219 81 70 120
91 229 220 201 84 288 66 166 14 187
111 264 199 89 158 25 84 24 342 183
274 104 119 233 328 65 20 66 197 14
327 50 203 271 43 240 18 55 125 135
106 231 166 240 185 337 22 318 235 283
153 20 55 272 335 236 286 222 82 295
237 175 33 308 167 71 312 28 164 204
120 61 153 245 101 343 342 131 294 218
217 133 68 123 315 235 155 259 272 226
102 259 155 323 107 213 294 162 191 167
148 174 92 222 184 270 146 204 89 131
24 272 313 234 51 110 48 167 214 68
59 225 198 269 269 193 210 91 219 308
191 243 70 311 238 327 259 137 139 236
95 275 337 58 70 33 184 10 42 252
171 346 28 238 209 283 31 247 86 56
102 39 96 79 105 259 227 222 53 314
208 159 346 136 222 138 272 246 325 273
239 220 185 154 68 181 149 266 30 57
62 216 330 340 210 305 238 208 155 243
203 296 157 63 217 197 172 62 97 299
216 306 265 270 280 110 342 180 323 203
20 104 331 334 48 182 296 148 252 86
296 139 180 190 280 66 222 150 24 210
217 75 37 60 142 261 46 240 332 178
280 80 162 53 270 287 246 29 237 286
31 49 300 219 54 324 67 155 12 317
197 24 333 261 85 305 134 183 170 30
110 167 258 201 120 144 278 167 173 62
251 203 343 248 323 119 328 318 295 216
147 303 154 222 245 146 17 76 268 329
101 238 303 106 331 256 265 197 20 246
328 226 163 332 250 150 191 316 102 291
76 330 41 138 312 267 342 75 300 173
265 42 300 252 285 55 205 234 68 133
237 207 139 269 336 59 110 284 300 8
48 8 288 61 66 5 125 16 294 333
197 236 143 94 334 22 229 277 93 146
64 31 44 167 304 93 300 311 223 306
93 344 264 30 224 292 22 28 146 16
263 131 234 278 264 5 51 121 214 227
59 61 206 151 77 192 43 87 149 47
13 211 148 194 64 117 205 88 125 269
109 270 242 107 129 137 195 222 324 232
205 135 42 104 90 328 10 166 113 207
184 85 156 342 21 103 12 249 18 330
326 68 88 78 254 347 164 72 202 86
134 111 341 165 298 181 323 95 236 156
147 322 90 303 262 248 105 139 49 30
323 131 213 7 208 245 147 215 174 178
14 264 330 198 56 190 122 100 74 133
205 208 9 79 318 17 151 40 62 273
136 115 205 219 122 9 234 63 205 311
81 107 135 224 71 41 199 141 136 196
138 5 94 12 147 93 135 52 76 210
146 292 321 22 282 65 303 164 149 172
277 189 218 261 245 286 38 131 195 323
254 184 246 135 241 78 242 122 194 105
281 231 341 195 21 289 300 282 332 243
262 222 43 325 85 143 220 187 74 205
10000000 10000000 10000000 10000000 10000000 10000000 10000000 10000000 10000000 10000000
299 8 274 331 192 136 257 40 216 215
132 161 163 28 242 239 257 84 70 119
162 32 286 154 211 185 141 207 15 22
327 73 65 303 202 298 134 328 229 67
52 81 117 206 157 56 175 134 266 14
230 77 184 123 155 301 89 306 9 33
316 126 183 26 19 192 69 83 187 149
23 156 162 68 134 336 87 213 301 82
109 50 193 79 88 228 193 139 260 190
273 28 342 194 336 33 321 174 253 42
190 276 79 225 23 241 190 201 174 342
41 204 296 257 73 61 149 245 133 236
144 79 275 169 331 239 279 129 263 160
99 195 284 293 78 327 43 302 91 253
197 341 33 31 36 329 313 105 184 269
200 245 261 33 9 341 34 155 27 267
24 294 242 229 319 60 346 131 247 47
257 339 303 30 295 347 234 243 165 174
99 116 30 268 8 220 172 122 65 192
283 285 308 49 211 324 340 37 71 182
111 238 86 157 175 343 39 78 104 134
61 237 271 77 259 157 330 227 52 114
329 59 156 281 345 229 106 311 196 283
250 225 267 317 86 238 57 54 6 67
337 280 258 86 153 316 231 47 175 238
52 305 62 254 346 225 211 213 228 225
118 207 191 262 262 276 23 86 63 245
275 130 62 257 195 19 141 346 28 210
182 324 219 41 279 70 127 91 40 21
59 322 130 288 142 191 78 40 333 267
335 302 340 12 294 58 231 330 132 303
84 310 116 185 255 27 95 296 68 220
241 120 44 308 73 224 217 112 209 78
332 216 345 144 108 304 78 76 240 266
40 176 18 29 38 165 96 37 92 252
132 223 286 221 88 87 8 228 317 238
107 36 259 148 50 97 163 222 214 238
282 310 308 251 298 141 79 103 96 98
6 111 299 76 289 12 162 84 158 89
154 162 201 147 20 157 187 133 20 44
169 346 175 326 87 185 268 22 305 158
311 329 340 35 141 120 317 142 23 161
80 342 35 263 266 276 158 119 19 36
140 346 238 196 210 322 127 305 132 337
191 247 337 52 153 194 334 307 134 167
282 135 336 216 56 254 193 90 140 158
157 89 127 32 135 43 310 19 65 36
297 234 87 140 139 201 11 247 46 223
121 80 275 39 87 157 89 211 247 230
327 45 87 272 70 161 266 117 338 328
237 308 79 238 63 145 237 236 341 300
124 183 340 52 46 129 53 280 106 173
82 291 274 199 13 176 147 171 284 11
228 345 332 5 109 185 128 149 225 73
130 183 57 251 223 270 63 287 325 170
224 156 334 264 22 82 194 323 98 150
13 259 142 263 194 15 124 334 145 18
194 130 27 184 61 257 240 298 111 254
214 40 307 321 346 257 334 80 273 114
50 87 186 18 115 65 252 34 28 331
129 197 321 15 300 63 244 343 248 235
126 186 127 182 314 48 241 45 288 246
259 143 132 310 162 36 73 265 256 33
230 240 21 161 116 272 185 233 282 10
158 163 327 194 185 319 313 335 345 182
134 159 226 115 42 289 335 24 175 340
174 126 60 207 118 199 109 35 298 292
240 8 28 107 74 323 191 345 129 210
335 79 309 231 28 228 206 116 252 284
211 211 150 43 73 83 234 189 66 324
10000000 10000000 10000000 10000000 10000000 10000000 10000000 10000000 10000000 10000000
319 41 22 23 138 134 125 333 262 7
86 326 337 184 87 217 16 266 9 224
38 312 261 62 316 243 149 139 168 7
232 12 140 122 199 96 252 124 15 83
153 210 234 159 15 246 290 42 17 33
128 193 335 175 275 145 204 16 81 305
264 155 81 259 330 95 76 143 319 261
199 10 190 36 321 109 110 48 165 309
119 80 228 162 236 247 337 303 18 344
64 82 38 308 226 192 22 161 298 66
263 297 273 167 59 118 103 34 220 165
336 151 312 61 69 346 82 121 144 137
311 286 186 340 227 97 277 121 130 59
60 207 180 298 224 204 164 291 92 192
295 296 306 9 153 243 66 175 334 112
91 136 118 175 218 91 91 212 183 105
328 84 338 117 318 268 42 199 46 24
102 332 43 199 327 34 334 56 25 39
58 256 100 213 119 185 159 95 321 65
101 275 231 301 72 89 18 313 8 74
213 65 331 146 106 158 76 290 269 79
190 146 107 331 163 271 51 296 138 316
141 56 67 171 157 332 243 34 137 183
51 211 51 40 347 105 56 152 251 129
36 128 102 13 118 162 291 148 8 229
8 133 272 298 118 267 251 228 205 280
188 316 280 192 24 85 127 243 178 136
282 163 323 148 56 172 124 332 134 108
156 31 341 301 326 342 220 170 280 76
86 66 102 267 136 297 160 36 113 136
114 251 227 340 197 34 276 18 7 194
28 178 139 242 153 294 210 239 80 23
338 138 45 26 40 220 134 38 239 128
34 296 268 127 258 179 335 311 326 79
40 81 208 256 97 347 257 76 318 284
175 282 137 228 17 29 198 119 262 169
233 103 20 208 314 270 106 26 149 345
256 153 301 83 11 322 254 210 230 107
152 135 173 71 18 7 262 126 280 12
202 302 15 74 291 76 333 336 99 138
242 310 89 229 78 124 244 46 105 78
315 202 99 341 52 197 174 127 95 124
321 145 267 21 255 124 19 40 288 202
187 40 126 37 244 199 312 213 282 326
70 162 255 103 123 37 8 35 55 290
309 328 330 28 339 182 18 94 151 148
14 332 288 235 75 256 216 251 332 225
14 271 327 175 81 203 74 179 28 210
46 164 269 315 309 47 80 293 295 58
33 246 37 328 193 225 172 154 177 156
279 10 346 228 140 8 230 150 199 69
216 133 98 224 152 198 265 39 113 344
97 173 259 294 67 143 63 302 79 31
252 345 289 100 137 201 346 323 205 105
28 113 318 181 161 130 152 341 335 209
49 265 114 278 269 322 276 255 232 168
243 65 20 326 287 17 9 140 223 115
132 135 77 81 145 14 289 253 23 28
18 258 179 204 23 55 213 160 148 124
295 321 145 181 70 68 162 199 287 329
15 264 123 134 261 182 308 194 106 25
152 332 120 21 230 119 260 55 303 175
46 134 60 258 79 197 47 104 256 289
156 115 149 291 39 328 120 273 309 305
291 73 71 237 40 266 189 328 63 64
229 42 310 317 188 149 175 157 282 216
7 157 274 32 163 83 138 194 56 45
111 270 26 318 259 97 95 336 131 126
244 165 19 13 305 133 102 165 96 314
130 204 320 61 231 66 185 209 123 41
10000000 10000000 10000000 10000000 10000000 10000000 10000000 10000000 10000000 10000000
164 269 143 176 159 95 65 79 35 219
318 342 192 206 277 245 293 55 197 236
188 215 105 12 135 206 323 197 345 250
227 41 283 40 230 232 142 242 226 253
242 321 299 118 277 332 29 285 223 38
311 112 198 305 86 109 12 174 316 280
279 315 161 233 332 121 24 332 259 300
152 209 59 35 70 128 101 47 293 259
62 251 154 252 71 243 63 342 14 321
142 91 320 40 95 43 159 25 153 32
241 181 231 120 126 32 87 102 267 39
31 179 343 112 270 23 277 173 89 40
265 96 257 144 272 336 29 253 133 180
329 291 53 268 334 217 29 216 338 291
288 338 22 51 270 325 205 254 295 281
162 90 344 283 288 323 58 13 103 137
40 54 28 345 6 76 80 270 127 87
285 22 254 242 136 288 230 182 236 323
82 166 76 198 126 36 206 305 44 206
268 205 275 138 148 298 245 127 10 146
216 146 101 136 175 304 282 127 237 289
241 226 70 175 258 166 137 287 69 242
97 322 224 54 244 66 217 328 99 95
284 250 89 5 21 172 142 210 307 5
132 330 238 132 72 306 300 284 10 273
10 297 290 163 44 253 325 344 105 315
273 328 233 237 146 295 28 248 205 339
268 149 269 109 190 72 16 290 129 321
254 258 164 12 330 158 163 115 137 141
54 162 152 155 242 303 166 113 273 130
141 208 7 329 164 255 107 64 328 249
301 238 203 223 215 156 106 335 211 305
217 233 90 76 183 65 331 336 103 72
96 233 228 268 191 74 188 343 269 209
339 94 74 330 281 65 205 53 258 15
95 114 162 222 343 113 168 187 216 278
105 25 314 212 243 273 174 335 170 301
271 129 215 234 256 202 237 9 292 34
274 23 7 219 226 287 330 209 114 291
261 46 22 278 47 240 65 131 254 213
143 58 273 58 45 331 337 335 156 102
343 210 224 143 71 122 299 212 175 54
238 273 116 269 332 147 98 294 60 306
68 53 53 11 46 284 139 174 280 94
236 256 15 152 242 160 304 95 338 28
223 54 254 345 321 82 306 11 272 316
258 205 153 77 24 11 271 276 170 110
268 173 294 63 148 57 178 55 144 98
138 246 239 233 12 138 184 23 44 49
343 68 321 26 156 177 150 255 322 19
185 314 21 104 216 311 299 113 100 137
11 55 331 343 165 20 265 33 43 23
142 201 154 91 253 209 38 139 201 197
215 326 40 79 309 55 207 142 186 69
154 334 132 130 259 148 223 341 184 213
151 314 152 16 64 71 208 215 276 312
190 242 162 287 142 165 321 273 287 127
43 135 315 333 26 36 96 172 159 126
33 303 328 17 214 232 243 276 67 153
288 41 131 307 343 228 219 72 118 95
253 340 86 223 82 84 52 192 160 153
289 280 129 160 292 127 116 281 336 336
158 9 96 78 225 237 247 225 146 130
344 122 212 73 206 274 151 238 274 146
141 187 178 42 255 225 282 55 113 133
166 201 130 309 89 94 311 18 68 141
253 69 291 93 112 128 311 85 33 124
234 245 279 328 334 132 340 67 192 82
297 271 336 5 144 70 128 306 341 267
97 48 264 214 310 344 231 37 336 171
10000000 10000000 10000000 10000000 10000000 10000000 10000000 10000000 10000000 10000000
70 46 37 203 114 110 337 283 254 228
285 342 81 122 15 88 176 30 35 153
80 74 142 250 109 20 134 34 266 161
211 180 201 95 177 187 77 343 249 78
81 137 195 30 40 14 54 299 329 321
79 189 9 86 65 302 192 164 60 224
113 307 129 248 323 46 245 100 137 303
42 137 193 245 61 321 60 163 109 219
274 262 309 246 240 157 177 81 201 335
40 60 314 232 243 188 317 142 345 52
146 240 73 42 240 331 200 168 124 166
336 302 327 277 84 43 77 153 124 239
302 8 7 265 337 28 271 324 35 213
49 94 241 104 87 231 119 75 217 191
24 23 45 235 294 90 239 77 78 236
73 52 133 326 144 73 15 95 75 296
24 56 296 322 282 207 216 319 283 280
275 331 97 267 67 335 249 245 161 149
60 259 334 289 107 269 122 113 21 139
199 120 11 44 213 347 298 124 257 35
93 129 57 143 325 162 10 143 313 234
125 30 261 249 315 195 315 343 185 118
264 229 82 341 305 12 65 200 210 328
234 65 329 136 70 322 127 203 17 120
159 286 155 162 154 132 55 56 210 197
91 135 27 333 240 344 45 307 141 93
270 230 176 211 210 219 95 105 27 49
175 286 171 93 184 347 238 314 68 172
334 324 165 19 200 190 316 217 346 277
51 260 48 162 284 131 51 143 145 115
187 337 99 49 100 287 304 141 90 138
209 277 342 50 339 169 289 29 93 126
178 103 160 203 150 118 144 314 193 154
336 340 294 181 47 144 98 183 95 163
142 69 12 295 50 267 274 175 201 266
257 278 128 86 25 151 62 73 177 328
213 204 58 55 272 62 169 299 170 134
309 129 273 211 43 79 11 112 31 220
248 211 92 347 25 153 123 222 70 37
237 308 205 149 178 178 190 221 211 273
306 208 111 127 106 58 52 255 296 263
210 195 92 35 124 66 248 75 36 6
65 186 69 32 299 102 83 224 5 308
110 157 305 117 139 197 208 99 142 101
339 255 81 82 27 119 136 292 221 309
19 120 162 254 18 218 169 152 124 203
176 273 234 253 111 192 223 182 167 242
202 133 299 345 327 297 101 18 149 74
55 105 134 36 46 307 72 138 233 18
224 37 294 123 243 29 336 34 324 294
202 142 306 278 178 217 42 19 316 340
215 49 334 99 52 264 79 81 301 204
10 71 136 195 199 146 220 21 192 194
254 306 88 257 120 84 127 262 105 289
317 128 78 149 65 212 266 133 263 223
212 304 306 277 174 75 317 288 67 294
29 97 130 321 74 199 85 323 286 9
219 314 119 134 8 202 215 293 44 324
123 198 244 149 324 120 150 214 170 69
252 207 86 321 214 310 113 34 181 256
294 94 261 252 239 298 201 292 340 53
219 191 197 142 113 233 341 198 338 254
331 227 127 239 152 158 199 62 87 156
61 73 192 289 240 24 38 206 122 58
338 136 144 143 73 33 181 73 237 294
333 289 175 18 145 267 36 329 20 192
162 174 26 275 197 99 22 234 114 328
192 175 194 301 135 122 146 40 232 251
182 87 34 310 336 66 17 115 24 276
229 313 33 136 170 332 103 286 272 17
