10000000 10000000 10000000 10000000 10000000 10000000 10000000 10000000 10000000 10000000 10000000 10000000 10000000 10000000 10000000
485 420 1707 574 1701 928 662 311 1149 1000 1077 1087 1382 1295 1439
1327 771 363 503 119 1201 817 162 1037 1300 1608 641 951 1443 911
1559 1788 716 829 1129 358 1208 513 1574 865 1259 1204 1805 1806 1467
358 303 151 964 1762 1653 1157 781 1463 230 158 775 236 1722 1693
567 1032 71 1195 657 829 98 191 1111 1180 586 1068 596 1680 1656
1019 219 244 1402 729 357 520 1347 139 116 872 531 938 961 1397
127 1226 893 1274 1255 992 611 23 43 1264 1719 299 1791 1803 1593
703 1825 472 720 534 701 1480 1432 1725 297 1542 988 1063 1631 1612
803 1207 233 864 1130 490 110 1578 294 238 767 858 1298 486 1831
346 1077 458 1173 1696 1278 590 1253 1581 235 957 259 1653 314 318
1140 1251 1586 1474 126 887 893 1572 1796 962 538 1194 856 1666 768
1167 164 1487 814 372 697 1356 1097 76 1374 1055 989 132 397 812
470 1530 868 676 138 260 490 80 461 201 1057 1833 898 561 34
1204 32 1109 846 1828 545 789 759 988 562 75 1544 338 437 935
1798 1493 616 212 1059 484 398 1532 85 1003 267 987 1399 260 522
346 77 1707 1142 999 561 1314 179 549 1667 1241 1125 1100 187 226
1693 838 706 1421 432 539 874 881 1136 1002 361 1110 343 343 897
629 1389 389 1326 519 1124 250 253 1816 1519 1809 105 1590 1301 1368
205 1337 430 78 317 674 710 1337 1346 125 573 1282 640 1082 1375
1619 994 510 974 988 805 186 275 1378 674 1407 805 811 639 934
1227 568 976 161 1465 1683 552 1512 877 559 88 1414 586 823 1167
582 1026 509 683 689 61 1272 895 1308 608 1783 286 441 373 412
675 1480 1257 957 1505 103 1763 612 1693 1425 1260 311 1656 1826 1824
1429 1496 1311 1484 329 1703 1615 1040 1119 662 1539 543 1508 1817 1571
336 1344 1174 114 1513 1357 1527 645 1195 1552 871 1586 666 108 284
1403 628 393 387 871 693 637 981 1601 697 223 258 564 879 794
181 1131 1151 1518 781 1591 595 101 75 1049 198 145 1558 99 1431
1513 692 528 1326 809 167 1132 389 396 464 1754 600 1727 742 770
465 824 925 256 804 687 755 847 1090 464 1084 130 1261 1810 201
915 853 22 1297 1685 372 1165 1580 520 1440 1266 451 1405 853 467
1046 156 1693 928 643 134 1804 1570 99 1184 53 603 1479 977 873
623 690 639 1731 1332 1498 1275 922 644 654 437 451 143 1273 127
32 1808 1024 50 288 959 459 1740 1510 797 99 1366 226 600 1327
1541 931 886 756 1432 1086 836 1343 758 1671 932 1143 683 1822 464
1137 31 612 1420 1289 616 1811 1111 1787 1143 769 1363 27 177 1049
1341 722 1562 1370 1550 1454 1417 757 1039 713 239 1374 910 625 824
960 984 335 795 1520 82 816 1762 692 691 572 1293 1815 845 816
938 275 1764 1756 1769 1566 932 237 825 882 871 952 1423 1235 1599
498 570 1126 1233 1595 1361 544 705 1740 129 479 1115 1378 209 1465
781 501 1820 986 964 1106 1653 793 893 812 1183 793 1621 247 271
440 316 746 1781 125 1240 1518 1277 1494 1669 319 1709 1325 1054 581
743 992 1407 714 545 1137 1580 1125 1402 784 429 1588 460 852 1742
1155 1471 1643 859 420 1309 1240 1400 462 1549 680 918 1616 775 639
404 1747 253 1765 754 445 1519 1692 1245 1825 1738 1400 935 591 1079
797 751 1667 1211 996 1002 1788 1580 437 1023 1442 556 1273 1302 1449
85 1774 1803 1467 977 761 1379 955 1138 121 742 518 1659 779 469
304 425 1103 1673 866 58 1218 759 646 462 1620 1321 292 210 367
138 454 1798 236 1267 291 181 1076 231 409 537 24 445 168 1177
488 670 25 617 1214 1501 566 931 366 336 173 701 916 590 1800
604 588 1211 247 1833 1353 562 1216 1090 1178 1689 1254 538 871 787
609 1736 430 1334 244 244 1281 837 129 257 330 1548 591 61 364
686 1556 597 1371 1641 1734 479 1377 97 1541 1255 626 1681 250 140
10000000 10000000 10000000 10000000 10000000 10000000 10000000 10000000 10000000 10000000 10000000 10000000 10000000 10000000 10000000
247 581 1765 1406 44 473 1268 1472 76 327 1465 1429 905 1471 1732
1391 1188 1446 434 902 152 226 1293 1351 1715 43 1270 534 1658 1268
706 583 1497 1026 1487 772 127 1657 450 161 58 1129 352 842 387
446 1719 291 938 1496 134 1776 1507 1421 1043 141 637 1392 1142 122
987 23 807 1647 812 1542 1513 119 779 1320 1696 539 932 418 23
1662 243 1255 687 1346 575 1586 1547 1013 1246 29 453 1745 1746 57
82 347 597 21 1729 261 622 686 982 1730 982 1709 1451 570 1778
82 1520 1046 1144 1502 1102 1061 696 1648 1808 1803 1833 1338 276 1068
259 1536 731 1334 206 779 670 1448 157 1014 498 845 448 151 1637
1644 1361 807 365 410 1537 238 1623 825 136 1683 1093 1154 1749 783
213 865 1644 227 1753 1509 923 1166 1278 1749 1055 1650 1065 759 1277
514 773 280 415 970 440 591 1696 342 439 1319 945 1228 54 1227
1262 349 1605 403 937 1703 758 109 1614 728 1183 1509 75 236 30
759 1125 152 1480 1029 780 1392 1385 191 835 1691 609 159 511 404
1481 526 792 529 1001 1732 1798 1476 129 668 931 804 1399 277 304
864 140 540 1490 1037 112 1436 1642 1226 178 326 1189 1541 1125 1336
928 782 560 620 1680 310 249 87 89 757 370 1624 459 1410 923
272 666 525 1577 399 1186 1567 924 733 1706 534 1314 1626 364 1207
1116 1824 1361 940 525 1004 1364 538 561 736 402 1764 1087 1408 1738
56 97 1648 321 985 1482 133 1520 616 1725 691 647 1544 1752 442
832 1170 788 881 471 1603 1030 986 1456 414 606 243 1304 931 559
27 755 339 1780 1096 1344 1745 1050 1077 1395 1769 636 720 1723 1058
1386 1343 304 546 1370 320 1353 1710 1177 691 1100 1289 442 106 145
753 465 1605 268 1498 623 1130 1486 1369 145 1239 1696 38 717 600
1450 1678 519 511 1586 832 1634 1748 1431 1364 377 676 1333 1272 1759
417 1189 850 386 594 1483 88 797 328 778 604 441 1215 150 1636
898 1330 1365 87 870 1576 1283 1484 56 647 262 1536 1794 915 373
1391 93 1211 430 439 261 1221 32 780 188 968 1531 432 1824 1225
282 1756 240 1017 1322 690 1098 1069 823 1114 391 1055 540 298 537
504 827 1781 744 952 571 1590 1218 620 674 67 393 953 1061 61
545 842 1636 908 331 131 1765 1448 287 1762 1193 1452 565 1300 650
689 1668 430 956 1692 608 451 900 703 331 1469 1478 578 478 1313
31 1564 290 841 822 847 317 247 1498 1357 1162 44 966 1662 1203
1191 1129 395 55 1585 929 1215 1585 67 1160 90 970 596 819 1540
149 1280 961 1516 1591 841 30 1784 697 441 1293 438 1351 1140 147
1704 1550 1410 830 1416 1489 911 1321 472 842 498 29 765 1551 292
593 722 95 162 1219 1078 1293 611 1328 1052 789 1769 1398 1807 1710
1612 188 370 992 363 1043 125 1467 1717 554 373 1721 1435 498 1104
317 1783 967 353 983 1525 1014 1541 1830 187 1461 52 1041 1710 1643
317 1682 1215 929 257 735 534 1660 640 1756 975 730 1043 1588 466
21 157 1498 1563 422 482 683 1217 549 611 1629 981 459 541 251
1334 855 1419 811 775 127 324 1108 1612 458 520 1068 1170 792 1330
1754 192 94 1763 186 1145 147 1032 1054 1631 216 1226 564 1598 1693
1364 965 1473 1601 1173 668 1335 684 1070 660 33 405 1493 1443 1187
1199 477 61 1601 1354 1011 211 156 1677 266 190 528 985 400 149
892 1743 306 1127 1239 1679 140 408 290 161 558 832 986 1277 1169
1401 1591 1288 1219 45 267 140 394 1029 1654 1462 882 438 325 1129
514 1146 103 1641 1289 60 1375 1345 840 1403 1691 520 1442 1236 495
527 1431 1611 1374 1313 705 1440 1670 339 1463 1114 831 838 568 1827
753 307 966 664 1283 33 1186 1730 1595 1206 862 1417 1390 569 790
1783 1099 1426 1227 1148 1459 333 689 1609 1524 1594 1207 1393 934 1700
1732 163 1285 773 1168 1594 772 336 1722 44 1668 842 1772 1260 1503
10000000 10000000 10000000 10000000 10000000 10000000 10000000 10000000 10000000 10000000 10000000 10000000 10000000 10000000 10000000
640 710 186 1018 1724 955 866 1188 455 748 657 936 679 926 567
884 1569 817 1286 547 1395 345 1726 1173 89 970 1311 968 1673 237
738 1019 145 249 773 1381 1382 123 256 1526 1535 820 1429 69 1722
1673 512 112 356 1087 852 1069 533 208 831 1506 1406 892 658 649
1615 590 209 1426 671 1582 607 507 1139 1423 1553 1220 787 181 1552
943 1829 967 507 915 456 995 1676 1389 48 932 766 1575 924 49
1472 453 1658 1146 1723 565 194 1125 1091 572 569 1264 862 616 238
31 785 962 1207 51 363 699 1689 1616 932 1275 567 1063 505 758
454 1267 269 573 383 904 70 981 733 416 272 1700 57 35 1585
1100 1674 1781 274 485 1131 1281 1554 681 1034 532 1359 1021 923 1525
548 521 1702 1283 1566 1818 808 1019 1374 783 1003 501 891 649 375
1563 639 803 78 82 466 579 570 1117 785 83 788 1808 92 732
954 107 826 464 31 110 647 1682 1662 1218 311 1425 1050 1364 290
1746 643 438 686 1513 1187 1766 1517 767 412 909 1210 1373 972 1743
38 1756 86 403 1080 553 1332 1665 816 438 1417 599 906 1543 121
1772 1619 1403 1342 1752 142 396 919 984 717 975 29 577 282 218
594 955 459 34 352 1083 814 756 329 1143 1643 843 89 1184 1363
378 1522 1007 1535 683 62 1375 1149 1577 1711 503 710 1806 1298 1363
1177 692 1772 164 21 346 1464 908 30 1535 1456 823 1456 1812 131
239 177 866 1027 1011 1814 527 62 1295 1400 674 1500 769 285 173
618 700 954 1107 1232 1669 1553 1658 1748 1391 868 437 1236 1163 705
1553 1707 1469 1360 150 1384 1244 1365 778 1316 1658 38 669 1663 396
1537 1782 1167 368 416 1188 879 764 847 1020 169 297 1266 721 1244
1366 866 119 349 1007 1676 614 972 307 599 548 96 1189 370 581
596 1768 1667 315 1433 572 794 61 675 1528 1134 121 1567 689 1296
257 1011 1344 365 1807 1351 549 726 1423 1176 1695 1514 1702 906 465
336 1746 1269 499 757 1541 1369 1498 521 395 1302 976 465 1721 1255
113 1363 1726 1260 433 1758 1717 173 1135 173 1659 1020 1290 1459 1605
1751 1098 1580 920 927 265 970 835 1528 913 1265 1407 719 903 934
1717 267 1063 1508 716 1224 849 346 949 441 179 142 1213 249 1773
433 878 1428 406 101 1474 242 845 71 49 1547 1821 258 513 1624
679 654 620 817 1507 1763 393 955 1512 408 1023 1036 1145 230 550
192 993 780 1214 56 567 1729 352 761 235 1645 1692 1180 1342 1484
218 1395 1146 1550 480 694 1121 605 924 1620 137 1373 759 196 1301
999 1675 1589 866 124 937 702 1625 1675 999 1636 968 862 1140 420
1633 81 340 1728 1463 623 176 78 1470 1624 120 1614 832 611 1617
516 1312 576 383 890 1326 930 573 1405 200 878 261 948 1034 1701
352 161 1601 905 1331 1195 1616 428 1476 1818 1831 67 1800 589 448
332 106 948 981 1020 754 243 331 506 500 1123 522 1556 970 47
748 1723 1468 416 1098 1427 781 360 1662 780 610 32 1177 227 770
573 1587 63 1127 923 205 43 335 1776 1325 451 1163 1290 1250 1669
655 921 1512 695 1477 914 197 1800 968 1201 745 1481 763 1181 1182
567 602 1300 926 169 1509 1622 547 1291 616 845 1784 420 1303 868
219 426 962 424 1785 321 979 864 1680 1620 1106 403 577 1584 566
622 1335 837 683 1766 882 969 38 1170 451 662 803 122 93 1350
794 679 1503 752 736 1015 357 1056 458 1613 46 1630 874 912 1090
1154 864 1651 1782 108 426 1377 654 225 1155 421 1697 690 648 165
204 702 576 830 1745 1685 1132 1663 263 670 532 1746 1595 1137 1077
1003 1286 471 1174 54 1219 1117 751 453 307 882 1405 575 1574 957
1490 113 669 1216 766 1554 1522 774 1196 846 612 1170 866 744 484
609 1247 704 1377 1265 1635 1813 307 896 387 121 667 1638 365 185
477 506 937 1584 1615 417 145 1072 360 778 1418 892 276 92 349
10000000 10000000 10000000 10000000 10000000 10000000 10000000 10000000 10000000 10000000 10000000 10000000 10000000 10000000 10000000
1595 983 1644 1656 1183 533 1724 858 528 72 770 624 465 1380 1412
1176 1356 921 732 1170 899 203 432 1508 936 1081 878 1030 1323 1512
375 1116 1509 1481 1746 479 1142 606 384 505 792 1798 1061 99 199
951 993 275 658 1072 1556 1794 688 1124 1187 803 67 1753 994 749
416 393 1019 83 1598 742 726 500 353 1664 1096 419 1624 1318 718
465 1357 92 52 466 490 357 527 814 1536 122 1253 530 222 618
1396 1120 123 1434 291 788 77 653 1461 1815 950 1036 892 1797 1782
1195 1438 964 1306 806 733 494 37 1794 443 317 405 1539 251 809
851 874 276 1556 929 581 1815 45 1671 1340 1723 963 889 1464 1321
1532 1395 236 1151 785 245 392 956 1652 1355 1679 1195 284 961 487
1629 1369 974 256 192 1107 1571 240 1171 491 578 599 735 1710 1010
1703 129 1459 1742 1684 444 1719 518 795 1237 759 1411 521 1826 786
480 25 175 1780 1778 713 493 1754 752 476 1435 1600 97 1440 29
322 1752 1297 1288 948 1204 378 1736 1352 1387 839 902 602 1383 791
1177 820 865 1035 337 762 78 63 847 423 370 249 728 50 1771
190 1630 769 657 1699 42 1079 983 1479 1594 1508 1130 1069 1593 1637
865 1540 941 711 1547 1553 1335 671 402 365 906 722 239 1593 1076
1173 1415 160 283 1552 1535 206 1025 1474 130 575 1216 589 259 1135
1729 620 1058 228 1648 804 1476 1179 215 1068 937 928 481 783 580
539 226 1275 1458 1789 613 439 318 648 1093 925 866 922 224 1659
1732 1802 971 285 1042 1736 1025 150 617 658 1011 1481 610 54 1447
1059 318 1301 95 291 969 319 552 1005 1791 856 1000 1707 236 104
587 146 1053 360 282 917 374 1430 101 1302 1569 330 1302 780 460
900 224 613 1588 160 1637 1051 576 366 223 837 578 791 1182 1121
1162 914 239 196 1810 1574 228 528 959 658 1772 699 678 410 436
1246 592 1141 1313 1737 1633 254 1348 271 760 1803 1716 1578 974 1359
981 1578 786 649 908 1109 987 1492 290 1787 1485 1527 1245 1761 127
1387 613 1066 1160 1609 1764 1029 1598 64 932 1456 305 1573 1408 451
1583 1244 1483 922 919 1205 88 699 1121 1537 1005 1364 1293 1101 295
614 481 62 1713 1632 360 1625 1619 911 206 567 359 845 260 1042
328 1752 512 1301 1107 291 1367 1334 734 1290 269 299 1047 1400 1551
797 1763 863 1460 1095 1677 1115 1004 280 178 1371 415 1134 922 1662
844 1265 248 777 881 1156 731 1587 1274 452 1448 1194 1369 437 390
77 1129 1733 172 1035 408 1404 1235 317 241 850 451 1187 1778 65
1031 710 170 912 162 1624 1825 79 1197 1437 1038 165 836 1566 1011
37 1544 1322 1339 88 1722 349 292 1714 1098 418 1036 905 879 1429
1533 61 1480 1488 1627 600 286 195 1152 1544 1374 46 1461 562 737
1054 1333 1662 1626 475 1481 992 347 594 1681 532 176 1205 310 1031
1208 1483 1506 1083 241 1505 1711 1607 1043 946 1463 115 383 1446 172
537 1599 1219 1654 1367 1689 119 1021 522 1751 584 451 1461 1690 1322
479 1475 1419 1829 755 1243 1267 1816 1708 917 819 367 1380 1452 1655
580 1148 1366 798 866 1563 1774 737 701 1424 1753 363 283 1038 57
1019 1141 1188 125 1255 104 1041 87 280 1295 1367 532 157 1608 865
104 1088 889 1764 621 889 341 1106 1050 1729 68 1457 1794 1300 608
313 136 1048 725 1627 269 1166 1042 268 1711 636 442 1295 1093 558
990 1618 1325 732 209 139 1759 1374 846 1423 276 994 99 755 520
1221 922 1346 415 1731 1411 595 1244 1447 1179 837 1012 704 1724 1748
566 816 413 970 696 140 1595 663 392 448 1538 297 1776 394 1523
1317 1155 1463 1322 848 1124 427 629 1004 441 408 581 1018 1168 1670
1674 628 1762 1695 1603 1664 137 1007 1686 306 231 699 1268 118 959
624 1089 904 586 946 1684 1431 477 312 140 405 342 306 1635 1032
420 1048 1138 1785 619 709 1559 555 1428 74 1139 117 1321 526 528
10000000 10000000 10000000 10000000 10000000 10000000 10000000 10000000 10000000 10000000 10000000 10000000 10000000 10000000 10000000
623 506 415 1677 434 681 23 1132 377 1549 1442 409 976 201 1696
574 1772 813 1570 564 110 1316 1012 624 978 414 417 882 1023 1641
639 642 271 1264 1083 458 191 825 1423 241 853 656 414 834 25
853 257 1041 740 538 1188 1063 591 1783 693 24 1285 1281 83 1204
1579 574 1667 693 855 211 639 182 1754 68 1696 1579 1395 116 759
1427 1775 57 1249 374 953 517 1020 80 1163 185 90 791 402 1041
908 1690 1398 720 1612 543 735 583 1569 815 285 1680 939 1012 674
1708 1648 1474 335 1689 1451 438 949 739 44 1266 197 748 1173 897
298 858 453 831 1113 145 1124 560 1282 393 847 979 793 53 1535
700 656 1290 1421 963 289 1269 1271 369 764 377 1713 1314 758 505
187 44 948 207 1090 100 1028 557 1594 1246 1076 1249 1000 568 1221
1456 1234 597 1444 577 1272 1444 1395 1205 1000 689 413 1229 1293 1706
423 1774 245 1728 1818 1318 658 105 1696 719 1785 102 958 1070 53
950 1544 228 1285 628 1571 1173 1764 1401 1238 648 1647 1010 971 1265
459 1685 1711 461 341 298 1748 1044 986 806 478 1569 1718 169 48
76 171 975 172 517 333 520 1732 412 511 1720 1345 294 1223 195
574 1276 1297 659 522 1803 748 37 1217 1214 207 1597 1593 937 1326
814 1421 1325 924 576 362 296 1823 468 1324 972 277 1537 1545 137
1163 834 409 968 1774 1805 1205 897 427 1334 102 545 1373 753 1031
184 1123 1761 1418 185 1090 135 1761 541 1489 1516 284 224 1644 1043
746 1670 945 581 706 1534 1293 1831 1401 1095 569 1117 1533 1148 1379
1535 1733 1086 824 1682 450 588 640 1327 883 1743 425 1190 1327 911
900 1242 395 1398 233 1480 152 431 938 1137 1427 562 1659 957 1266
799 1230 910 1755 309 1373 698 840 123 803 296 537 237 715 69
270 674 924 175 1186 1643 539 784 464 92 1660 906 1326 779 1010
1606 681 1245 1417 1365 1604 1097 1189 928 879 1507 1207 1512 612 1202
53 1007 891 392 881 1108 1807 1193 237 902 1670 1083 1148 747 1383
417 744 1236 329 1115 1331 1633 1334 1715 490 1230 1049 1685 1100 1814
1828 1405 162 140 1526 351 1769 1039 691 1704 1167 883 562 497 610
421 380 1625 1808 1006 402 1160 367 1756 659 917 363 166 1153 1795
738 982 591 777 1444 1290 155 1460 164 209 1242 524 1072 418 1433
1380 937 883 1137 401 1470 1156 409 837 1323 659 1221 1105 537 811
1118 1039 1092 1616 1706 486 459 1690 232 1578 339 338 1345 1438 1034
1614 1246 1038 662 761 661 85 963 1371 118 1183 703 307 59 512
1187 1744 268 345 734 604 562 658 279 1736 180 1263 1154 1593 538
1353 1201 612 196 1378 1588 183 264 1011 1150 677 1574 1529 1528 339
1290 700 211 828 1214 600 1021 1617 1183 1382 218 243 670 1275 1021
22 1685 1820 1497 116 532 392 955 1199 1591 1359 646 699 391 495
1658 145 1082 783 244 172 804 444 1680 696 1259 345 563 1370 644
299 1117 1335 930 1833 627 662 1785 1645 345 1829 847 565 1020 752
396 1792 1334 1081 793 379 43 1434 406 275 245 1640 29 940 867
1225 1694 445 1451 800 1309 1693 1554 1366 253 850 814 1290 543 703
1347 1382 43 355 816 1637 1640 1149 816 1491 557 1259 1787 370 1781
735 777 601 1341 919 842 1130 247 1687 828 1425 986 100 586 284
295 403 1425 1704 1002 192 1522 1119 303 304 1767 513 653 219 809
1155 1243 1586 1458 981 1027 1322 1009 759 1823 469 1370 1654 1215 1412
97 1029 1073 467 237 781 860 1369 1556 1474 372 380 1580 814 1553
1441 1085 408 1754 1421 295 1608 1192 34 1493 1668 437 901 922 368
1258 1005 861 1008 1066 643 409 1380 262 1122 58 384 1585 1761 1138
101 144 676 100 188 92 283 1242 442 930 33 229 499 935 1235
1131 1622 677 361 1801 1165 694 1621 798 559 1224 401 38 337 668
1143 1506 1284 1554 1223 531 737 86 1666 1762 1766 40 413 1335 1226
10000000 10000000 10000000 10000000 10000000 10000000 10000000 10000000 10000000 10000000 10000000 10000000 10000000 10000000 10000000
1400 177 749 1304 295 725 372 304 1533 1471 1817 520 1813 918 895
1525 1598 718 1496 608 1795 446 842 104 227 1652 1025 1820 1778 156
1100 764 701 1680 1727 1042 1077 1293 1324 1288 295 182 481 472 1107
345 360 1643 806 306 1250 946 613 594 351 1049 680 456 440 238
180 940 1398 1469 1016 1434 1076 1546 739 1403 710 1046 1749 220 1420
1532 717 602 855 1283 1569 795 1538 1786 674 1204 310 1633 182 1453
1467 1250 1345 1075 1009 977 352 1083 1259 1182 130 63 267 124 1145
1204 296 381 1109 1374 160 576 587 1648 1485 251 215 1125 850 1467
1371 61 1587 1387 132 1577 561 327 1829 395 428 1474 1802 1651 1718
516 629 1374 359 448 262 44 1495 1538 1005 518 826 976 1503 1214
1180 891 158 1105 1642 783 592 243 418 1048 1116 807 834 1696 48
1072 1126 1821 744 509 1703 1584 817 1733 614 381 1507 754 1317 892
524 883 1357 492 1636 1172 1825 1003 271 1099 1624 952 1557 604 101
821 403 1177 672 875 1428 1773 447 115 830 1771 889 1796 601 1519
1546 1810 536 934 1349 637 1011 1210 1647 871 337 765 1415 1038 544
784 1306 1186 744 753 338 400 1051 103 820 1157 166 1327 1104 1033
826 1283 31 372 746 1132 411 877 1676 1072 1622 362 1730 1584 1814
395 696 350 739 1633 1463 1721 533 623 271 315 1817 169 972 31
205 1750 200 722 784 1446 1470 63 1392 1139 296 518 1013 307 773
1825 53 878 1191 1280 1209 433 100 255 536 797 557 780 1116 1545
179 416 633 421 212 889 715 592 424 557 1029 1058 147 964 448
962 25 416 602 1512 1109 260 484 1697 727 971 1039 1322 1325 738
755 1697 104 282 431 852 852 516 871 456 648 1109 1771 219 781
1730 160 1282 356 102 1823 68 1138 1579 591 1686 402 326 1449 1808
949 580 1135 389 1523 1797 145 1774 1646 1738 288 1637 1208 520 138
286 144 948 1258 428 1210 330 231 1315 1549 1184 1366 395 1352 1456
1302 614 1539 1191 881 1556 766 1811 1456 397 1113 385 1239 1749 1602
363 1178 1303 103 457 648 1472 1709 239 1744 1029 806 1696 324 258
655 358 1618 77 1137 148 783 726 1475 972 56 178 1646 1784 1486
1627 1196 35 662 1787 1718 1666 1665 912 120 212 782 1713 1638 1204
1205 758 610 50 699 1727 1384 1043 601 697 1101 1152 903 1803 638
1295 1704 918 1743 580 735 665 1078 1515 31 639 1808 1698 1252 1531
309 981 1307 489 288 1256 635 419 1278 1243 533 1556 1308 1743 1803
825 158 1499 1727 1636 1298 610 744 684 1024 522 359 49 1392 1763
1075 399 1655 655 1496 1103 422 614 1774 1681 114 480 1104 574 1091
1035 193 1296 726 1547 646 704 777 1122 1436 840 871 433 408 383
1698 1705 1655 406 1596 535 286 1088 401 244 908 1196 228 676 1498
1583 1397 759 218 1265 994 1747 1392 1396 776 411 907 1539 1440 778
922 1122 1359 30 876 569 185 850 946 1803 744 1579 1375 59 266
1068 977 1491 1221 1359 684 819 1003 1660 912 220 323 1171 1213 1782
994 691 457 1736 659 1476 1045 91 577 1574 242 1777 990 1588 579
534 1336 757 1382 60 1274 1032 1110 125 948 1311 208 1327 602 936
781 376 386 629 1373 438 875 1277 259 515 370 1041 1550 1242 749
1129 378 1304 726 633 336 1103 209 173 97 215 838 813 314 1435
994 1711 317 792 558 1546 1296 1295 535 1075 650 975 1164 1053 785
221 1402 121 162 1038 272 1726 398 484 1492 592 513 178 1617 268
1563 1246 947 505 1093 103 538 659 254 355 35 140 751 1132 1638
985 781 832 1270 929 1091 1156 1412 1093 661 108 277 1051 1463 1532
581 1553 357 730 924 1053 1293 884 1294 524 199 1049 1524 1445 532
1132 1114 1339 652 752 71 1049 1668 1655 1370 1768 1527 298 1443 41
1122 229 165 1367 1688 330 1729 1131 235 844 1793 1322 374 1121 1192
1696 1708 201 1489 1776 1742 1233 1054 1655 879 1736 1067 727 586 1773
10000000 10000000 10000000 10000000 10000000 10000000 10000000 10000000 10000000 10000000 10000000 10000000 10000000 10000000 10000000
354 451 958 551 1797 1731 123 1128 314 81 912 1003 144 492 772
1412 1471 92 535 982 552 191 894 1801 1461 1823 266 1004 131 783
1638 744 1299 144 25 1543 592 971 134 193 339 40 88 227 1165
1210 1008 1157 1559 1460 1170 1260 901 1144 1713 1565 1624 1169 1642 1285
828 194 1369 303 1471 1371 1830 102 1285 1365 925 520 557 484 879
773 1750 1088 1298 725 1283 1597 817 439 1759 1288 992 450 757 1610
220 179 1706 48 1488 256 1120 928 1462 1158 1665 845 934 1223 1326
1504 555 1353 135 659 1041 1439 399 783 177 428 1780 352 1004 479
125 277 1224 1438 1118 552 1586 318 1269 482 1404 1137 1161 686 47
714 1622 851 1136 367 1782 380 1395 1524 124 1508 1378 656 828 28
853 503 175 709 880 1304 24 1181 982 1455 399 423 601 1546 536
972 732 1072 410 927 495 1225 1108 842 748 101 464 552 277 1826
748 1058 927 508 1297 429 1753 229 1175 401 115 1072 512 142 855
75 23 990 1381 1295 1416 1220 1338 1797 1535 432 1221 114 1689 184
825 818 524 1287 507 286 1833 831 738 1129 474 133 299 1076 1664
775 1698 969 830 1225 310 136 1375 451 1186 393 29 955 1604 1393
1309 1388 292 1123 1649 1557 1136 1286 1404 356 1190 747 994 1230 662
766 1373 516 1106 906 1004 653 1234 453 1218 590 1387 635 246 905
1137 428 214 723 542 1287 1298 806 1508 489 660 1164 832 673 1128
819 1161 144 538 500 1380 1559 616 233 312 242 1410 1545 214 1440
1536 836 1824 1352 260 39 155 1411 523 45 974 1142 324 161 1126
704 579 259 1442 1570 1654 1734 1406 219 1474 832 1333 122 1495 176
993 529 406 543 1233 1443 182 1819 203 940 612 1109 1350 1006 1462
1749 159 927 1389 1248 859 1186 618 959 964 1798 1144 1813 922 1659
1542 205 1749 1349 1015 1632 265 923 230 1116 631 1472 1183 714 393
775 1124 1749 92 21 1808 1277 1178 1446 1709 815 1402 668 295 477
1397 568 622 1676 433 1362 144 715 1418 1381 591 1823 1466 78 1413
1747 741 1687 39 228 1804 181 1000 1663 945 798 1649 1547 649 1230
1317 1286 1812 314 218 933 350 1280 1213 1547 1310 423 467 742 1212
626 360 1537 334 290 530 343 1564 543 1371 1278 249 1447 233 1498
1482 1561 753 1286 1675 1142 647 564 187 758 994 664 1818 1569 1311
1219 41 1176 680 1654 395 677 344 409 1764 736 623 692 910 196
122 551 126 1822 438 1014 665 1020 413 254 672 879 847 1728 1567
1813 999 1032 796 141 1723 955 577 1752 332 365 912 1601 601 1131
1298 801 1529 1635 1530 1795 1086 1157 1620 449 298 920 973 720 1054
1390 585 1194 1624 1159 1099 1744 1664 538 1241 791 943 759 1373 639
1487 1077 1388 993 1085 1479 1507 1104 474 1804 898 102 1081 411 1282
347 191 204 845 1133 145 427 659 1811 951 883 1756 585 1666 696
661 1276 82 955 1098 1704 862 157 1337 138 690 92 1330 184 1715
599 936 580 1070 1131 1011 1288 763 86 28 317 1742 1220 265 897
1618 1374 366 224 1423 1297 495 310 134 52 1676 924 165 1800 1679
555 348 737 438 262 263 126 880 1126 724 845 1256 991 355 471
263 871 92 1081 1398 229 1180 1583 148 269 1221 1619 1232 1479 573
1561 98 258 789 583 390 1009 533 146 1741 1028 325 1458 1334 646
1016 195 1628 1794 1595 182 681 1817 1396 646 1129 1761 1380 513 591
464 885 798 1247 573 1597 1416 1410 200 1512 137 501 1178 40 604
1487 948 1695 1476 92 1816 1607 1577 1709 1588 800 91 254 704 386
274 221 1675 1129 68 290 1121 619 970 1460 406 1664 1470 37 654
572 1573 575 1136 1579 1398 340 946 970 896 955 683 1143 1342 1127
223 1760 995 848 717 194 1438 1351 550 1563 91 849 1763 1330 1156
1291 1245 1673 588 1519 925 621 197 827 254 237 291 220 1018 23
1479 610 1117 1621 1265 1771 976 132 363 611 1773 791 447 1110 1071
10000000 10000000 10000000 10000000 10000000 10000000 10000000 10000000 10000000 10000000 10000000 10000000 10000000 10000000 10000000
865 1412 979 851 546 194 1543 1763 130 546 1424 617 871 598 1596
1023 1472 1722 1760 395 1662 58 1556 1575 497 1491 1209 1292 516 1339
1467 1700 1135 948 1135 653 522 310 1538 1262 235 1332 73 220 158
169 306 1073 1577 1014 1258 445 134 1617 644 74 608 1391 930 1366
1024 59 1146 717 1306 182 1412 1137 1319 1090 414 886 1526 642 1388
1583 899 708 360 1094 464 466 1135 1564 854 1657 831 736 59 1009
1672 578 645 1771 1478 1270 1227 710 606 1453 645 1798 676 611 1092
1337 255 1475 1343 478 1742 29 541 1030 1804 385 798 165 1067 1482
1800 1707 713 923 839 1793 1291 1070 382 206 1454 1085 1619 162 828
418 147 332 1213 804 421 555 1194 1368 1150 290 324 1140 1714 1317
523 904 1400 1580 588 1355 963 605 469 1031 956 693 36 1384 1552
1285 1119 250 1062 901 1655 935 1212 1256 937 55 1181 582 1126 1577
1290 994 384 792 769 422 387 1131 60 1195 877 182 1661 1408 863
1218 394 379 339 1055 1492 943 1472 1133 1204 1711 1061 942 307 265
1492 487 1663 1044 310 444 1566 1057 173 796 178 1685 114 1067 65
1314 1149 1327 1026 464 1789 860 1457 255 1347 913 421 653 593 183
1044 901 1518 412 413 1268 1555 1436 1077 1365 715 257 1242 1832 1141
1563 611 599 897 408 1802 1783 1195 1131 1447 213 1372 1725 1021 458
765 76 885 346 177 221 267 755 933 1297 1010 89 554 1508 1197
935 1343 337 351 745 1795 160 1426 1068 172 1286 777 1261 394 680
1201 366 420 1714 1185 185 623 1013 1560 1532 103 1685 395 1289 1477
1456 438 180 394 1025 1435 673 920 1285 1339 1342 1253 1030 231 905
721 1580 142 859 536 871 1041 457 837 1496 715 991 1636 1287 386
1457 1536 1550 309 366 798 691 1455 1459 27 1349 241 1168 1431 976
294 183 1623 123 843 137 1639 138 913 1809 72 1552 1175 1475 1315
1411 1695 1108 259 944 226 1818 1204 1251 1039 1145 334 899 387 900
1106 122 1808 1343 1604 676 890 1833 404 1382 1726 1362 520 1660 1459
94 427 88 1110 1587 862 574 1741 591 1335 1525 787 1744 411 1580
848 921 1528 378 236 485 1498 1446 256 1631 1121 123 876 1362 1056
132 1075 117 423 453 937 86 1402 538 674 514 69 1044 1403 1012
279 760 1260 36 206 1487 1476 1182 226 633 77 631 753 750 1067
56 290 470 768 1053 99 747 1559 1677 436 465 841 1657 68 28
918 1287 827 503 1411 1585 1595 1385 87 1716 1323 1751 1066 333 1226
1673 249 1397 1786 201 1012 893 1089 196 417 1206 468 637 1629 581
751 52 1727 734 1372 1116 1352 1109 1400 1765 1071 1826 814 1300 1190
814 364 996 1066 911 1488 132 1536 83 610 298 971 667 1258 1029
1657 856 1020 1641 952 813 612 1101 449 1082 862 1443 842 1318 1486
1587 1254 57 46 1000 1146 208 1597 907 1559 332 202 1601 1505 121
742 1351 619 805 1312 220 1675 1027 117 395 531 1520 1139 1471 1765
1490 414 428 632 236 1518 898 383 893 1133 1658 362 1431 1209 716
1698 265 1586 1769 394 1301 1655 357 1670 594 742 957 1380 602 128
693 1776 1148 172 432 1481 1514 221 373 1388 758 321 1825 704 544
693 340 65 711 1337 1433 1053 1529 1330 30 1699 1812 152 329 1648
1373 547 459 845 1045 585 1444 1563 447 679 1581 1103 928 1036 1742
1539 327 316 1236 1725 1645 494 1487 232 101 461 1389 126 794 1035
1177 1222 1185 279 380 1020 399 1473 788 216 467 1556 948 465 680
1414 1138 963 1138 444 1200 1205 393 1553 335 1231 41 1187 1070 814
1680 217 1304 1308 61 543 1400 1067 648 35 1780 1216 157 1702 448
1716 340 456 124 1312 1041 849 1387 1196 1273 1537 1419 1164 687 1146
343 447 1322 1627 1712 1267 41 85 1245 182 35 1786 913 287 427
890 1790 1078 702 98 1512 74 324 515 1603 1766 1257 455 246 281
1704 1201 1164 1319 1342 984 78 1344 1533 1415 231 412 1597 809 246
10000000 10000000 10000000 10000000 10000000 10000000 10000000 10000000 10000000 10000000 10000000 10000000 10000000 10000000 10000000
825 722 1348 959 859 1180 1755 352 1162 1445 918 328 1109 977 925
186 1433 1699 1210 190 856 782 734 565 1726 692 138 864 1223 1486
1483 1686 182 757 1685 1769 258 1159 1823 1257 843 833 580 1330 1703
1151 42 720 844 998 789 1046 1281 1559 846 1289 1591 1112 816 483
77 1032 836 740 1823 844 938 789 431 1332 1117 1353 1036 500 1096
478 1410 1697 1269 830 1614 1135 745 538 117 507 108 54 1226 157
1010 1369 794 390 322 1336 1524 488 311 829 1766 1810 1741 1306 362
307 771 932 699 1138 1283 1773 272 1784 591 1742 496 1395 804 166
381 1757 426 1730 534 1501 544 869 842 1507 423 1037 952 1832 1166
925 1286 910 940 169 813 1446 172 1547 262 1494 990 201 730 822
638 424 38 1721 1414 656 401 1242 635 999 232 1155 1095 1326 1011
728 1581 547 106 620 487 1268 1039 688 465 438 1255 770 1207 241
279 1005 1598 1329 1389 773 64 1322 477 1610 973 24 1781 1444 1682
1554 1499 740 789 1809 542 699 1198 708 123 1365 885 1228 554 1365
141 1260 266 1332 677 1239 126 219 536 520 363 1382 1551 1289 587
480 1166 267 890 1772 60 774 901 527 1557 575 555 875 660 247
554 778 1586 69 948 343 681 1657 1790 660 1589 1726 270 702 698
502 44 560 1167 1238 320 576 621 1305 666 1608 632 1472 422 131
1621 818 411 1582 1613 918 1191 772 505 1687 1302 497 1581 1687 440
627 218 1225 997 841 1783 965 318 815 1499 776 118 479 103 1542
1688 372 563 1418 205 118 638 1626 989 285 1244 428 1243 1151 592
1718 1704 436 292 1329 1787 1334 679 1666 182 39 1242 1156 699 626
1812 363 1611 820 1685 1692 22 833 875 985 1272 410 1048 1483 1662
669 436 286 354 1783 668 518 1531 179 1048 824 981 1604 172 1405
1415 291 1334 1639 75 852 764 1706 803 704 300 1061 1727 493 1487
1456 984 1182 1264 1198 1084 1446 1596 292 799 104 1670 74 688 253
757 1136 698 1222 1270 1336 1465 800 912 796 461 849 677 187 1031
1178 1514 1353 1827 849 1773 1288 1646 1260 1641 406 1247 225 1112 1804
326 1314 29 554 318 1735 1537 1147 1089 1246 1570 1182 701 568 1577
530 1568 711 214 1004 1480 1300 528 47 919 189 788 1330 1396 1252
676 356 1694 1042 180 1078 1252 495 24 488 749 696 1763 974 1341
108 661 414 815 181 1320 1167 968 247 586 1268 551 630 1587 1455
362 981 406 929 53 927 86 1318 1496 277 1421 1188 228 568 1023
847 1641 45 1148 496 62 884 363 183 641 558 798 970 234 544
722 231 50 1167 117 1067 1139 29 123 1078 1401 1817 1058 1444 823
222 226 1674 34 261 338 1078 1556 223 1092 1148 606 555 1081 398
1059 1446 1535 1648 1418 54 109 72 378 776 211 699 293 195 415
362 959 340 1216 1597 1334 1058 553 1575 1450 274 1427 532 167 994
1789 441 1036 1263 216 470 1127 1102 1701 155 1539 1448 872 578 1765
1565 771 1706 998 1762 1447 489 1624 726 1271 1651 1628 205 1700 792
1587 1370 339 510 615 323 1661 139 1191 698 278 1665 1280 590 837
540 964 1703 276 186 1150 409 1107 951 319 540 1490 1684 1250 820
725 1457 25 1489 240 1513 1770 133 664 1249 1096 1676 353 1648 974
727 1329 1407 940 476 595 627 1107 1239 1527 130 112 548 1350 844
752 1544 974 62 805 593 826 1653 127 1538 743 1690 1131 1484 1535
1458 901 898 437 791 1432 1623 850 887 551 791 231 582 388 594
1381 1778 905 1395 244 720 487 1586 1441 1704 204 1595 690 1803 1276
1438 1307 182 1261 1703 519 1125 930 82 1553 689 320 714 1416 580
1067 1485 683 906 1332 1566 780 57 1643 320 1802 1178 320 754 159
1228 1211 1122 1122 339 1110 1452 605 107 1465 1662 624 934 134 1487
390 228 230 1508 611 455 79 1569 1242 896 921 462 289 718 1066
321 1629 540 290 650 1525 1772 1147 1582 578 244 403 534 350 783
10000000 10000000 10000000 10000000 10000000 10000000 10000000 10000000 10000000 10000000 10000000 10000000 10000000 10000000 10000000
916 769 759 252 729 658 227 1408 1307 1181 971 42 1807 483 1429
1263 1198 1082 456 1204 882 828 1029 755 611 706 378 166 243 1004
992 867 1260 214 673 157 879 1588 1092 844 1683 1382 94 381 112
414 582 931 1426 668 421 173 964 1648 1816 964 102 1718 1282 176
369 151 910 411 1811 70 1332 1205 375 1769 1800 1581 51 1513 1347
1526 799 1294 260 1012 455 1817 622 736 299 1079 515 1019 601 1748
483 350 1731 443 221 1689 1804 300 320 153 181 1229 1377 973 881
974 177 601 1484 750 53 1280 400 726 1123 898 1429 1266 1787 1608
1342 819 240 1229 1258 835 1616 880 643 45 492 1584 499 1039 211
1019 50 537 68 265 1283 369 1584 1763 1760 1070 472 163 1093 133
1521 1183 1207 1820 1723 1495 1353 786 1329 173 1595 1808 714 292 201
1643 98 1427 1619 166 869 1796 1445 91 1809 1355 328 651 401 1214
966 948 1478 125 512 817 1287 1517 423 49 1656 1349 1263 1099 1432
370 1498 1799 1608 1341 1520 1107 1816 1546 1459 431 380 223 1724 1303
975 1804 1770 185 869 1245 1113 40 505 147 1580 1362 790 1776 1748
1633 526 1454 903 1098 389 169 1618 471 1283 1391 1759 1437 39 645
1139 445 289 535 1720 1142 1682 169 1478 1681 736 917 1148 897 632
254 439 1210 1566 1702 1076 864 610 361 1078 1644 531 672 870 945
1287 561 1651 174 64 553 143 82 626 1787 474 618 570 1708 893
1728 805 1577 1113 403 510 298 504 694 966 561 368 1286 694 542
599 1213 593 1038 499 31 129 655 969 455 693 992 1335 858 1693
948 195 1573 1225 1711 861 1608 1703 1081 621 1774 674 1400 1307 740
1011 833 1034 1189 905 693 1474 337 1174 1735 744 418 708 461 1772
769 718 199 1183 1298 1185 1245 259 36 501 984 1167 1109 993 1642
1738 1251 1340 1512 1445 1826 78 723 1588 1010 1162 1489 774 1658 546
537 296 1000 423 26 1068 1828 839 1828 1665 1261 99 181 1720 1480
774 1206 490 722 1132 1079 1646 1634 406 725 550 683 1348 471 834
1238 1773 939 1155 1438 1620 722 157 156 1413 189 803 919 1201 1584
1765 961 482 311 363 57 1300 1187 616 1764 842 50 1581 1744 827
1394 512 1571 596 1720 810 287 1121 770 778 638 1628 1163 565 1103
1258 1685 1189 1195 985 870 597 658 313 1624 1551 471 426 1119 1450
904 1757 208 1035 1269 1312 1031 907 386 1122 724 1064 356 648 1206
1015 546 156 306 1194 1175 1385 777 545 332 1163 299 275 1282 1555
255 1555 61 646 438 76 1134 1007 1311 164 67 820 1353 770 617
93 666 798 945 229 1329 1553 1236 192 206 1132 958 75 843 1023
1740 37 1579 1395 1704 187 1431 1462 1537 448 739 1259 751 231 1083
1017 831 1084 1620 1459 24 596 1229 1382 722 133 460 562 190 27
799 561 817 1728 613 294 76 1315 1629 910 577 252 173 1205 1334
1392 620 976 974 541 1083 1605 211 500 1261 845 626 1161 229 584
925 121 1110 131 1119 1094 658 810 1290 1360 887 1556 1187 1752 1117
624 1718 959 1552 178 820 263 1491 427 913 1722 548 1009 125 1210
790 1608 1720 1409 1556 1077 289 185 231 1479 594 526 1241 1677 783
1665 1697 429 792 1288 1582 543 1474 1489 1423 1118 1051 536 496 857
94 990 1475 216 100 1674 719 464 851 707 1151 1320 1009 1143 1584
201 1460 386 132 1736 1241 1196 632 1752 1153 212 226 242 65 404
593 451 353 1355 1083 1550 1565 445 1575 93 1535 895 183 800 1135
318 1288 1388 612 1744 1065 1363 1648 1788 132 1328 1552 148 389 109
1633 587 363 611 1482 1599 464 756 168 1597 192 520 1465 322 705
362 1815 550 625 894 1190 1041 490 723 897 1618 395 251 1751 1193
301 1237 1485 728 802 1688 989 641 882 275 502 1735 269 305 636
1253 772 1728 1314 1669 98 1383 662 38 716 1587 1174 1700 1453 1101
1258 1826 853 1349 1275 754 1556 873 467 1547 1682 22 1050 1825 1432
10000000 10000000 10000000 10000000 10000000 10000000 10000000 10000000 10000000 10000000 10000000 10000000 10000000 10000000 10000000
1427 1042 327 678 1190 335 706 708 1419 1399 192 444 1319 1013 89
493 233 1677 717 1280 1779 1178 978 527 94 1712 622 261 676 933
534 198 1244 1375 1688 722 628 1666 90 725 203 1178 1604 1098 1683
1811 1121 73 391 1044 1179 1476 824 260 674 833 1004 1262 1060 189
880 1126 1255 1439 985 793 1165 590 373 186 262 1032 1206 1415 1783
92 134 1621 762 686 622 852 1313 302 1734 546 981 1505 638 375
1486 337 222 1833 1295 812 1088 1192 1647 1751 1671 733 1110 1422 1193
365 703 857 303 1023 1147 822 291 196 1752 426 166 740 1058 1100
75 1668 1225 495 674 1298 541 279 277 802 848 81 1016 800 809
1285 1186 1450 1096 395 302 49 1552 655 1816 794 978 1436 752 771
1360 429 1796 537 76 1111 1208 1467 73 1767 786 474 1776 1465 1276
1272 635 1692 904 1106 183 539 1415 1560 671 896 1192 231 1725 582
130 1286 53 1133 901 628 247 931 1630 108 1162 1340 1595 1171 638
159 689 796 690 754 744 335 998 1744 228 887 249 1405 334 1431
1725 1623 1152 1575 1403 1560 1017 271 99 703 258 699 255 1349 485
322 972 1125 586 456 673 1408 211 1203 1777 783 1299 1394 1664 1641
510 942 1165 536 696 1595 1829 1012 1642 1798 474 1745 1440 810 1129
625 1742 1496 323 376 1554 722 234 193 1123 339 334 969 1053 780
760 252 611 1111 1609 646 1040 1653 178 1012 159 39 689 1079 1601
279 1695 1641 985 1311 486 1258 1670 1360 216 506 1249 830 63 854
60 917 323 507 847 340 250 1575 27 567 1797 951 1403 1119 1535
154 824 1359 65 1275 964 1238 922 962 1349 711 435 961 848 771
316 1110 96 1464 1805 960 1787 1063 1120 547 1225 466 554 697 612
1258 1233 1285 971 818 1239 938 1705 1600 770 1623 55 1698 945 1507
1673 913 860 927 733 361 1187 1199 1634 405 1304 1773 807 222 299
853 736 535 1574 356 1557 1758 698 1027 1039 1598 1013 590 1822 25
1111 1444 1798 1176 348 1527 1798 416 566 1280 633 920 1810 1165 914
1578 1701 817 1539 569 668 1712 1248 253 753 710 252 1245 1369 82
657 1717 556 1747 1103 1515 1100 1807 1297 328 966 58 824 474 1718
209 1032 370 1106 306 828 1401 1542 252 606 635 644 427 1254 92
1178 236 1532 523 1706 354 749 159 149 1454 1421 1510 460 1211 1178
338 804 398 50 758 1754 359 127 1157 1451 1306 1674 670 797 782
656 1494 195 858 1738 926 637 881 709 893 1764 1128 462 1807 1801
227 869 544 793 812 1808 464 366 808 219 494 1512 1060 1479 889
415 781 478 769 171 1110 1602 1025 1142 558 1114 1438 1489 1352 900
39 220 1099 315 77 908 610 1019 783 716 869 1175 1627 1552 554
405 847 1128 1427 74 369 1120 1481 1553 875 343 1495 282 1215 1733
548 62 406 899 352 1177 881 596 66 607 784 1569 1014 1663 1019
241 1715 422 1820 219 415 892 457 1677 369 448 1797 1562 718 1378
1532 1264 571 306 306 193 1006 458 807 50 705 285 1761 275 306
1209 234 1130 62 1341 948 919 764 982 1620 606 1071 441 72 1392
844 349 735 1234 1761 248 52 55 1245 603 1742 1114 271 1401 1222
823 867 1207 1655 651 949 29 1530 865 27 1629 739 1674 1641 490
1712 622 919 1373 1035 1071 700 409 1152 506 956 781 423 139 43
373 962 1634 164 1270 852 1802 781 1205 1763 1309 814 924 720 610
822 328 265 1005 249 1766 1737 42 314 1349 922 1775 1089 1819 1592
690 886 230 394 386 779 1806 814 714 1432 1585 544 1363 1470 1198
1626 851 803 432 1516 1019 833 1680 265 1614 1411 1210 1671 726 199
258 390 1730 1732 193 1093 1035 451 234 1023 968 1162 1393 306 911
1676 597 1568 668 1299 1334 391 601 163 795 1304 1221 891 1726 1824
1815 1107 467 1563 1308 839 564 1147 148 689 225 622 908 566 1353
728 58 1107 507 1489 1524 665 34 774 663 1266 181 360 1773 1574
10000000 10000000 10000000 10000000 10000000 10000000 10000000 10000000 10000000 10000000 10000000 10000000 10000000 10000000 10000000
1261 711 588 1300 356 799 1508 672 668 1235 627 1405 983 1666 1029
513 724 464 1813 411 1711 214 455 952 1738 1316 558 1172 344 604
1635 1106 682 955 153 28 659 1373 1450 1213 49 140 1456 1478 991
707 996 1758 1489 1254 908 1730 1400 642 1229 1252 497 1262 538 83
1653 279 263 1671 449 745 1433 66 231 960 145 1110 657 94 1178
1274 1486 687 1057 90 1491 1536 1126 654 1023 1383 1065 1175 1054 1279
1826 1708 1154 468 164 1128 1687 1199 354 1734 1781 990 1421 80 683
61 713 1284 715 1086 160 929 610 1741 634 1650 1002 1424 1683 1459
1221 1386 1779 1724 1157 30 50 770 1280 541 485 583 1406 1248 842
259 1346 1228 702 614 1022 162 626 786 1399 505 1478 1472 762 1547
1205 993 1728 1091 402 474 1324 1305 1258 795 1823 272 1221 427 530
1356 1774 1079 146 656 964 393 680 1232 1462 43 263 854 794 1367
431 1604 1279 986 1720 355 241 829 690 604 1217 1037 299 1406 1428
456 1276 954 404 654 1387 1175 1621 941 852 1471 544 196 1529 1537
388 409 1747 1448 1639 190 1105 1518 366 1358 483 712 1530 924 1830
1081 1770 1501 1682 243 524 153 831 543 86 948 841 1590 1165 914
850 1355 1067 1445 106 1030 623 1340 1699 68 262 85 732 135 38
1773 695 548 102 519 1654 937 1164 253 1267 406 53 247 1693 1282
261 1461 1175 1248 64 471 1527 522 325 1456 552 265 347 1254 1591
1066 523 798 1594 345 1429 1382 1006 566 640 1486 1507 781 936 1186
950 531 507 1335 1270 813 1120 1137 228 602 1440 1663 1540 1521 488
708 40 1722 691 1132 638 52 1557 549 1022 1360 974 1458 1820 1568
1692 1585 1001 771 1542 1534 1285 180 1028 1459 857 22 1792 1425 1532
786 172 950 329 1469 322 818 1523 1751 354 707 1447 156 260 1488
1194 728 980 898 1760 1796 1366 983 1044 1366 313 1066 152 1227 701
265 1562 1755 538 331 213 1049 443 1359 1069 555 1593 413 111 1015
247 1403 312 1461 877 1301 1749 1444 1381 1461 1466 482 1580 1248 100
157 319 1735 1325 228 1296 683 864 1528 1313 1699 1247 929 1812 1201
1341 194 461 1350 927 285 1097 730 268 1254 65 342 1304 974 507
897 1333 1197 1471 645 900 387 387 593 1398 1025 356 269 1028 435
294 964 458 515 144 164 494 1275 505 987 798 398 975 842 820
1776 1640 442 1583 1525 98 720 214 1779 1069 1514 592 794 1395 1061
162 231 1574 323 820 1720 431 1200 1158 1229 1828 550 447 1386 947
575 67 504 1754 1440 1692 157 1544 1567 646 566 1473 1207 821 722
1391 417 1719 1123 156 469 1395 60 1396 184 439 138 1437 981 109
1268 634 1011 1750 1585 847 1222 768 1111 1341 506 682 42 322 372
1236 1702 817 120 457 29 806 1389 817 1791 756 37 1157 924 1388
1579 346 1788 1791 102 1755 91 1361 669 1344 825 170 1487 1702 590
130 1764 1084 1184 1553 146 1578 39 779 1585 340 100 1585 228 561
1230 1085 219 744 1761 1364 1562 1073 1230 1231 1194 1335 363 1738 850
973 294 1429 577 1299 57 683 1792 1530 1464 1627 385 1450 1620 1370
685 447 1096 1443 1765 1510 639 562 939 1833 647 628 486 84 599
421 214 970 167 1636 742 701 506 499 322 809 174 1278 1433 1410
456 576 1443 1448 580 42 291 1390 763 185 1099 1459 773 1623 1616
1380 1439 1559 204 1477 1626 358 71 696 1001 939 492 1687 338 1130
1627 1468 1122 1617 932 1766 282 1830 354 954 601 1411 135 223 1726
1659 226 522 557 439 541 288 911 1044 21 210 377 356 1268 526
1465 837 1595 431 635 480 1508 1775 306 976 219 1546 813 1025 1431
1697 188 625 1565 1833 356 1028 856 1662 1637 1023 1675 1423 1601 147
1575 668 1053 1665 128 972 1655 1322 1190 1091 1012 957 670 1734 1706
672 1026 705 964 348 737 1732 534 1338 592 310 1637 436 694 497
51 894 1296 1562 89 1252 417 1679 121 613 819 1621 1019 1293 644
10000000 10000000 10000000 10000000 10000000 10000000 10000000 10000000 10000000 10000000 10000000 10000000 10000000 10000000 10000000
425 1134 862 1574 548 1252 983 57 1668 1175 1062 289 546 591 172
482 314 1232 159 1485 1729 646 1374 1382 722 1314 966 1704 1306 75
1688 758 1212 95 586 445 1061 288 1029 496 560 1700 163 1745 808
613 91 461 196 1363 502 1350 1488 1710 1395 978 167 563 1697 989
612 711 1163 47 1563 1607 1710 174 1074 813 1292 1332 555 554 1344
222 407 717 1067 485 889 1063 119 1393 292 1684 1445 483 779 294
576 1052 1276 1173 1209 177 587 1558 1707 537 256 1396 643 1524 418
839 114 1817 443 1287 1821 1807 658 1076 1541 789 1028 281 1486 429
1590 548 1013 519 792 250 1444 1658 1132 1161 971 559 681 47 485
175 170 1602 1246 1161 884 556 472 1342 254 1812 1567 1466 210 513
559 713 1400 1754 500 1726 1728 1667 763 471 1096 452 36 487 213
935 835 781 451 1623 1256 269 384 1578 1306 77 1631 1798 938 941
1541 820 689 973 485 574 640 228 226 966 573 1576 1406 1590 1050
107 392 857 298 1513 378 918 578 236 1010 380 1301 1773 425 1278
970 213 1496 972 1228 1662 1055 1050 1393 431 906 1277 1554 115 237
163 275 37 1403 134 1614 139 1122 1679 1525 575 1340 500 1798 639
414 890 163 1665 1603 376 317 1004 751 268 1430 1391 324 597 731
500 1046 622 370 688 897 995 1281 1138 555 1547 893 1526 537 1472
164 1470 823 1459 1557 1478 1143 1487 1051 920 951 1578 952 1809 1808
103 937 1021 1053 1483 544 384 542 771 588 1631 701 565 429 852
1023 329 220 193 946 720 482 1790 1137 1698 1659 736 1792 1639 1794
572 1027 386 1456 611 1507 893 191 911 1069 1267 43 464 841 603
328 1072 1376 1201 151 802 525 1069 222 560 974 592 1037 1005 483
1046 1177 1504 383 952 737 1319 383 1237 35 915 1443 1708 1789 260
788 1455 1227 452 1435 548 667 1273 107 1739 1567 1112 539 146 1800
517 801 324 1091 1361 1703 804 920 1330 540 1521 1180 1683 125 1564
1659 1210 505 1412 361 586 297 161 1544 795 704 1336 1384 632 186
1117 775 1320 1677 793 1353 1332 1740 1731 377 458 616 1451 342 216
361 736 1611 503 1704 1305 110 702 823 1063 728 1763 1609 237 1674
912 444 1061 1790 1287 1317 175 1636 171 236 1757 523 1207 1541 1579
1568 1688 187 441 334 1338 1445 957 550 1469 528 796 1781 440 374
385 1703 1770 849 1497 740 455 997 1324 418 272 817 84 324 1124
1718 1679 1618 1654 394 1049 271 714 761 1480 1421 979 101 1386 989
104 545 1549 934 1264 905 214 1615 980 1830 1506 1508 1723 1218 987
647 1761 1701 1704 1544 1358 317 313 1558 1234 793 1528 489 33 1583
269 1492 604 385 1706 879 1596 853 409 1457 1006 1565 133 1813 534
664 50 417 1731 1736 1156 1354 861 1650 757 393 885 1229 1082 47
615 1467 343 480 987 117 1713 1052 212 1385 473 852 1140 851 1255
1066 99 1248 1760 473 1312 832 808 1788 666 1384 1123 914 1059 370
1004 1407 1712 55 704 1317 56 1469 319 1625 1534 1400 1341 1441 794
792 1745 658 966 158 933 796 1200 1513 26 393 776 1629 1220 1049
437 1794 1757 318 1362 1509 920 1064 1245 418 1188 1737 228 165 1293
607 1781 30 388 73 204 400 276 1310 264 885 698 1411 1353 1525
1769 439 82 1239 1665 1329 1632 403 865 1831 1720 913 1357 850 1103
1288 1247 312 1345 1510 643 1733 533 1772 275 1773 732 847 1433 28
142 271 746 452 1087 1576 1526 273 599 786 549 1289 1742 1174 953
1538 732 1321 24 667 1207 1827 966 1133 286 1699 527 1285 1362 539
372 335 753 619 1616 140 290 873 297 101 1488 677 756 710 662
1015 747 1239 1666 1742 688 813 960 1521 772 529 789 651 1368 1274
1351 1714 400 633 1444 736 242 206 1095 251 175 1315 394 354 1244
620 1585 1145 722 1151 1190 1764 1265 1242 1324 1202 895 24 795 1515
1299 1213 1271 1772 1003 1640 71 322 120 1657 1495 1019 613 496 1619
10000000 10000000 10000000 10000000 10000000 10000000 10000000 10000000 10000000 10000000 10000000 10000000 10000000 10000000 10000000
311 95 536 1081 669 211 1591 1578 303 349 1331 276 1478 1173 1260
1809 255 1426 1716 929 775 749 810 58 1340 979 734 253 40 1234
1288 1219 669 808 1305 55 499 1390 277 1198 128 1778 218 351 644
404 1589 265 1533 1105 166 329 1646 252 1197 409 1645 1808 203 544
1420 46 1640 1708 851 604 756 1432 94 963 273 366 1275 994 593
1167 1295 1518 377 1214 209 504 406 862 646 891 1665 1722 216 167
580 1665 710 290 1002 402 320 320 45 1056 943 725 1123 1342 695
264 653 788 1054 1229 344 288 1681 532 1606 270 571 637 605 1443
435 724 677 511 1178 393 1285 458 1704 497 176 195 1657 86 46
1723 1519 1380 1125 374 558 532 928 1136 1424 1585 1652 287 1798 1469
1285 941 402 364 60 580 1671 294 125 657 956 1610 1353 1286 923
52 306 1560 1421 601 1341 900 1600 454 606 680 1302 129 699 1614
165 814 565 1832 565 957 371 922 1688 1403 1696 1523 55 1589 116
269 491 578 1760 1253 1239 925 1776 710 797 953 521 1513 251 403
1389 354 755 1168 853 1027 792 678 1616 1615 1495 1039 1130 1075 1255
1259 1210 429 1007 660 1358 1060 585 1019 1047 1699 1200 45 658 1575
1018 1468 740 387 220 1347 260 960 294 1269 1019 1495 615 1149 1813
684 481 200 611 1142 1338 818 1037 756 911 138 1653 1810 1275 1024
659 1298 176 1378 425 547 404 350 1563 37 466 450 506 189 872
204 1170 722 1717 1388 325 1451 1478 1142 1598 680 1781 629 545 527
46 1628 1638 782 263 1173 456 381 235 1644 198 515 521 771 26
1649 1358 1239 325 846 1119 1078 643 1297 655 177 1797 218 762 1805
1745 1651 1454 461 1449 359 1215 242 523 1746 1482 453 1350 1374 1161
152 1363 1813 569 861 835 1187 925 949 1616 300 1694 1501 1656 1188
1443 1146 1188 422 778 221 1409 162 859 340 1374 389 692 561 1306
792 971 1237 1294 1238 943 1135 869 186 142 676 195 1815 699 1724
528 1636 1511 206 1468 683 404 1695 57 1173 1674 557 1693 238 520
135 639 23 1500 984 218 203 1629 586 51 262 682 1821 1204 1255
1542 720 857 517 825 1484 672 956 731 224 291 1367 475 993 1430
168 808 273 560 1465 1455 236 917 313 728 1702 971 674 1506 1446
817 1791 365 1458 700 133 1591 1543 1331 905 1289 1441 61 267 626
578 1077 1696 967 1467 1048 120 597 1071 1450 1581 1533 1654 388 471
518 1602 1192 96 142 365 271 1237 328 217 1382 1566 1013 798 879
1778 989 1388 833 1329 1381 414 811 1595 253 686 1540 920 452 678
817 928 1415 852 631 707 1603 1340 1413 576 559 1439 1227 481 1275
1718 310 853 528 154 674 357 1385 182 926 675 418 658 139 1505
812 1394 193 623 382 1514 1493 746 740 1186 648 1767 1637 1230 1052
1075 1574 447 892 52 970 1814 1239 1632 1427 401 1494 1825 528 1070
1420 457 287 1640 1614 195 287 1536 1419 873 616 108 817 120 668
1401 37 1319 1216 474 1813 815 1319 1126 1092 1058 951 1726 743 1804
1145 409 1589 551 1109 1001 393 340 1553 1189 1462 1070 1708 1202 1150
182 1669 339 125 1331 1291 767 1622 1820 254 501 1298 750 1179 1826
860 695 154 1519 87 1049 1753 1426 1316 617 689 1823 1680 740 1518
1641 1132 1470 1466 1396 1036 1379 976 1117 1350 1713 1477 398 438 1039
179 1613 1377 934 1614 1277 412 1068 581 208 1141 828 1221 467 542
1732 491 1253 1075 1814 983 1717 1601 904 80 1433 601 1522 1130 1398
456 1225 1672 537 1270 1058 445 1706 101 766 629 1771 97 1784 1700
1029 228 459 1086 1278 820 674 1483 1673 1817 1587 1029 620 94 1496
1515 1808 1461 1066 1698 707 41 1747 852 1530 393 929 1276 1379 557
982 905 308 1334 1516 528 282 964 47 718 1273 1138 867 1772 1796
230 217 1040 300 997 258 442 1641 778 451 662 1444 1257 1700 1032
772 1173 1206 535 487 464 1763 100 1743 328 364 635 839 227 25
10000000 10000000 10000000 10000000 10000000 10000000 10000000 10000000 10000000 10000000 10000000 10000000 10000000 10000000 10000000
1740 1652 1671 136 620 792 1084 390 541 200 800 1159 348 848 1089
508 1347 1436 1675 1653 1769 343 197 1740 1797 308 728 1825 451 890
496 901 239 476 479 645 1048 301 1509 728 83 955 1433 535 868
232 1248 1674 646 856 196 1712 1746 972 515 1651 349 888 992 1156
1787 213 446 47 1211 367 372 541 476 1095 497 1207 1686 1263 417
1353 1473 1324 401 1175 509 57 188 898 968 1112 367 1436 237 1255
1309 782 1338 484 993 318 84 1254 556 631 894 1351 1090 407 531
216 1744 1238 1603 1721 1605 882 1822 1652 1527 481 1652 1809 718 1711
1583 1196 425 716 1723 555 1638 1075 308 1830 45 663 56 294 1685
1715 1284 1608 245 1057 1112 1686 1590 448 859 1429 438 864 1463 1721
613 613 289 1707 1821 305 1376 329 1016 1747 637 1426 686 784 949
914 584 572 361 603 1196 121 1666 295 536 1639 1497 537 935 87
1397 280 1079 316 665 1566 408 1553 87 360 1518 657 709 1078 398
151 784 475 1756 791 1144 1553 883 731 1240 608 808 930 816 1387
1732 375 91 976 1066 1083 376 443 693 1400 644 95 210 741 203
875 1250 1831 1001 1508 705 1715 1490 1171 140 1678 641 245 575 1017
1750 750 1089 431 624 1345 842 1354 1440 479 699 1350 624 1083 580
424 1726 1231 763 1560 786 345 388 1099 659 147 867 575 1221 1080
918 1723 466 997 1767 1156 635 250 447 1744 812 587 1222 154 980
611 399 1038 237 1456 265 1308 193 1105 1582 290 1244 1522 1279 523
487 809 1323 901 1790 1779 1266 1114 1186 900 248 328 1362 1083 842
1657 1814 1728 1690 730 994 1425 769 1692 349 362 571 1320 55 443
74 470 1345 348 877 816 407 1375 698 1649 745 1469 882 1081 1063
1139 639 1034 1752 1774 1025 357 211 1378 1736 920 1594 1702 1484 401
1436 1648 416 1584 79 244 357 433 1198 1527 294 1194 1087 1610 467
380 1141 913 1814 1383 1539 1228 817 854 444 131 1147 550 628 880
1714 650 1300 613 444 380 1689 382 354 1498 828 946 150 1487 1150
117 96 1473 1407 585 504 1268 183 328 1659 1532 608 1172 1562 1396
1423 673 435 636 607 986 872 516 1751 81 1187 723 1299 813 717
1810 1215 1442 413 149 1260 1594 1076 1344 1324 1699 829 217 685 180
1489 1524 1728 832 827 1589 517 779 498 32 228 1131 534 1367 627
1120 58 1581 1422 865 618 1154 333 1730 1577 246 1829 154 1739 1646
1488 815 1387 1577 1236 578 1255 245 854 1309 1157 1540 339 87 1186
517 175 1195 953 532 1393 1415 1728 234 1529 972 1108 637 678 296
411 519 240 433 1626 1687 1134 1803 944 493 1047 824 1667 982 1777
1047 1641 1220 545 1320 206 1626 1306 350 481 1700 1531 677 349 675
608 636 1787 633 102 790 1460 1103 465 955 372 726 32 210 1048
445 858 845 537 1521 485 1400 1243 1069 1172 1778 1273 1058 1331 306
1651 668 1732 1580 1193 1605 1214 1510 594 148 670 164 522 463 24
1638 956 1532 1042 1829 1829 254 1556 122 1038 288 1646 1443 322 772
723 1346 1584 1714 860 364 537 400 932 454 797 647 418 1716 1155
1128 1367 503 1355 585 1181 1196 37 278 844 646 929 238 78 877
629 114 1774 528 843 1374 1634 1274 1409 414 1219 1183 1154 887 1370
1559 1754 1222 767 311 785 922 716 218 1685 130 512 961 627 744
991 370 821 1019 644 1385 1221 1608 212 1688 982 1327 1599 951 1633
24 1589 31 943 89 156 1833 1578 970 1107 144 1062 431 901 328
1694 1513 719 1331 1828 128 1660 1183 1548 752 522 62 907 1437 254
212 374 771 316 1727 1517 76 405 113 38 678 254 145 1058 243
175 1214 144 525 268 135 361 905 1680 366 1711 1758 224 673 850
757 1225 919 1822 1477 157 411 1716 125 525 1056 272 603 731 754
1522 803 1820 352 444 1805 1556 1088 1189 754 1763 989 1063 1215 1729
956 927 99 371 1036 890 1822 372 506 470 1400 1626 1369 211 657
