10000000 10000000 10000000 10000000 10000000 10000000 10000000 10000000 10000000 10000000 10000000 10000000 10000000 10000000 10000000
225 27 11 76 107 71 158 54 258 150 312 187 210 264 158
279 67 42 221 266 70 205 117 267 307 166 294 221 179 104
99 251 242 315 159 231 264 315 135 170 203 205 18 283 181
279 273 24 322 259 79 229 295 309 100 304 84 83 50 181
84 126 172 223 202 97 75 243 48 185 285 317 106 110 179
16 65 65 229 293 267 148 257 100 133 104 302 260 160 87
298 168 9 55 37 246 71 210 204 220 70 173 159 31 48
201 230 314 263 287 120 301 231 238 252 229 299 289 283 203
320 241 192 169 78 18 219 66 24 273 74 69 174 206 226
135 157 153 156 312 100 262 297 200 310 256 92 34 82 93
130 235 311 37 85 260 200 267 205 102 112 44 81 285 61
142 261 50 314 83 38 66 323 217 172 112 303 268 222 254
225 97 67 74 205 145 22 237 153 148 184 23 154 185 26
176 225 35 279 19 252 216 194 300 191 307 166 256 188 16
179 184 236 27 153 59 82 202 167 260 55 304 138 147 238
19 78 287 299 79 51 160 247 123 277 134 242 261 190 192
309 208 81 319 190 309 280 169 253 287 33 170 254 74 30
257 19 150 109 111 202 141 25 9 244 214 25 84 165 130
69 310 306 8 201 304 24 160 310 271 90 147 160 276 9
239 113 266 223 18 27 155 249 269 73 184 67 54 99 243
104 183 32 68 242 39 105 248 130 270 169 282 114 163 261
27 190 270 101 75 292 238 24 62 183 49 147 203 255 152
140 190 87 289 37 236 15 163 135 264 181 256 305 24 114
308 90 152 120 66 242 126 244 20 77 252 193 161 96 323
307 314 66 73 316 259 20 54 152 22 234 281 236 84 106
306 264 74 169 254 251 246 309 25 143 166 113 95 48 203
279 120 70 136 271 216 17 192 129 111 282 256 135 280 237
91 154 231 169 65 155 254 18 134 67 106 93 223 134 242
85 272 111 43 191 190 87 170 72 155 309 211 120 304 70
79 263 268 272 264 59 15 282 133 201 14 141 46 89 51
213 124 63 186 92 222 47 129 221 116 295 53 227 240 291
57 136 169 110 150 141 70 268 11 296 162 225 212 97 165
317 254 298 190 70 37 13 88 188 239 28 231 52 58 242
253 49 25 236 157 120 272 19 88 104 77 68 297 96 182
10 69 296 268 204 17 206 96 323 231 146 39 174 98 100
119 222 270 77 184 97 321 194 152 244 273 305 292 234 102
261 255 85 47 193 292 68 114 189 190 173 243 195 162 206
15 73 266 103 176 229 234 18 11 83 102 250 298 85 66
192 58 132 144 268 195 286 136 55 81 10 17 130 318 103
311 64 199 15 242 42 266 252 166 170 295 116 104 255 208
311 9 200 248 142 246 72 316 209 75 192 287 269 252 177
174 142 225 245 117 94 293 320 216 135 150 162 79 122 141
283 196 50 122 71 190 140 153 86 177 281 96 79 253 212
234 138 80 265 238 207 10 37 290 16 69 149 29 273 108
68 231 214 47 299 264 26 230 302 152 41 56 179 288 194
97 261 311 155 191 252 292 306 94 237 147 278 258 119 179
189 271 96 167 290 177 65 284 236 166 198 170 34 34 285
145 238 250 55 219 57 32 91 298 37 72 214 75 22 163
107 78 259 160 253 220 118 53 300 38 37 91 212 90 139
20 88 91 50 315 297 283 101 58 294 60 102 48 248 269
162 72 99 229 317 267 311 66 207 179 244 246 124 252 129
189 262 251 301 249 323 22 225 225 177 19 66 255 272 239
241 273 282 300 201 162 279 94 309 180 190 8 219 314 292
280 87 122 204 55 257 297 211 65 242 196 138 164 304 228
290 166 72 208 177 56 145 159 199 242 228 289 279 157 189
10000000 10000000 10000000 10000000 10000000 10000000 10000000 10000000 10000000 10000000 10000000 10000000 10000000 10000000 10000000
315 49 300 66 78 318 11 148 137 319 215 118 217 111 116
119 320 307 110 72 10 284 71 241 233 313 281 176 20 145
218 288 126 200 154 22 258 71 78 139 25 83 40 36 123
159 179 125 311 52 88 53 201 35 81 118 279 166 146 234
187 51 43 161 225 227 137 149 154 81 288 56 84 95 275
214 92 101 190 17 82 318 52 320 233 178 81 18 103 74
16 12 21 266 135 244 103 312 22 251 73 57 127 247 81
216 320 150 187 32 255 134 92 143 97 244 69 208 201 141
170 276 317 50 216 312 55 51 281 245 189 68 28 273 239
322 278 262 84 249 33 123 202 168 191 178 189 216 269 20
45 255 36 189 273 160 191 71 200 117 91 259 146 219 61
211 54 279 145 51 224 89 147 25 183 167 21 231 268 151
135 219 191 239 187 77 201 94 69 72 16 283 244 204 254
88 257 53 230 130 105 316 321 40 283 57 307 41 96 307
11 14 271 29 174 205 189 152 132 103 78 317 313 95 9
59 65 277 156 251 23 196 139 212 178 89 151 10 260 158
302 315 262 116 262 130 160 272 54 86 113 167 185 23 177
80 262 310 173 81 285 42 142 71 137 44 63 36 287 16
175 145 76 220 257 160 42 200 111 315 169 122 81 262 199
205 41 283 267 280 194 206 233 167 160 174 139 10 88 265
88 187 165 185 146 70 286 87 198 152 175 303 98 120 162
172 294 155 281 301 149 178 295 311 27 312 169 279 171 269
126 191 270 91 220 85 140 67 125 28 109 214 241 223 152
76 186 222 72 127 201 157 274 103 61 289 222 213 147 319
90 194 180 210 178 224 200 199 204 221 16 299 102 226 18
53 47 160 225 253 270 309 230 144 223 153 240 119 14 226
248 265 235 20 284 176 54 100 78 274 265 99 153 228 19
23 265 296 19 215 278 60 108 196 227 218 34 72 223 210
160 157 217 313 281 90 101 314 42 216 166 296 160 17 123
172 156 175 264 37 111 35 47 96 67 136 222 141 293 127
49 147 87 281 197 104 190 229 178 207 133 218 316 239 6
221 180 300 244 270 79 99 29 289 236 102 93 155 67 174
164 82 311 145 130 66 151 256 215 95 12 127 283 202 127
255 37 99 114 283 151 161 244 80 43 143 177 314 285 16
235 252 233 223 140 115 246 38 58 82 10 307 118 272 125
73 253 156 90 52 88 176 256 303 136 129 26 134 302 44
248 65 263 75 263 24 243 228 111 162 8 318 99 181 100
277 302 301 26 221 306 76 85 131 69 57 285 293 148 64
59 246 139 231 169 288 227 44 296 77 317 226 47 301 77
281 80 117 280 187 56 168 25 299 316 100 38 263 36 209
65 237 23 289 55 254 235 235 101 190 242 234 223 295 172
38 267 91 67 295 182 32 186 219 297 20 53 307 124 149
211 90 72 188 109 134 119 53 144 298 130 158 83 170 50
137 18 273 75 34 319 51 137 41 146 15 120 153 180 154
296 219 127 101 286 318 272 244 175 257 185 246 71 156 167
100 106 97 131 296 42 183 107 111 158 125 126 239 319 130
10 298 312 28 32 195 69 226 104 159 255 111 236 242 283
136 219 106 272 67 126 30 17 192 201 181 294 127 103 165
274 186 172 187 289 125 205 266 308 68 238 321 270 104 62
303 212 89 235 274 206 133 72 22 148 188 209 86 15 182
40 223 241 163 147 40 297 227 104 177 37 251 109 91 280
311 251 76 110 307 179 239 303 99 64 191 31 54 259 176
197 179 163 301 271 147 212 286 168 217 239 156 135 232 235
126 186 230 275 25 99 130 202 114 285 314 86 37 86 111
226 218 288 136 28 310 71 72 320 240 79 187 249 269 224
10000000 10000000 10000000 10000000 10000000 10000000 10000000 10000000 10000000 10000000 10000000 10000000 10000000 10000000 10000000
294 185 108 253 36 97 76 15 143 323 10 43 32 47 237
119 211 307 205 21 202 208 299 312 293 52 193 35 108 8
116 267 107 313 230 256 69 184 72 263 206 227 229 120 55
204 192 59 35 24 281 264 216 65 298 10 85 127 179 195
129 220 86 162 227 205 239 167 31 104 21 291 161 117 209
31 320 175 242 92 18 65 140 43 57 28 82 143 72 216
165 285 144 32 315 15 110 120 276 19 72 115 281 286 141
293 296 218 221 279 103 279 186 51 104 209 175 156 235 125
142 33 244 140 34 207 134 98 107 178 205 176 147 223 86
122 24 226 273 38 78 193 244 143 189 290 211 38 38 84
68 124 123 230 63 305 111 45 131 48 99 38 183 82 217
228 260 167 191 148 313 154 7 114 239 271 11 287 41 254
245 280 9 97 98 117 143 144 230 50 66 97 215 210 32
108 108 118 64 242 47 108 79 229 208 235 156 58 82 252
13 163 68 153 20 74 277 139 149 39 234 76 287 200 72
30 168 312 288 234 158 265 207 114 270 105 295 277 267 158
56 197 323 142 276 195 147 282 205 267 68 53 269 56 120
255 139 70 221 165 237 87 269 192 287 116 255 138 39 65
37 76 168 247 51 136 45 166 224 209 8 250 101 79 94
316 109 157 269 133 106 222 174 103 132 172 156 262 186 207
112 308 171 320 41 39 246 154 90 288 242 89 242 253 56
135 208 51 257 191 164 228 197 15 300 216 140 126 318 142
112 292 122 282 259 158 101 155 138 193 143 267 64 77 113
134 217 34 230 214 225 262 199 288 107 278 176 266 24 60
196 228 129 316 37 132 80 127 226 58 306 214 177 130 189
159 106 197 136 201 158 323 171 69 118 259 142 213 32 157
263 262 300 223 300 100 282 277 270 180 82 254 10 119 169
218 249 296 105 214 162 113 163 136 82 53 183 124 178 135
98 283 319 188 271 312 258 179 183 59 124 322 104 198 192
66 158 287 247 278 169 74 234 18 166 306 101 148 59 36
280 123 131 14 127 240 8 154 114 92 37 87 141 222 276
177 76 158 54 148 286 266 212 100 273 204 262 228 215 53
29 229 53 37 140 201 197 46 119 244 97 171 118 65 305
15 237 197 94 63 41 134 218 314 56 201 319 53 163 233
273 230 160 224 68 269 294 157 62 247 70 109 44 282 43
106 236 252 133 105 17 76 132 92 142 107 68 60 152 121
320 250 137 222 192 98 294 127 67 155 312 165 134 253 59
299 196 276 190 60 9 113 60 61 60 151 184 197 270 212
286 285 184 248 63 164 301 120 248 140 186 77 164 96 107
138 150 309 62 201 16 136 240 144 95 122 221 212 123 233
279 242 149 264 66 151 97 298 283 63 302 215 157 10 91
167 133 116 85 76 133 107 23 219 305 220 155 89 279 98
54 194 23 59 108 80 91 247 147 320 312 273 278 106 13
290 282 208 221 126 126 121 12 101 319 232 208 230 56 129
93 76 295 24 172 187 249 15 44 158 257 60 72 227 236
293 48 196 207 29 305 42 235 85 200 60 16 58 114 277
94 133 277 267 16 268 72 92 224 117 257 186 184 128 231
220 201 280 162 318 23 177 310 102 193 26 88 85 190 257
13 126 191 19 53 187 115 17 84 83 304 283 286 248 154
277 70 194 170 44 56 233 43 125 108 24 121 36 189 43
199 102 317 108 153 309 182 166 269 129 67 232 315 160 158
29 317 61 204 172 166 296 97 126 81 20 183 221 55 55
184 154 85 172 112 70 154 295 226 92 139 38 74 312 176
27 224 117 232 263 200 218 129 281 115 72 284 29 43 285
49 13 270 20 41 323 215 210 178 236 117 66 263 166 249
10000000 10000000 10000000 10000000 10000000 10000000 10000000 10000000 10000000 10000000 10000000 10000000 10000000 10000000 10000000
36 117 69 241 9 263 139 30 6 255 16 316 19 90 71
323 134 199 163 241 162 58 39 203 217 142 22 93 97 20
271 235 220 183 8 108 203 311 294 198 219 318 164 149 302
141 146 13 248 146 240 222 313 238 292 216 34 212 230 156
263 275 266 160 300 68 30 184 323 191 176 250 231 221 258
119 51 52 287 29 24 258 67 306 218 10 131 144 117 273
154 321 73 54 41 99 39 175 28 242 234 77 66 79 102
149 35 239 145 237 232 171 43 281 59 320 263 88 27 51
206 113 21 113 238 60 220 270 194 317 59 129 201 293 104
303 80 209 81 314 92 256 18 166 302 273 229 172 70 206
97 302 155 277 184 72 161 243 295 153 151 174 91 51 294
200 254 322 272 179 106 68 234 305 319 237 74 296 46 203
221 281 198 279 292 279 40 32 40 68 304 279 202 205 301
194 48 178 235 22 61 86 315 317 103 285 178 133 139 193
300 193 262 207 90 157 81 93 162 252 311 309 280 150 134
282 294 173 259 92 129 85 160 41 152 269 149 313 251 81
292 243 114 202 225 176 300 49 276 136 162 77 73 248 221
217 319 115 34 35 58 265 108 131 267 316 45 73 50 270
64 209 63 173 18 225 128 207 272 227 220 215 196 90 37
283 168 137 141 258 44 44 9 104 116 190 158 24 147 196
203 138 154 195 54 243 270 73 229 137 146 145 113 280 78
194 63 72 18 306 173 148 74 6 150 191 210 168 77 281
117 243 155 144 299 122 151 196 55 227 224 77 278 303 291
48 312 189 314 311 85 217 28 88 11 232 308 261 149 170
13 174 246 257 78 296 174 263 261 26 39 23 188 225 322
80 35 280 45 162 129 94 233 248 311 295 286 107 8 128
115 25 169 20 264 221 155 46 202 236 108 132 162 76 253
140 10 104 106 191 265 134 51 83 216 248 203 273 213 238
188 7 266 98 34 297 231 301 286 73 170 316 148 190 66
216 107 253 63 203 29 94 149 256 271 118 130 176 97 56
58 7 255 168 119 207 109 96 279 219 78 25 6 188 241
18 156 267 235 154 230 224 154 26 309 81 207 36 170 132
104 39 213 52 27 60 306 123 159 284 127 170 267 77 287
260 237 148 286 57 35 170 321 225 89 188 243 246 147 244
252 103 46 225 202 257 95 224 198 195 115 43 140 103 155
284 120 323 229 32 180 321 42 235 102 109 50 70 306 53
289 254 75 64 313 103 54 76 311 181 94 298 112 27 130
315 282 119 162 268 258 106 178 283 214 104 139 33 81 316
255 258 276 314 111 120 225 23 146 74 9 170 129 183 47
165 55 19 245 188 48 67 212 171 40 179 45 201 38 287
162 99 255 134 133 203 250 35 117 265 179 192 196 267 244
43 9 263 248 189 145 65 158 180 143 183 23 275 213 189
72 152 14 274 255 242 140 8 277 177 66 76 168 133 169
176 133 185 145 148 31 252 175 79 162 209 182 199 260 103
244 51 132 116 208 116 229 114 84 196 289 190 70 159 117
10 112 107 150 9 280 248 86 254 202 176 107 53 204 66
84 323 74 76 116 80 184 158 258 41 295 113 52 43 287
206 271 64 69 128 282 102 117 135 196 143 208 268 54 180
74 197 256 321 46 319 229 134 322 22 95 52 85 12 160
45 283 263 212 83 72 175 179 163 215 293 151 311 150 128
238 179 100 182 150 173 146 105 243 287 31 246 279 64 118
272 189 200 186 180 214 176 230 29 193 130 261 209 233 252
154 241 116 63 214 306 279 183 195 245 201 93 263 168 60
212 188 228 218 162 112 164 155 222 148 133 11 162 119 101
302 150 25 159 223 210 171 37 112 23 263 76 203 302 39
10000000 10000000 10000000 10000000 10000000 10000000 10000000 10000000 10000000 10000000 10000000 10000000 10000000 10000000 10000000
100 198 231 161 40 239 306 54 323 7 169 155 105 123 244
33 264 270 261 276 214 167 316 30 140 165 145 323 286 24
225 110 178 66 231 261 232 101 222 205 77 92 125 102 54
241 284 38 35 319 36 31 234 164 156 108 80 296 296 155
8 158 34 54 74 12 232 182 319 262 262 242 67 192 163
82 279 28 57 41 163 59 69 175 118 167 110 78 186 15
44 82 157 197 243 88 95 226 73 312 286 21 26 128 117
316 47 245 172 181 93 117 141 319 109 178 233 68 296 157
18 201 154 118 196 68 88 232 290 155 48 270 211 285 294
224 27 172 108 193 63 134 78 150 103 69 191 48 295 71
47 60 77 34 169 11 153 7 252 246 48 217 285 146 210
141 286 274 92 67 27 92 33 56 191 167 70 95 77 191
82 82 204 151 300 288 287 176 284 232 36 134 151 250 88
308 46 166 45 206 153 64 64 142 79 207 24 72 175 40
201 270 245 35 289 238 309 265 199 310 113 208 113 186 183
21 6 292 286 176 166 205 313 239 217 243 289 7 145 39
173 103 310 229 193 315 39 31 246 298 225 61 29 93 158
102 240 213 42 186 94 41 89 43 268 6 124 8 58 21
156 307 207 174 91 162 132 52 248 240 212 275 302 174 307
52 191 164 203 220 320 238 258 219 275 66 62 194 186 280
123 216 27 160 318 215 318 88 94 155 146 79 113 49 299
88 234 46 19 248 17 13 257 298 52 198 128 110 155 287
218 245 305 304 149 157 320 237 193 158 46 202 272 249 244
129 287 92 219 58 275 30 21 52 321 286 14 296 283 310
315 65 89 261 40 151 84 136 49 124 12 60 79 39 89
7 73 81 94 276 315 263 10 150 90 239 173 224 6 203
229 316 268 237 104 14 302 47 13 240 163 151 48 124 196
220 175 54 25 258 98 263 132 44 62 114 78 128 40 247
99 103 285 105 209 91 240 186 296 287 288 11 171 137 192
65 210 242 143 205 126 172 306 58 256 83 212 22 212 40
152 274 212 160 250 9 125 323 66 83 97 257 64 138 141
57 212 174 309 167 211 237 294 298 107 223 123 191 209 97
184 123 287 81 182 154 43 306 211 28 7 277 101 213 39
195 70 159 234 264 20 134 196 293 120 245 268 126 69 302
184 295 238 234 191 57 233 28 292 146 25 159 224 56 83
43 311 96 252 263 99 28 320 205 228 63 68 67 311 105
23 29 319 32 186 212 204 21 172 136 240 82 261 61 151
114 94 99 161 87 20 291 116 65 142 270 88 176 283 201
43 68 260 21 65 25 87 202 307 50 256 114 164 243 63
279 229 59 86 202 323 124 176 99 214 228 207 139 6 150
250 311 44 119 200 221 156 300 215 279 125 159 109 317 79
66 26 305 209 24 51 131 25 48 310 129 217 214 77 78
12 275 264 54 246 202 172 255 168 315 144 225 97 95 286
319 166 302 170 22 156 267 292 190 243 156 179 113 47 47
176 115 143 251 22 13 176 90 119 61 52 294 283 25 262
95 161 318 146 58 64 136 175 21 113 234 105 14 305 116
178 321 57 222 320 11 177 19 78 166 177 155 73 267 225
102 93 307 126 50 90 238 66 170 247 246 292 227 82 295
196 257 246 219 68 52 158 34 161 170 281 315 109 237 252
141 310 77 171 297 219 291 136 230 62 114 102 208 201 21
62 176 20 255 272 264 309 15 75 178 81 169 112 123 221
292 45 90 43 30 86 205 274 98 36 149 159 70 72 50
102 225 213 121 86 89 122 127 187 248 10 198 107 253 88
46 47 198 226 72 69 138 313 273 25 230 54 17 8 42
125 305 47 290 287 50 196 174 302 212 313 313 53 56 131
10000000 10000000 10000000 10000000 10000000 10000000 10000000 10000000 10000000 10000000 10000000 10000000 10000000 10000000 10000000
185 199 71 124 148 267 289 137 93 203 296 137 252 148 258
36 186 115 15 124 318 21 17 285 61 86 92 234 130 42
122 102 188 225 196 297 203 251 227 310 61 95 313 51 179
70 152 49 229 255 17 176 301 222 10 306 71 78 116 113
18 315 198 53 91 204 118 97 8 35 295 210 296 145 178
169 181 103 197 277 214 273 316 203 309 73 265 44 44 146
190 289 229 143 141 291 176 281 133 19 320 120 57 174 86
257 133 125 210 70 198 314 314 70 240 110 308 309 106 90
91 213 56 118 265 30 119 198 233 127 261 135 256 40 93
285 175 187 202 56 121 113 192 221 196 179 320 231 138 148
148 27 16 121 102 126 81 267 55 215 283 279 256 12 169
91 301 126 222 286 171 298 31 277 34 267 226 153 195 107
220 280 136 6 96 160 170 96 117 321 117 219 189 258 216
154 290 17 73 137 159 114 276 259 85 244 128 323 294 238
6 262 261 135 165 259 36 321 261 305 76 285 71 98 177
273 50 280 124 95 19 177 160 11 255 27 268 290 278 48
25 236 154 232 149 236 253 146 12 135 113 90 283 298 283
319 90 216 227 191 194 113 236 177 218 164 299 100 52 154
106 91 90 7 150 146 68 270 297 13 310 283 192 196 217
13 192 30 31 267 306 10 209 148 322 191 23 24 226 21
106 247 313 171 134 176 286 118 102 128 304 175 104 51 73
124 62 81 191 152 158 38 181 185 28 184 305 154 29 149
64 291 271 47 317 313 76 173 99 92 150 260 191 285 207
119 136 70 319 169 250 187 245 196 87 161 276 66 126 211
309 216 228 56 111 63 62 315 211 192 319 235 87 22 40
315 21 206 280 266 207 6 11 46 128 302 282 215 67 160
79 24 275 277 223 245 76 104 245 111 238 133 111 199 229
281 255 164 243 164 41 205 135 305 100 97 82 319 91 136
173 321 208 307 128 195 243 114 136 127 133 278 309 219 16
23 128 50 234 302 83 151 273 309 312 189 317 31 175 41
151 275 47 311 258 220 209 273 74 134 28 248 122 60 228
285 253 60 298 220 59 201 77 160 255 219 72 225 237 112
229 188 177 90 46 321 117 100 169 143 111 303 220 48 290
286 201 135 239 20 156 313 102 13 268 270 55 320 145 90
72 103 138 153 126 224 214 134 226 279 50 213 311 52 27
238 208 115 120 207 270 213 279 127 93 267 154 222 215 245
156 258 291 252 52 206 310 221 144 246 311 209 127 151 101
219 99 266 152 194 108 201 206 18 54 186 294 216 156 286
163 196 21 42 185 65 243 146 91 71 247 291 273 104 247
263 141 115 310 250 45 18 262 83 295 77 220 298 318 286
198 56 133 190 123 270 11 39 300 139 98 268 24 48 96
72 137 172 166 182 180 237 108 254 208 167 177 154 208 270
221 147 163 264 161 255 208 82 152 152 44 41 230 152 93
156 122 317 98 246 308 235 17 237 67 214 57 162 115 249
77 6 28 232 17 150 95 234 207 200 114 200 131 134 209
89 112 109 44 176 321 25 283 78 128 38 118 285 187 133
190 284 93 308 248 300 179 50 126 70 64 282 239 68 150
187 115 116 36 36 237 95 237 294 207 26 222 165 315 238
285 57 301 192 47 193 34 123 197 165 263 246 271 239 127
291 241 196 128 122 248 200 242 242 124 224 9 190 48 84
150 88 143 306 58 219 290 141 100 114 65 262 244 117 208
91 90 32 86 313 176 135 148 60 56 192 211 177 283 315
123 255 194 314 223 261 322 63 165 92 62 36 94 175 63
263 180 129 232 44 246 74 205 216 227 138 207 147 66 34
91 160 181 247 150 133 297 29 81 32 83 54 132 34 65
10000000 10000000 10000000 10000000 10000000 10000000 10000000 10000000 10000000 10000000 10000000 10000000 10000000 10000000 10000000
212 317 43 8 246 48 291 33 53 305 272 262 306 101 51
196 173 162 34 285 91 74 225 69 199 236 296 114 258 153
55 162 144 46 309 193 6 200 14 140 189 315 258 229 90
250 223 240 210 300 223 154 207 292 102 151 32 17 257 35
260 317 186 322 24 17 242 277 246 231 15 39 308 79 276
161 46 141 131 82 127 242 225 30 169 139 312 191 234 291
95 181 225 54 107 259 6 159 194 106 197 105 122 302 30
110 118 208 68 82 91 47 45 166 141 122 76 201 84 190
172 251 234 159 51 299 245 134 19 96 269 323 128 35 226
281 150 225 89 281 316 274 232 258 263 323 12 267 127 12
233 166 199 113 135 212 167 106 82 174 131 27 183 93 6
204 64 270 134 306 92 66 224 33 182 269 22 11 294 79
303 135 235 293 217 214 260 119 217 299 247 244 57 126 123
127 127 187 89 42 44 171 122 200 205 202 261 184 101 134
148 196 196 62 110 210 121 95 250 40 275 112 76 14 321
225 255 172 253 119 158 25 230 111 196 201 218 51 52 123
64 316 231 22 31 106 60 178 85 200 110 288 209 100 302
127 320 190 71 294 312 187 18 205 211 226 123 156 142 197
220 307 262 88 305 310 298 6 269 302 105 242 78 223 145
151 290 160 220 252 28 142 291 133 68 140 299 142 95 119
85 230 320 166 33 159 204 74 244 9 296 20 226 301 315
139 104 243 45 226 270 154 58 305 39 228 88 33 181 66
165 266 118 42 68 189 63 103 62 292 219 312 279 284 314
19 278 238 289 147 254 112 253 290 17 201 158 285 164 303
152 233 212 44 307 282 151 253 292 23 159 22 42 252 265
71 16 78 108 318 59 303 163 287 236 309 7 306 244 216
131 315 218 323 163 186 63 263 83 75 310 235 207 107 91
56 323 280 282 247 146 106 318 149 230 320 75 156 230 171
115 229 106 298 249 113 181 67 49 46 314 253 199 134 264
82 249 230 87 74 90 79 45 266 205 276 175 300 24 304
248 149 322 282 174 282 35 230 207 246 180 151 8 153 201
116 308 9 118 230 303 178 211 108 215 248 229 119 137 145
160 273 270 148 277 290 296 319 297 249 179 291 69 175 62
137 117 304 285 272 132 32 54 253 57 286 173 28 159 270
159 210 296 188 224 35 275 104 207 59 295 219 303 88 105
222 112 119 46 22 73 305 156 204 131 54 83 264 42 211
159 268 33 185 13 14 89 121 226 305 38 296 257 244 74
18 9 256 102 298 231 131 298 7 296 25 63 235 45 152
141 118 181 282 160 32 70 206 140 273 48 246 276 102 71
112 265 20 136 266 164 125 112 253 31 50 214 249 93 45
86 137 278 21 181 192 316 273 283 40 195 84 17 36 119
55 199 315 41 217 302 176 239 273 67 285 214 72 51 230
76 165 149 227 55 200 222 285 13 37 267 135 183 278 263
45 107 228 170 42 22 175 256 23 194 304 230 298 41 155
101 67 267 321 257 112 276 62 146 44 239 316 148 277 131
84 249 103 86 25 170 67 171 99 131 185 28 33 49 214
265 51 114 235 319 274 312 55 186 305 237 254 323 187 185
227 208 54 218 141 251 169 69 320 251 270 129 197 78 296
272 11 297 219 30 281 127 9 286 143 142 115 313 179 269
118 12 200 249 26 278 314 72 207 260 285 280 66 41 287
12 10 90 142 20 289 277 190 299 225 217 257 59 186 115
107 111 127 261 93 221 228 190 241 131 281 138 83 285 298
263 200 233 299 83 320 68 88 242 190 291 247 187 303 35
54 92 157 271 51 301 212 173 130 159 140 243 114 90 30
204 290 142 194 174 52 55 62 321 103 228 310 101 125 213
10000000 10000000 10000000 10000000 10000000 10000000 10000000 10000000 10000000 10000000 10000000 10000000 10000000 10000000 10000000
46 284 87 202 128 58 250 71 218 67 129 112 226 265 177
160 114 121 164 246 255 305 201 163 59 74 110 16 279 176
282 235 295 10 181 256 182 125 250 143 204 205 188 85 69
128 111 79 131 171 78 275 209 276 172 42 318 270 187 281
300 306 191 212 291 107 89 44 15 316 217 22 266 289 244
156 48 319 250 252 150 171 211 181 45 18 45 288 120 23
229 62 95 10 243 105 50 306 122 112 105 181 80 214 6
192 61 90 89 242 261 221 246 132 119 323 320 241 11 143
294 267 262 301 176 202 86 280 180 173 238 10 97 251 272
269 54 247 44 114 32 156 25 237 239 106 108 239 149 37
247 304 227 27 50 136 312 227 231 105 284 295 311 187 293
123 106 249 128 231 315 37 49 84 291 138 294 229 108 235
298 7 305 315 162 33 317 202 168 96 226 15 187 250 75
67 213 96 97 102 173 241 237 172 162 180 37 228 304 54
238 295 128 133 97 160 154 84 115 251 309 214 301 252 223
207 176 231 193 290 168 238 225 166 55 255 80 192 251 313
80 98 267 80 275 194 71 64 201 20 50 318 176 276 77
90 6 113 167 27 214 119 77 158 28 286 238 71 276 276
111 241 74 275 37 17 256 6 111 11 106 100 97 269 150
35 21 46 62 12 153 121 166 296 284 242 187 114 115 10
61 233 251 191 301 100 178 306 228 155 198 58 284 152 187
21 7 298 66 188 170 117 106 51 165 317 94 47 21 9
47 286 142 258 205 140 47 124 212 277 138 141 255 47 41
270 207 80 194 188 131 318 140 89 174 294 264 267 137 101
198 274 238 128 207 30 9 16 17 206 58 172 175 34 242
202 49 101 66 75 252 51 227 113 15 125 166 285 173 16
47 202 201 216 162 272 316 30 88 29 250 102 321 190 84
303 114 131 84 267 237 155 292 269 155 283 316 201 145 84
230 12 116 185 77 11 186 82 294 53 283 283 262 60 10
142 272 238 123 277 115 11 203 82 268 74 261 69 107 108
14 149 207 180 231 45 288 134 12 136 118 121 302 74 296
21 122 282 296 9 197 69 90 263 112 32 36 93 219 75
255 97 236 289 154 234 162 96 316 285 220 316 204 197 192
186 250 229 67 224 284 66 302 94 79 181 203 274 111 296
232 273 120 289 50 209 110 167 184 104 124 169 11 273 22
55 216 307 234 198 87 130 244 218 100 30 151 51 44 235
164 223 95 35 309 313 266 100 259 101 92 271 113 149 281
267 270 261 15 47 211 136 226 174 233 94 248 132 113 268
210 54 305 80 267 272 105 73 317 12 106 121 280 38 16
266 205 74 136 240 316 124 279 85 122 261 148 193 199 196
83 153 292 131 241 262 122 286 301 227 288 218 242 98 218
190 263 288 128 84 108 122 46 33 229 134 109 193 73 183
179 52 54 284 214 31 124 133 110 300 186 161 134 122 298
201 321 10 230 278 91 76 6 180 276 43 168 172 192 58
143 167 260 122 304 64 66 173 277 189 125 112 31 261 21
152 268 38 79 127 91 99 153 165 117 121 107 221 257 124
183 139 17 146 185 282 226 245 236 197 288 142 131 196 172
85 194 155 84 64 176 114 308 271 316 185 129 40 277 147
6 136 184 242 304 33 257 150 289 31 295 286 36 79 199
270 55 260 311 323 115 250 315 315 186 121 240 83 136 91
229 239 196 127 196 319 23 224 16 81 121 19 57 181 319
131 18 117 239 43 200 257 202 190 267 231 181 310 98 204
152 119 51 219 319 272 300 200 154 304 82 279 195 12 168
322 82 112 117 279 118 155 133 136 149 146 36 57 176 289
181 49 297 112 162 245 321 212 266 23 45 71 270 272 116
10000000 10000000 10000000 10000000 10000000 10000000 10000000 10000000 10000000 10000000 10000000 10000000 10000000 10000000 10000000
111 18 75 178 62 69 283 276 43 146 286 150 266 198 91
117 138 273 67 298 310 55 205 166 40 18 212 255 192 89
119 131 107 300 25 25 299 179 8 111 66 144 138 289 86
23 266 142 177 194 217 123 239 302 268 155 93 28 42 288
246 281 10 11 251 36 146 75 187 66 38 117 104 138 51
27 96 290 290 6 208 321 120 73 283 322 167 289 191 143
128 222 112 154 69 193 27 145 258 145 313 13 115 34 303
94 311 25 282 310 234 188 300 247 209 106 203 292 182 198
282 60 108 46 16 45 86 233 212 263 283 274 323 320 76
113 307 128 176 6 259 58 198 293 142 64 308 142 293 116
171 164 169 58 114 250 27 176 300 75 295 178 149 163 130
202 198 65 186 107 105 283 83 232 81 251 250 294 281 143
89 189 138 285 211 299 37 10 88 160 54 40 275 35 283
72 295 210 319 70 321 176 39 106 275 169 314 229 245 181
143 188 311 300 239 108 247 295 288 26 115 93 161 320 240
120 77 126 113 174 294 114 170 55 77 304 209 34 59 187
229 47 128 42 166 241 160 314 253 67 34 156 120 14 136
206 204 300 148 167 137 233 12 289 198 99 132 38 127 76
113 308 147 109 191 111 20 203 293 158 286 96 18 61 92
266 284 99 284 240 314 222 322 238 86 75 296 162 173 207
32 98 234 50 250 262 156 90 307 166 287 126 133 246 45
253 314 278 122 278 99 299 95 175 307 315 23 77 263 67
173 157 317 39 190 58 195 119 99 139 66 8 9 120 304
223 144 300 277 320 183 68 55 98 197 79 225 162 165 71
158 45 41 88 139 172 315 117 74 227 18 314 221 28 17
187 255 169 149 199 103 267 27 132 25 313 117 315 74 74
90 132 284 16 254 134 55 277 295 177 149 234 93 292 292
292 107 192 168 224 303 70 22 206 225 38 198 101 59 305
72 214 77 279 7 322 116 206 126 152 26 124 80 119 38
181 67 75 315 284 29 103 147 100 256 70 139 52 320 136
238 188 248 34 124 191 119 20 166 195 235 52 308 219 274
41 148 146 70 197 148 100 172 313 165 197 53 69 63 281
234 137 210 13 148 74 244 151 129 200 281 108 92 108 106
207 47 215 8 19 241 279 15 17 277 58 222 83 209 154
310 232 161 235 306 160 231 218 223 198 32 10 111 174 7
152 59 108 187 182 40 263 202 239 15 301 230 311 91 97
292 33 210 11 251 169 219 151 84 30 318 35 60 268 7
181 161 175 293 193 298 142 20 302 214 50 179 201 224 16
200 186 108 263 172 63 205 206 134 107 8 290 18 301 240
242 304 157 67 37 316 15 130 141 49 45 267 51 256 144
212 305 165 306 113 215 179 268 216 13 12 323 149 199 180
121 6 217 280 209 197 279 241 45 14 239 314 217 200 210
123 231 53 124 39 72 108 8 76 295 225 145 317 322 214
93 140 211 202 71 183 101 129 20 243 228 213 308 123 145
240 93 221 192 32 122 61 57 11 178 94 147 141 308 151
137 236 51 71 317 66 160 44 32 317 315 127 243 214 314
308 141 141 83 242 78 76 270 273 16 193 274 164 143 204
50 267 108 131 109 83 109 153 236 152 170 45 183 138 49
170 135 47 48 232 319 250 315 86 202 38 167 231 248 291
192 256 138 92 199 113 311 117 297 32 133 165 52 308 166
177 283 200 172 209 118 276 213 268 32 253 98 205 313 137
118 221 96 295 211 251 197 316 220 257 122 83 316 138 189
298 82 43 75 176 293 251 86 118 117 207 185 72 238 108
37 174 22 109 297 210 316 175 125 271 301 303 166 231 233
86 172 156 249 223 109 147 105 19 91 33 48 257 193 44
10000000 10000000 10000000 10000000 10000000 10000000 10000000 10000000 10000000 10000000 10000000 10000000 10000000 10000000 10000000
257 273 67 212 50 318 283 210 36 184 212 322 57 221 226
127 163 157 210 138 203 310 226 240 201 84 320 118 13 273
43 173 116 311 290 136 277 24 254 216 252 163 302 309 306
70 115 309 280 302 70 176 282 39 90 268 101 305 177 71
60 312 207 296 142 288 87 61 58 16 221 282 18 51 116
235 224 111 120 127 252 135 124 187 134 212 65 9 21 170
259 118 240 43 88 21 270 77 202 246 140 274 139 23 206
137 236 113 149 130 214 82 156 15 206 97 11 272 299 40
153 64 105 199 310 29 98 64 165 303 253 110 178 120 281
248 131 239 291 311 119 145 225 314 291 130 298 309 100 242
289 260 114 234 64 65 44 180 152 87 146 299 301 301 252
188 113 315 61 99 247 42 228 289 263 189 267 263 311 148
223 309 179 317 65 256 20 238 208 216 269 140 17 113 251
76 91 238 148 67 113 317 16 91 295 189 313 212 185 89
274 151 266 170 282 118 125 74 123 272 111 190 236 274 266
239 92 29 194 39 308 137 243 53 189 172 52 203 155 71
173 283 299 67 101 144 38 281 202 294 210 225 186 238 180
100 256 284 143 215 108 44 272 157 26 28 253 203 108 127
140 28 260 88 35 118 27 248 273 300 313 231 252 227 81
68 299 90 254 157 158 29 316 41 91 70 226 261 137 126
20 158 58 56 245 43 254 116 15 295 11 111 252 270 60
64 232 35 27 163 166 319 281 116 29 216 88 180 215 72
249 16 37 250 72 275 198 24 151 322 65 227 306 171 283
218 119 250 207 318 31 31 97 162 296 92 69 6 117 111
216 32 260 285 87 146 161 27 93 110 280 231 278 124 135
80 11 65 187 40 266 182 197 210 104 234 85 239 279 152
11 319 253 216 182 303 159 273 311 156 8 66 308 29 263
45 199 24 20 62 183 149 149 231 42 131 288 317 231 109
316 142 295 102 195 247 316 36 54 263 310 152 224 280 222
128 37 274 111 299 231 179 22 179 304 57 247 153 247 140
51 194 186 168 74 16 74 310 291 13 250 112 81 126 279
50 110 320 164 132 45 290 43 33 174 10 221 247 131 165
289 238 179 269 184 319 306 188 253 114 206 115 183 137 273
78 296 74 60 103 267 17 289 212 248 7 288 248 228 101
20 209 23 57 198 268 267 303 312 111 199 115 177 81 282
302 228 293 41 102 156 117 49 33 26 216 228 318 58 65
119 146 73 71 282 239 289 95 322 232 71 65 65 223 99
6 197 181 137 199 278 157 46 132 185 11 59 136 234 261
43 105 165 54 269 110 182 168 268 31 132 278 24 59 118
27 245 202 107 165 173 202 239 302 7 311 322 175 305 195
103 316 231 201 23 105 284 94 39 193 234 234 202 250 116
198 265 72 28 288 109 78 247 317 65 116 117 75 278 161
144 122 162 257 243 62 251 8 72 105 64 238 86 285 74
282 148 207 259 153 189 190 32 250 293 135 101 61 108 100
277 185 66 265 190 47 71 138 185 77 138 83 251 240 120
143 311 287 131 262 53 22 188 166 54 83 29 259 147 249
248 274 57 199 156 136 115 103 179 296 21 21 21 286 295
140 243 118 90 174 73 164 61 216 90 118 44 309 190 312
246 55 114 288 188 323 94 220 26 47 174 57 268 244 173
81 239 232 44 276 17 85 294 40 295 123 145 245 197 61
228 225 142 107 232 140 302 282 230 307 284 255 278 288 64
187 138 220 292 19 123 104 185 281 22 51 105 36 199 186
172 53 188 323 220 33 197 93 139 252 232 257 32 225 83
303 178 293 8 102 250 279 24 66 115 249 198 69 10 246
242 81 289 194 62 29 302 189 273 323 286 297 71 88 290
10000000 10000000 10000000 10000000 10000000 10000000 10000000 10000000 10000000 10000000 10000000 10000000 10000000 10000000 10000000
177 19 296 256 233 92 75 28 77 156 203 91 205 54 211
189 228 29 263 280 126 222 235 33 20 45 13 88 127 237
6 186 36 43 72 28 248 305 263 283 207 147 171 131 302
235 189 76 58 194 292 104 117 23 311 285 124 55 130 203
235 197 11 248 301 251 27 14 123 47 34 82 135 81 291
276 86 156 218 312 240 128 318 92 116 310 274 164 174 106
249 211 223 131 76 227 35 66 263 143 224 56 98 269 6
91 16 321 108 100 276 265 305 119 230 159 109 281 178 267
233 9 89 257 292 190 270 190 286 248 190 86 44 42 265
302 156 124 212 298 151 275 188 182 228 261 277 120 77 41
177 220 145 141 305 316 287 208 118 149 133 48 319 263 225
248 296 95 86 111 204 273 235 107 221 72 220 95 72 292
66 118 270 110 144 211 76 51 65 297 297 270 253 267 103
168 210 247 318 68 49 111 67 311 201 124 260 263 123 40
220 194 164 185 110 318 139 92 79 319 8 260 57 20 280
211 303 164 190 102 58 322 37 215 118 276 229 174 200 91
269 81 156 308 150 66 9 33 139 247 94 62 101 304 136
288 185 28 64 50 292 230 126 110 18 69 200 234 13 108
78 198 85 201 193 38 183 314 46 163 112 130 71 166 34
209 183 162 234 207 285 304 323 31 304 31 84 292 62 36
140 216 99 228 218 54 164 36 43 171 133 125 20 191 24
171 201 9 175 190 80 284 294 283 92 322 103 308 115 159
85 31 76 249 86 27 137 206 82 282 57 29 150 148 250
166 145 307 305 44 159 75 193 55 156 20 71 288 134 287
88 88 179 279 239 117 104 137 82 120 98 102 212 208 52
9 213 155 143 238 201 241 218 166 26 157 226 127 13 43
113 306 135 17 92 183 88 260 138 71 193 64 315 144 24
84 229 87 141 295 120 233 50 6 219 230 90 148 230 115
205 247 138 37 222 200 276 30 115 196 272 187 130 37 121
287 248 60 12 41 144 202 219 19 134 38 296 238 129 218
307 84 180 39 108 145 318 123 176 91 268 238 178 109 317
39 194 194 294 77 244 224 13 292 77 202 79 190 145 177
267 303 26 267 283 62 297 306 270 40 217 188 185 315 181
128 124 89 173 24 33 301 112 83 203 13 163 253 155 154
251 122 62 193 109 272 27 7 154 45 54 268 323 223 147
240 211 67 90 305 160 26 76 193 139 64 255 95 75 206
90 102 256 120 177 104 69 275 89 125 90 205 191 300 209
293 22 139 307 290 160 156 85 224 237 318 110 167 102 283
135 47 286 30 108 26 18 174 143 161 41 90 67 170 12
247 283 235 194 192 49 304 278 279 116 35 194 239 279 272
46 300 140 244 143 292 94 127 274 92 287 212 73 149 283
36 76 51 234 309 100 318 201 303 207 263 274 55 10 250
63 143 195 210 54 70 255 184 319 219 130 220 35 7 61
78 23 107 276 35 243 129 210 28 247 9 262 12 188 293
161 276 171 53 92 120 168 81 136 304 56 265 168 143 287
26 53 237 91 84 284 112 282 159 89 110 273 93 181 37
8 290 112 135 143 46 101 88 13 206 71 261 241 211 304
74 91 87 306 158 55 13 104 129 87 136 212 109 321 318
296 114 182 208 104 156 72 196 184 97 200 31 62 7 15
116 261 243 249 65 58 297 227 72 237 181 123 297 265 18
138 36 217 274 114 302 290 279 298 297 26 135 192 265 195
120 103 22 194 267 119 26 195 304 43 170 276 323 26 44
59 249 194 181 251 307 216 75 320 64 125 154 297 296 242
81 133 83 46 117 107 216 148 277 206 110 137 273 128 252
30 154 234 59 236 294 158 144 57 135 171 141 42 192 30
10000000 10000000 10000000 10000000 10000000 10000000 10000000 10000000 10000000 10000000 10000000 10000000 10000000 10000000 10000000
9 76 254 65 66 305 221 122 268 225 139 278 241 317 96
156 307 116 8 247 46 287 39 106 61 273 295 150 302 151
262 310 320 123 65 87 258 244 269 319 308 95 225 113 24
112 11 165 162 33 64 188 292 73 133 222 221 248 94 299
102 96 127 291 124 35 234 95 255 59 245 141 52 165 26
220 98 108 65 205 237 108 105 285 269 252 53 235 161 56
214 151 206 187 130 314 274 257 90 19 197 62 175 162 21
143 129 80 281 98 148 76 317 106 207 257 133 97 44 10
295 101 263 73 237 123 75 135 86 139 199 251 100 195 74
238 66 201 97 254 42 81 269 14 252 320 305 224 320 58
165 232 295 15 70 154 139 52 122 18 108 270 22 297 189
210 282 256 13 117 60 181 101 308 293 201 70 251 286 95
22 166 288 60 122 168 266 252 9 257 95 71 83 111 310
318 217 188 303 309 64 219 269 109 215 128 72 268 124 304
287 176 295 227 137 22 102 150 201 181 173 213 104 219 86
164 174 160 310 145 209 176 177 113 21 45 263 201 19 66
39 56 114 230 63 323 169 294 189 12 316 56 193 99 162
61 306 113 154 218 95 52 136 176 146 59 249 11 109 320
41 190 71 318 240 6 319 146 301 118 204 18 264 228 280
267 51 107 305 213 36 31 80 67 301 225 305 35 41 51
74 68 17 220 90 296 294 214 233 305 143 313 105 138 250
107 6 168 265 12 214 278 245 260 185 31 15 213 281 239
156 138 138 166 46 67 39 140 179 49 210 320 245 293 219
126 33 149 112 183 18 143 42 281 267 69 311 272 6 59
163 113 74 189 183 234 167 92 263 36 51 189 188 312 180
36 322 128 201 323 194 243 64 173 217 53 284 223 267 243
151 206 271 307 93 45 136 250 282 35 44 55 105 243 93
95 166 282 79 91 6 185 22 219 76 223 11 297 94 198
23 146 315 311 166 250 101 131 125 280 299 184 247 297 107
77 207 288 155 199 92 223 244 103 73 200 224 48 260 180
29 272 115 124 303 269 75 166 136 24 76 157 217 196 215
282 242 108 140 249 110 91 123 304 20 323 118 37 200 18
95 178 33 199 128 103 29 173 202 219 319 205 304 234 163
158 154 90 148 192 144 323 209 98 267 235 175 80 217 168
36 256 65 9 61 288 296 171 44 314 309 232 265 188 23
119 212 220 13 300 157 255 238 75 316 234 285 101 201 308
192 287 130 297 300 149 256 62 138 57 48 68 60 23 62
174 30 114 158 313 14 53 269 80 221 11 138 175 234 110
60 7 278 172 216 223 322 112 167 42 235 188 152 207 101
202 56 87 64 93 310 77 87 28 253 138 52 15 54 230
244 309 315 92 166 21 320 127 83 313 237 106 111 42 15
97 205 100 196 226 274 82 298 56 11 249 236 174 53 307
156 179 245 234 303 269 96 83 317 143 142 186 294 134 107
107 85 297 147 82 293 222 175 150 258 145 112 130 221 50
107 111 150 100 47 145 38 84 278 234 201 248 133 146 49
72 48 73 220 158 148 109 105 180 58 279 235 70 107 199
156 253 134 239 286 32 178 30 253 174 299 260 190 41 194
160 312 165 60 191 323 148 235 131 263 46 276 183 11 136
210 85 186 130 87 141 85 312 131 248 35 89 80 84 116
145 242 82 30 148 105 318 109 113 106 299 81 304 304 323
94 50 78 114 92 10 278 37 231 104 44 40 222 190 201
22 297 7 139 231 209 261 210 109 318 240 80 320 97 261
136 240 244 272 248 250 187 10 198 164 155 16 128 59 139
253 322 108 123 79 109 299 201 201 117 14 209 293 310 143
224 74 155 68 114 123 161 40 61 180 175 201 197 127 279
10000000 10000000 10000000 10000000 10000000 10000000 10000000 10000000 10000000 10000000 10000000 10000000 10000000 10000000 10000000
112 133 199 114 242 277 316 307 25 20 256 303 23 7 36
218 182 134 101 284 89 98 19 275 213 24 259 236 274 157
25 67 71 268 128 229 287 206 62 281 121 266 316 71 60
39 104 121 98 138 95 235 272 149 136 173 107 56 85 213
204 195 15 280 220 20 91 218 321 90 156 205 267 64 273
158 72 297 300 198 318 265 202 107 157 319 245 112 12 10
283 274 258 178 192 51 37 215 87 273 203 105 147 218 312
8 159 79 75 20 94 228 133 93 164 50 56 305 152 168
188 302 234 80 268 181 43 74 68 129 8 102 250 27 188
123 282 164 281 219 136 235 26 305 27 12 258 212 291 134
87 186 109 54 196 206 258 263 52 31 235 56 86 315 146
277 309 320 257 254 275 63 204 220 186 47 73 299 139 306
96 7 277 237 251 193 180 60 186 262 144 298 138 10 27
25 158 125 48 315 138 259 189 228 81 96 10 198 95 163
190 95 206 15 139 129 298 57 67 195 86 206 12 281 122
152 34 91 69 213 306 228 185 170 248 201 35 201 175 293
281 272 70 127 103 170 51 128 296 273 194 258 282 52 106
52 292 295 108 21 217 212 92 63 259 254 131 72 235 202
63 129 6 311 207 275 312 154 184 308 135 183 144 162 207
23 152 145 154 173 171 121 162 305 7 109 84 286 231 259
284 206 201 166 236 307 216 264 142 120 21 204 310 187 155
97 235 60 10 40 280 75 65 201 254 7 145 226 15 302
34 65 201 145 288 117 45 69 169 290 45 100 211 281 184
18 278 237 87 290 322 137 70 173 230 190 144 87 55 288
33 17 23 176 235 118 23 136 108 278 29 25 218 7 116
42 246 99 258 236 70 176 196 43 47 107 248 74 113 53
51 39 54 223 204 21 175 162 110 206 196 23 185 152 113
198 70 30 321 11 181 297 13 185 242 222 214 238 252 320
276 148 313 78 154 286 39 44 301 278 178 162 60 214 106
238 182 236 207 170 77 249 113 82 64 291 230 141 59 233
41 282 60 315 223 120 235 150 242 77 20 62 90 228 9
286 251 239 204 98 78 114 28 129 225 261 180 26 37 232
214 140 277 321 69 273 77 92 306 59 67 113 321 213 56
302 284 300 230 175 152 250 225 254 24 251 123 55 200 287
231 213 206 240 289 284 8 151 42 36 311 263 32 112 168
179 133 35 39 186 253 175 83 323 118 271 184 136 285 24
143 87 59 209 16 134 83 114 200 115 90 177 296 137 93
28 173 232 67 162 107 202 51 104 98 224 309 311 11 305
242 118 194 292 216 185 32 50 83 217 284 154 58 282 187
117 17 194 260 311 185 290 316 63 292 19 175 142 45 310
75 290 276 202 67 102 237 302 55 78 120 236 29 248 311
184 165 307 237 232 114 53 309 267 142 64 224 179 249 225
91 74 64 304 214 316 103 88 196 74 316 65 50 165 51
93 107 102 186 30 42 48 298 225 113 49 285 167 203 11
312 134 163 122 252 166 47 219 207 204 274 178 69 301 105
207 208 60 81 160 78 31 303 318 91 220 216 271 134 252
138 191 140 266 145 70 319 80 169 118 262 119 43 89 242
88 135 52 261 260 87 228 212 36 11 307 114 133 223 206
106 257 184 222 75 35 279 212 316 166 316 158 29 248 318
167 270 169 204 242 142 226 133 109 211 11 64 102 7 273
174 59 135 284 99 146 262 157 135 226 152 27 15 119 106
81 301 285 197 300 260 9 75 273 263 151 64 270 302 33
294 17 284 273 25 248 98 271 154 296 239 249 79 53 156
38 113 291 129 157 135 21 239 6 192 160 224 296 122 150
313 30 283 276 99 231 314 81 314 190 316 133 140 227 217
10000000 10000000 10000000 10000000 10000000 10000000 10000000 10000000 10000000 10000000 10000000 10000000 10000000 10000000 10000000
89 103 263 300 131 51 138 138 109 303 30 25 151 206 17
317 116 143 188 103 205 152 166 272 207 224 217 265 81 107
132 201 109 99 237 73 227 84 112 54 233 138 42 130 117
65 283 163 251 131 177 106 248 179 44 84 18 288 239 278
261 169 231 170 317 277 17 84 158 9 146 116 184 19 16
61 9 113 16 51 34 255 105 169 263 34 78 255 259 81
164 175 49 262 77 170 164 223 243 152 94 73 113 221 175
85 251 68 245 185 17 234 215 97 136 183 297 256 242 297
115 165 65 114 292 58 313 222 203 22 228 72 178 308 298
132 165 241 49 124 271 22 198 242 165 174 131 178 234 255
90 311 293 196 168 322 213 150 200 317 61 323 11 16 88
55 220 74 44 280 198 287 117 234 177 126 140 306 318 11
87 53 153 110 38 266 40 294 70 116 42 165 54 76 144
226 204 262 297 151 212 44 105 90 18 34 182 204 270 88
62 56 204 37 67 147 181 102 102 191 99 245 247 198 319
210 71 187 25 323 24 95 139 22 16 219 306 282 104 125
176 23 310 166 85 198 297 173 33 48 23 255 55 207 68
48 100 277 247 199 161 158 147 6 306 198 29 141 112 304
61 57 54 117 12 77 156 100 223 194 268 10 87 244 49
38 126 127 105 141 212 47 237 303 276 193 205 282 75 73
134 32 319 32 119 317 182 242 20 295 123 239 129 311 67
216 12 69 139 153 80 187 173 44 63 224 188 187 82 191
187 294 103 161 293 22 142 50 140 104 276 102 173 56 83
64 133 168 310 305 85 90 286 279 34 32 147 247 298 60
267 283 59 26 160 84 186 80 113 97 263 189 15 6 7
101 139 190 185 102 185 259 265 309 161 302 12 321 88 18
198 216 17 96 7 33 166 272 201 133 272 244 270 71 158
170 166 71 161 254 186 38 248 214 96 199 268 227 95 169
70 72 25 279 123 12 314 179 183 149 193 204 113 145 136
201 80 65 249 6 317 264 206 238 301 266 254 147 284 60
112 163 104 162 293 208 80 24 225 159 263 251 317 127 124
218 258 141 178 173 153 80 173 92 9 268 72 110 136 240
119 311 183 260 87 112 31 50 291 169 87 172 264 143 278
203 271 172 227 107 265 253 151 262 199 159 26 272 303 241
90 6 71 225 61 251 290 199 80 22 73 151 20 219 59
131 235 245 21 104 296 202 256 212 53 91 40 37 105 286
187 149 45 103 34 119 186 303 73 130 74 154 317 31 288
191 173 63 62 63 166 243 182 140 172 217 80 220 308 112
243 257 192 89 245 16 289 114 60 316 159 123 234 28 36
161 268 129 36 173 100 236 172 139 321 209 154 46 108 301
159 176 168 319 254 133 182 219 204 150 184 284 124 237 307
291 192 291 286 198 148 119 179 109 154 167 233 160 202 304
306 36 50 135 310 246 77 180 231 118 216 286 293 79 254
106 61 72 144 224 53 87 192 239 53 237 83 192 44 101
288 146 275 88 33 161 103 227 84 9 255 308 180 118 165
258 209 292 73 304 62 133 54 80 293 167 148 239 286 265
139 275 126 40 93 194 145 201 307 235 97 218 303 122 9
191 214 62 73 269 317 139 49 25 228 144 290 82 195 138
207 99 237 170 304 264 176 6 169 202 62 312 66 51 251
240 193 135 32 141 92 296 306 227 105 55 20 322 62 280
320 82 203 101 106 261 164 78 121 218 15 181 191 17 302
265 177 163 29 59 71 101 22 254 157 151 190 322 111 10
257 93 64 148 232 29 312 24 303 280 131 167 60 240 72
109 129 316 86 193 149 320 217 249 220 51 114 158 22 152
36 170 23 240 46 192 288 83 166 59 212 22 31 220 59
10000000 10000000 10000000 10000000 10000000 10000000 10000000 10000000 10000000 10000000 10000000 10000000 10000000 10000000 10000000
206 192 321 131 21 170 306 259 50 49 178 134 271 26 73
240 131 87 187 304 69 98 275 282 240 133 155 268 192 300
297 304 205 172 149 322 78 303 241 41 146 131 247 238 266
131 97 273 302 319 205 245 319 316 135 279 199 98 82 17
116 15 58 9 99 224 280 60 114 264 233 90 18 55 84
149 314 186 169 321 51 213 281 56 242 183 216 300 74 315
7 87 64 195 200 120 34 196 226 169 111 96 210 323 118
187 300 80 161 295 45 136 168 8 265 145 222 62 111 79
313 30 136 294 166 271 253 258 111 188 68 229 110 123 116
122 183 140 226 166 310 269 97 11 69 82 251 306 136 13
12 141 220 39 117 210 196 10 309 228 47 8 264 269 135
16 103 34 139 225 184 124 318 11 264 94 311 176 59 190
192 49 163 66 160 187 10 195 175 139 42 73 222 72 93
283 196 179 57 297 219 40 170 246 104 165 158 26 268 88
282 103 155 142 265 24 208 125 243 72 32 298 321 305 156
237 242 40 175 57 57 164 48 42 82 199 47 42 48 133
102 321 92 269 38 116 100 296 146 315 118 286 227 144 316
123 108 184 87 248 67 108 22 152 259 173 253 317 294 188
72 300 146 85 88 210 175 133 292 161 128 243 50 226 142
242 118 89 91 110 126 315 162 177 175 10 323 295 80 43
319 236 202 164 164 148 14 283 182 189 56 299 19 83 105
213 192 138 29 214 138 249 50 22 42 142 99 224 134 131
36 112 256 53 53 255 118 317 53 166 227 257 305 268 70
96 85 253 242 211 47 241 153 222 71 275 232 134 124 13
127 222 137 103 201 88 201 264 203 184 61 271 75 27 274
20 215 60 206 280 286 136 265 229 64 56 12 185 171 56
311 175 278 18 298 233 49 319 286 225 194 153 32 219 29
86 30 82 142 45 74 146 52 181 102 115 9 232 188 75
260 112 19 89 307 154 68 31 209 226 60 17 271 285 27
291 115 112 76 284 255 235 116 37 125 239 154 132 18 236
62 311 17 317 32 264 222 52 213 141 263 29 87 301 58
113 123 155 120 253 137 81 37 286 311 9 104 301 271 253
61 19 31 141 281 234 307 274 107 304 188 8 10 25 177
205 128 230 191 108 256 30 204 317 51 22 288 6 237 233
65 185 210 127 170 223 23 107 40 196 204 159 231 6 235
49 98 299 19 153 313 121 47 74 82 234 73 52 56 85
283 127 211 138 110 145 181 189 233 73 147 240 202 316 143
185 19 54 294 106 173 194 180 121 251 153 18 139 94 259
299 61 114 228 282 46 276 179 22 302 164 163 93 97 197
176 41 77 31 202 150 115 88 304 276 93 182 288 140 155
151 108 207 317 84 178 159 205 173 148 178 11 49 15 312
150 13 317 244 269 224 25 94 213 176 35 18 153 308 155
304 180 323 322 49 135 23 306 140 103 63 287 245 241 282
297 241 91 56 219 191 265 300 35 58 125 208 133 210 15
309 202 109 311 99 273 203 268 272 131 284 197 317 180 213
288 50 163 8 98 272 86 164 186 61 297 91 287 119 58
43 238 180 134 269 13 214 237 252 281 280 107 230 36 13
155 88 161 155 172 100 286 264 267 175 110 31 52 227 77
61 167 78 236 238 101 215 222 149 210 196 126 205 209 173
38 50 89 60 79 35 106 275 202 258 215 121 55 293 150
152 35 161 290 101 210 303 252 83 126 53 130 69 21 134
76 129 210 201 97 173 186 63 303 134 121 11 111 215 302
100 100 156 263 19 189 292 138 103 9 180 43 257 312 133
151 323 147 278 67 111 137 38 240 213 220 290 58 295 141
11 116 246 196 246 310 10 229 26 66 251 216 153 146 197
10000000 10000000 10000000 10000000 10000000 10000000 10000000 10000000 10000000 10000000 10000000 10000000 10000000 10000000 10000000
104 51 185 204 8 72 40 220 56 140 124 192 51 125 156
270 127 198 74 261 267 234 39 170 232 108 195 85 297 11
131 61 156 313 140 86 129 20 216 33 194 124 272 45 161
213 120 169 260 316 136 216 143 217 131 253 120 114 181 292
107 271 293 96 152 308 111 13 212 165 143 92 34 92 265
155 135 188 265 44 86 96 306 9 229 270 205 126 35 118
172 220 75 172 308 154 154 13 179 195 241 222 296 277 168
195 235 245 172 58 172 239 53 177 254 266 180 67 174 207
297 44 68 9 249 231 167 242 218 102 275 277 114 8 62
70 213 66 276 83 78 115 92 153 13 245 110 229 77 74
38 143 233 263 75 154 254 145 190 273 109 258 244 267 153
94 61 154 214 169 131 277 132 145 150 89 66 80 298 34
262 183 146 13 161 19 280 179 115 314 321 130 11 27 102
64 215 280 271 250 35 218 9 131 235 92 203 287 19 95
262 82 15 150 317 165 153 70 64 202 64 215 136 11 200
222 80 125 202 197 293 172 286 91 108 215 23 312 104 68
234 104 15 75 178 241 117 305 28 147 119 192 256 55 149
134 122 80 201 269 284 26 276 266 270 106 146 141 194 61
209 14 164 58 250 246 189 204 159 270 29 45 23 36 154
73 140 224 313 284 115 103 68 200 27 73 75 161 153 314
258 161 43 7 138 81 100 118 259 91 85 76 62 50 218
149 50 63 173 164 11 323 68 152 301 138 320 263 248 45
306 22 296 105 184 136 287 51 88 295 92 141 249 155 47
21 23 138 26 193 307 309 159 271 188 281 23 259 287 300
297 216 29 219 176 29 236 245 289 141 138 244 70 302 120
243 65 316 181 262 49 170 292 320 74 99 78 232 154 193
206 172 65 139 79 219 175 178 79 195 187 202 314 64 262
226 271 46 51 190 213 192 261 20 297 207 172 186 16 159
45 65 127 223 288 270 66 303 116 78 281 177 124 27 286
295 156 18 181 29 82 174 205 275 199 8 48 154 171 239
235 300 183 242 117 17 15 218 142 237 28 322 165 139 257
318 56 101 277 16 230 292 321 129 48 151 256 312 51 127
253 125 138 137 75 260 132 182 63 227 309 157 213 287 270
176 308 313 100 242 303 250 191 43 58 274 37 155 213 296
249 13 306 205 283 221 70 205 93 156 289 146 77 122 12
177 181 307 294 68 281 219 198 39 33 156 51 255 244 219
260 167 211 133 293 252 136 294 8 200 309 120 288 251 243
52 147 116 229 160 80 169 147 191 287 107 202 263 124 314
28 57 37 287 263 245 127 23 129 237 150 11 177 296 82
207 57 170 191 159 145 145 60 176 241 223 292 309 167 285
313 149 164 296 67 249 18 25 305 130 10 26 253 213 97
305 158 278 7 162 98 25 136 190 71 41 313 169 206 139
120 76 240 91 271 179 33 132 294 64 22 291 233 297 158
323 20 98 62 13 96 152 25 153 51 261 59 78 85 12
297 309 187 237 24 180 18 63 108 94 11 315 262 303 285
146 148 54 163 18 54 266 182 35 15 43 244 279 151 308
252 279 207 138 25 290 10 220 125 57 6 289 130 275 222
182 196 216 296 265 252 167 199 126 241 78 80 147 172 60
119 298 109 298 170 273 78 28 74 253 74 51 140 48 322
301 183 106 305 158 237 138 129 297 128 261 267 240 75 196
289 11 129 11 86 40 141 101 217 178 98 170 189 218 277
34 143 162 286 136 279 175 192 248 148 234 290 206 266 321
38 290 114 124 179 210 261 264 181 258 290 157 36 225 275
228 111 212 198 253 230 318 256 264 321 156 292 85 159 260
190 39 68 229 299 79 173 184 45 225 278 316 107 82 316
