10000000 10000000 10000000 10000000 10000000 10000000 10000000 10000000 10000000 10000000
122 280 203 49 30 148 83 229 95 260
99 93 172 183 21 80 293 20 119 199
104 243 139 51 100 320 285 329 216 187
217 298 254 285 293 96 169 304 225 164
141 107 72 133 103 233 166 254 14 76
97 320 41 54 26 79 311 138 172 200
281 181 283 249 132 219 202 70 237 35
41 43 285 36 225 239 187 241 64 30
114 43 124 92 80 48 312 246 76 54
12 276 55 313 123 240 219 102 33 322
28 206 150 187 198 201 137 170 220 145
213 281 132 211 27 288 205 148 12 262
269 10 126 245 279 139 167 8 168 105
85 298 45 20 107 117 284 154 102 210
145 211 195 316 81 23 252 25 255 66
239 37 329 33 57 116 107 178 158 265
310 164 70 164 323 290 205 52 174 78
165 89 248 159 36 313 272 256 172 131
317 317 325 287 209 106 314 319 154 160
190 17 186 162 58 300 58 165 59 263
225 31 295 302 104 179 164 68 108 280
256 291 147 171 305 316 10 182 150 331
313 234 132 37 309 258 231 119 111 75
147 214 199 26 30 77 268 290 48 134
150 114 323 180 303 31 290 283 188 288
282 294 24 63 17 47 216 75 136 264
103 263 216 52 109 80 326 173 19 292
235 271 138 244 220 134 318 272 158 171
212 273 263 123 12 91 262 171 53 182
138 170 51 280 242 151 220 121 296 282
229 238 210 244 155 319 243 117 100 151
54 77 157 202 320 66 28 318 66 307
243 223 101 316 287 324 185 166 12 187
108 155 262 41 296 119 146 111 109 56
53 210 160 131 65 40 94 224 84 259
10000000 10000000 10000000 10000000 10000000 10000000 10000000 10000000 10000000 10000000
323 305 285 315 266 86 243 318 136 330
97 228 146 105 237 149 187 259 20 217
259 301 21 236 51 110 11 196 189 326
242 273 276 114 37 48 266 131 193 29
10 232 331 11 162 150 253 272 34 271
46 186 251 227 105 237 76 229 215 172
150 32 25 255 320 35 201 226 234 288
125 215 42 14 261 179 326 275 151 258
72 282 108 209 134 251 103 105 98 313
80 70 165 253 210 179 62 241 113 94
116 70 205 82 141 39 282 174 160 292
191 23 248 320 303 69 86 177 94 28
170 30 114 8 202 208 106 219 141 59
303 158 171 88 160 20 87 198 124 313
68 324 93 228 231 321 304 48 57 236
61 14 299 319 221 179 53 297 185 218
222 65 82 289 50 116 219 187 316 63
237 315 146 232 210 188 221 75 190 123
208 36 66 28 73 90 160 243 325 309
327 144 128 110 64 315 21 305 321 221
124 189 143 200 265 272 20 111 90 307
38 241 262 220 32 283 221 25 205 240
278 216 162 325 141 82 263 218 226 259
202 229 216 270 83 128 64 232 185 161
181 255 189 302 304 275 331 70 274 321
124 118 103 117 260 98 73 227 46 227
329 73 287 276 303 122 73 106 107 291
166 79 96 64 38 280 181 304 186 219
108 85 91 165 103 255 254 10 200 179
203 225 97 325 85 141 65 256 279 330
269 316 245 305 117 111 289 147 235 17
286 38 185 143 210 187 128 140 103 138
143 273 329 70 8 264 299 177 146 28
281 140 88 197 140 277 284 210 134 76
192 320 104 285 325 171 58 89 198 285
10000000 10000000 10000000 10000000 10000000 10000000 10000000 10000000 10000000 10000000
201 150 277 134 189 206 135 180 189 151
215 254 248 51 265 129 220 119 78 139
217 29 177 292 257 264 144 28 96 161
91 184 46 209 18 226 303 163 167 238
163 97 29 303 120 113 147 166 61 236
17 331 187 308 261 79 291 274 64 235
37 250 140 252 20 165 167 11 203 131
214 49 273 188 263 97 38 180 202 127
52 27 187 105 182 95 296 240 46 73
272 293 188 55 126 48 148 98 14 166
287 161 280 169 61 55 296 316 236 201
106 120 174 43 120 122 265 292 229 50
101 214 251 66 242 137 86 237 289 296
142 119 92 56 82 215 290 105 99 200
218 202 43 231 278 241 93 193 235 212
44 330 208 157 165 110 116 324 256 121
331 98 158 329 309 58 108 220 110 31
257 38 108 158 50 205 68 167 281 274
276 13 182 195 19 184 73 251 149 171
233 148 237 9 149 76 310 52 46 265
258 124 241 244 131 73 290 22 226 170
260 266 244 212 93 107 314 189 96 253
184 144 183 202 223 92 179 26 64 58
290 250 274 206 84 15 268 72 59 178
295 173 132 287 16 139 180 273 64 198
195 293 114 233 16 84 202 150 105 136
270 44 154 101 279 179 140 13 192 18
209 154 195 187 265 9 323 46 30 62
44 275 260 315 329 56 56 13 27 144
46 238 73 180 266 249 41 105 235 85
44 296 119 142 195 240 113 52 75 36
131 227 225 86 13 139 193 315 206 211
104 244 92 118 35 61 18 66 230 28
199 238 109 225 9 225 122 240 277 233
99 124 153 93 261 311 46 108 216 330
10000000 10000000 10000000 10000000 10000000 10000000 10000000 10000000 10000000 10000000
166 301 109 298 309 71 242 240 135 154
308 158 36 163 223 118 94 100 25 191
165 285 164 173 255 89 244 182 100 217
117 261 224 213 281 176 62 214 104 62
146 104 35 72 142 303 159 170 122 17
38 134 69 84 249 136 30 155 248 146
221 314 285 48 168 22 125 283 208 80
173 75 163 286 105 162 186 52 64 56
280 123 224 60 167 113 252 144 322 328
76 143 231 51 124 114 244 33 45 221
26 271 18 316 119 315 129 22 22 50
139 320 229 310 122 80 316 227 216 298
47 324 318 227 272 206 187 316 98 46
153 34 312 164 286 36 43 288 312 131
55 237 101 85 312 44 132 24 233 49
116 49 80 291 146 131 193 304 31 293
93 251 182 240 163 224 207 328 141 245
312 26 159 41 67 115 103 220 116 321
38 139 265 51 212 265 34 129 180 298
160 314 263 261 167 144 262 239 154 147
123 279 191 286 203 82 254 58 51 90
115 249 29 29 24 46 322 263 228 151
309 234 156 119 223 247 26 40 275 190
41 228 303 100 17 31 23 297 317 317
137 252 241 228 136 283 207 322 215 26
7 109 25 169 20 195 268 32 247 321
212 41 132 273 114 45 111 243 40 46
31 319 289 308 297 117 35 69 163 127
231 275 217 193 305 230 125 66 83 185
319 102 267 233 142 156 96 12 255 214
303 23 8 304 201 226 31 21 19 178
186 89 82 148 283 138 192 194 128 217
198 204 326 267 165 263 144 326 221 185
280 239 51 51 122 140 323 143 237 212
165 14 62 112 228 130 80 257 181 256
10000000 10000000 10000000 10000000 10000000 10000000 10000000 10000000 10000000 10000000
264 185 82 308 210 212 187 205 294 7
147 51 99 131 159 74 19 79 121 284
163 275 25 13 257 182 267 139 45 180
103 248 299 291 38 95 268 324 93 75
112 331 72 97 319 36 83 270 235 56
222 20 218 273 100 293 330 219 71 188
81 259 101 69 181 78 105 123 117 98
7 10 176 218 148 265 225 55 278 273
101 245 38 324 255 178 35 195 152 229
33 288 80 317 213 24 54 308 195 35
232 313 298 306 43 55 98 80 313 260
93 265 44 261 148 144 175 186 227 243
117 151 22 85 185 302 19 112 37 238
289 108 322 12 129 116 29 286 71 64
40 42 143 130 53 215 231 58 73 217
31 245 22 302 230 100 286 231 253 326
307 328 268 328 302 326 300 327 96 257
137 215 127 33 323 104 241 141 203 66
223 100 318 296 203 35 10 177 17 320
191 49 310 37 79 301 245 157 159 66
269 288 82 224 189 201 180 228 318 140
37 144 259 298 45 156 297 72 314 278
303 174 209 227 85 60 148 163 209 250
159 113 162 227 129 225 287 181 50 326
244 315 159 37 305 137 318 167 78 174
157 222 274 310 181 91 262 15 58 186
228 184 203 179 165 156 108 282 325 253
129 286 83 254 117 290 183 246 196 174
251 101 114 22 148 315 176 169 77 115
224 289 196 280 89 193 263 331 299 151
15 238 324 245 41 116 43 210 201 260
69 314 302 236 49 23 63 170 55 309
223 42 281 195 113 172 120 120 93 215
174 37 82 120 32 56 85 321 215 241
109 188 121 243 121 171 26 161 29 34
10000000 10000000 10000000 10000000 10000000 10000000 10000000 10000000 10000000 10000000
69 106 269 59 61 197 282 225 23 61
54 13 211 185 135 40 228 195 284 83
188 53 34 197 25 135 80 150 11 69
315 109 106 259 36 290 312 199 155 266
256 266 211 63 326 209 64 205 113 66
154 123 251 324 150 218 219 100 292 50
273 39 204 94 250 98 313 39 126 98
277 294 255 204 55 290 311 303 91 108
199 54 184 128 327 316 47 83 28 107
195 262 233 144 9 181 240 237 130 35
64 193 38 219 189 9 24 101 91 206
90 195 23 84 108 209 96 331 159 329
102 109 51 223 225 83 165 223 197 13
86 329 125 220 300 201 130 156 272 120
247 106 209 73 126 71 217 18 225 270
35 195 166 252 145 277 33 66 171 220
206 164 318 242 130 193 147 285 169 248
302 242 261 238 166 54 317 50 72 147
228 94 310 267 69 186 137 78 248 123
110 91 42 221 237 176 72 103 19 189
219 155 245 14 331 89 238 235 153 210
16 12 267 320 231 300 199 254 106 214
329 213 142 274 288 28 151 240 49 302
105 226 29 282 218 225 329 27 60 8
274 151 104 229 56 246 25 284 135 214
311 292 170 109 43 236 236 47 306 220
235 23 133 273 61 22 98 86 102 70
233 92 221 246 94 234 272 293 223 323
229 325 86 120 69 330 243 221 88 273
39 124 314 185 47 315 111 10 138 189
193 121 27 59 115 185 92 281 16 215
170 208 299 21 151 130 252 191 245 316
255 40 182 65 252 93 182 68 299 254
119 291 11 103 51 25 197 94 279 148
12 327 151 153 306 98 187 119 162 190
10000000 10000000 10000000 10000000 10000000 10000000 10000000 10000000 10000000 10000000
159 193 19 92 319 327 329 81 157 194
40 164 28 135 278 217 244 255 291 201
28 111 250 75 242 123 109 120 154 221
25 23 63 128 74 318 312 183 59 140
316 139 101 97 86 303 94 223 70 44
222 193 153 111 167 245 117 122 276 227
268 302 227 235 11 330 37 132 175 48
62 143 167 232 188 306 207 265 136 158
40 63 236 325 280 291 181 110 222 84
277 236 201 81 132 68 285 186 156 305
257 296 328 132 114 78 58 228 289 95
235 53 179 319 172 111 106 93 217 112
191 58 20 214 259 312 216 318 177 238
213 19 140 123 42 81 161 136 83 216
200 131 60 272 216 282 127 133 118 65
51 180 188 189 234 293 226 172 60 147
97 321 211 273 246 284 271 233 286 35
52 222 56 243 166 318 308 176 205 49
311 32 203 98 111 164 24 268 53 267
243 244 146 211 195 275 203 57 192 283
24 123 292 321 301 15 325 283 227 197
277 42 304 133 294 244 243 308 60 206
228 36 304 82 191 91 216 320 241 168
236 322 237 60 27 289 270 309 15 200
122 232 81 310 323 205 181 47 140 82
11 89 181 328 19 98 220 129 197 148
157 133 155 164 160 258 130 199 22 329
55 26 223 141 249 253 21 211 241 316
187 283 172 216 286 115 329 82 261 299
297 83 260 88 8 208 241 189 156 309
16 195 7 214 79 51 211 30 218 146
300 15 128 276 14 189 235 264 57 274
295 323 26 46 236 104 103 290 283 172
289 13 52 283 273 280 255 296 290 22
327 188 166 80 313 221 317 59 60 257
10000000 10000000 10000000 10000000 10000000 10000000 10000000 10000000 10000000 10000000
264 257 219 224 17 263 140 329 236 42
187 129 144 181 28 179 49 175 96 320
218 143 199 269 213 261 63 261 123 317
152 149 91 110 203 327 195 152 308 264
67 135 122 63 250 151 279 43 112 167
299 208 208 51 86 161 245 102 58 131
324 49 265 73 303 102 238 25 174 225
138 160 107 282 147 160 56 262 62 305
207 54 217 207 99 314 87 61 264 300
170 231 78 18 194 268 142 98 118 41
300 94 199 162 123 81 54 239 311 119
25 29 104 222 187 188 171 327 8 275
207 62 159 190 246 107 204 126 107 251
154 168 321 96 26 190 69 57 158 317
164 208 170 55 88 158 79 137 144 266
303 123 47 93 326 72 60 258 166 25
69 194 209 242 261 257 161 22 166 23
125 174 173 207 71 128 305 116 184 51
192 265 17 307 218 8 14 41 251 17
230 198 233 301 165 204 76 80 125 291
289 99 321 292 224 15 80 179 92 290
29 29 28 225 144 258 54 298 152 61
280 227 37 209 289 324 74 169 329 188
33 23 331 49 277 169 98 107 95 275
208 72 15 217 111 215 223 323 246 54
45 45 23 66 123 14 64 288 9 312
319 227 318 72 8 15 198 274 98 282
54 242 150 56 19 102 88 331 287 208
275 277 325 54 122 143 41 24 183 107
28 91 56 123 146 49 174 269 72 82
284 288 184 177 197 275 99 110 176 184
231 177 75 276 208 36 44 173 105 241
259 315 176 114 227 321 226 311 264 9
219 102 84 224 193 191 287 215 186 139
132 300 267 72 53 229 89 37 30 207
10000000 10000000 10000000 10000000 10000000 10000000 10000000 10000000 10000000 10000000
318 32 307 75 318 217 25 82 126 288
127 145 176 203 292 130 265 186 143 256
304 46 145 41 49 11 188 36 219 57
221 276 25 269 318 117 178 302 115 258
260 232 18 135 169 87 175 114 252 239
234 153 92 156 308 201 147 146 63 271
50 204 90 102 173 303 163 151 15 7
181 295 9 214 65 305 185 234 58 255
140 271 73 61 147 105 110 172 169 24
306 42 264 29 90 93 67 204 37 165
65 168 175 321 188 195 61 139 226 269
199 244 192 249 19 316 131 269 50 109
38 191 213 110 116 222 104 202 34 176
99 89 236 90 222 148 82 328 239 23
143 266 306 279 312 24 98 23 319 147
198 270 284 315 122 326 201 228 278 243
216 313 103 133 271 39 175 7 89 270
43 45 166 79 164 113 254 301 217 26
312 116 225 48 278 239 14 70 187 90
112 231 308 168 28 207 105 183 227 97
148 207 100 306 228 295 148 187 300 310
171 243 54 21 99 319 227 280 312 175
195 295 48 197 167 108 31 283 220 55
42 67 99 305 173 26 239 34 326 204
171 318 231 54 54 120 268 108 196 228
331 260 37 225 274 254 324 308 248 150
169 314 328 78 298 192 219 327 258 276
144 249 321 8 88 166 179 36 87 99
205 144 136 298 86 118 50 208 91 224
267 197 314 323 320 58 115 164 37 259
88 62 145 69 56 104 42 152 80 205
320 291 181 272 16 148 293 271 193 164
26 219 215 243 205 151 187 86 315 290
123 66 218 126 142 270 283 328 315 156
287 49 195 111 27 219 312 304 75 251
10000000 10000000 10000000 10000000 10000000 10000000 10000000 10000000 10000000 10000000
119 43 184 261 200 191 31 112 76 234
152 252 214 20 271 174 310 205 50 155
197 217 161 249 308 295 78 33 253 265
124 253 221 203 270 289 185 216 46 119
82 229 52 326 12 310 83 33 286 78
179 192 117 149 197 82 137 131 173 259
169 189 159 223 232 25 241 283 274 271
140 41 90 197 234 298 84 64 40 87
202 117 162 127 229 186 29 259 31 218
218 307 181 85 182 117 124 128 49 325
94 159 48 111 111 233 286 266 172 99
235 102 242 124 257 190 319 216 82 305
278 203 251 248 235 308 123 220 224 53
263 113 278 281 57 28 328 244 298 282
27 17 214 45 45 57 100 80 187 71
277 62 224 63 257 239 202 319 250 330
123 199 89 237 259 75 159 308 163 139
103 105 157 141 19 210 160 296 251 282
220 190 219 287 185 46 89 309 289 50
73 283 225 271 290 120 229 273 287 309
281 251 11 302 177 288 312 100 142 144
28 38 149 21 327 50 228 156 200 290
27 108 216 277 7 170 68 303 180 212
201 79 88 165 94 190 214 54 242 301
308 133 301 129 152 38 15 172 169 136
49 156 213 158 299 22 278 155 247 303
52 319 18 129 247 200 167 89 306 48
196 314 206 293 39 18 160 119 228 88
217 38 111 13 124 94 114 205 184 146
219 110 282 251 216 105 236 307 238 218
132 16 33 329 18 244 309 331 14 26
8 142 173 328 162 56 190 73 108 44
153 219 285 44 278 273 30 90 18 303
15 149 201 296 323 328 196 214 95 224
305 235 105 213 81 128 94 165 101 116
