10000000 10000000 10000000 10000000 10000000
68 184 122 144 98
75 165 20 128 147
198 315 262 82 14
193 32 220 181 153
95 153 69 278 267
19 330 63 297 110
15 15 117 241 308
90 165 156 249 115
95 122 12 141 38
211 62 259 32 133
167 319 67 159 292
278 311 156 177 40
317 163 56 200 148
185 299 246 31 256
238 72 262 174 273
269 22 171 143 204
166 288 182 104 78
159 162 5 190 182
294 15 301 221 199
243 244 14 231 32
128 219 16 302 90
134 180 13 122 107
78 201 68 68 166
163 220 131 122 148
240 201 80 201 124
25 71 228 131 228
83 121 167 285 156
108 194 58 271 151
120 279 181 24 164
207 13 326 326 29
35 291 29 211 190
301 170 287 123 29
123 246 311 293 145
276 316 88 136 328
204 7 129 32 230
205 177 86 134 295
320 241 200 108 157
293 147 59 70 207
277 60 293 223 304
84 72 110 105 52
135 203 238 74 100
309 179 25 212 190
169 284 232 284 138
51 170 14 208 147
47 80 234 121 149
12 57 221 41 135
152 117 173 234 173
320 64 239 139 105
60 292 84 182 80
80 155 71 189 90
7 259 269 131 101
250 291 95 78 152
90 259 149 291 293
183 140 316 130 252
244 93 138 163 33
252 217 194 51 96
271 84 59 192 281
51 24 247 224 28
45 179 82 283 271
86 196 321 25 227
313 273 262 118 44
299 23 299 217 18
240 182 60 317 213
224 223 185 327 187
223 246 281 25 290
204 5 292 10 11
25 92 306 115 166
135 116 193 55 90
148 289 164 134 71
58 278 53 225 48
85 255 134 267 104
282 72 110 151 227
93 188 34 22 300
100 232 263 255 312
107 284 234 179 224
181 57 32 274 227
89 321 183 245 303
158 68 297 132 319
227 274 317 102 181
161 110 146 276 157
242 23 95 315 78
327 137 113 118 8
201 82 224 138 186
229 23 296 100 311
162 104 41 70 311
57 93 91 280 320
202 208 65 15 237
37 261 100 254 324
251 91 307 217 22
275 159 290 98 316
50 115 113 299 201
176 285 12 310 64
319 210 141 159 90
10 68 266 92 39
52 20 6 108 302
301 10 109 240 58
191 48 59 11 135
295 43 22 53 120
38 48 69 200 171
24 106 166 100 252
148 35 198 202 84
84 239 194 167 194
297 17 123 321 259
271 82 311 14 330
275 10 220 169 198
187 217 38 120 159
143 263 165 152 241
136 230 219 268 88
114 93 160 47 171
212 187 79 244 251
10000000 10000000 10000000 10000000 10000000
243 250 54 54 136
22 201 6 37 59
101 107 172 162 109
65 111 249 142 279
219 118 193 17 181
252 319 226 29 191
285 209 308 239 39
143 53 199 185 328
184 286 70 173 31
105 25 98 10 112
162 266 282 63 297
121 93 139 136 145
43 174 104 192 149
64 200 53 200 195
297 268 263 282 100
75 170 266 82 247
16 279 34 211 191
13 83 180 158 170
29 15 173 182 89
16 185 299 105 153
67 220 10 298 77
172 264 313 249 105
20 259 244 272 212
119 42 14 11 330
124 235 33 132 85
240 318 141 12 120
71 115 37 26 288
213 65 10 42 136
298 174 17 283 152
243 112 68 326 295
162 194 190 62 305
43 69 299 56 191
63 277 94 121 71
26 252 130 125 30
74 139 168 119 73
278 305 239 70 180
91 11 174 33 87
297 179 14 34 65
50 297 102 9 263
89 256 44 224 88
159 327 7 41 275
45 88 248 156 270
146 241 79 311 91
176 35 167 162 280
291 11 11 127 103
189 52 326 315 244
133 10 52 27 12
309 88 37 234 33
145 50 146 133 137
235 18 107 104 133
283 42 265 78 32
253 208 59 302 181
262 187 184 240 39
65 120 317 187 180
215 177 89 32 298
209 169 66 58 136
182 33 243 146 66
139 107 317 53 247
281 275 139 205 276
37 161 164 33 261
163 8 310 9 158
112 192 236 76 84
323 266 36 204 260
9 140 247 124 60
27 329 89 81 93
46 211 207 177 31
150 223 149 48 112
222 143 297 74 65
174 157 327 52 267
79 128 271 63 89
36 35 303 147 238
49 76 198 140 126
85 121 9 313 200
17 227 266 32 72
266 177 272 262 82
99 82 39 209 93
216 270 293 105 199
318 20 121 110 240
9 162 146 7 115
203 149 169 208 78
106 37 49 170 215
53 136 42 64 193
274 143 316 176 212
319 181 82 233 185
76 282 87 246 121
314 198 76 12 51
163 299 74 247 256
121 143 25 86 193
43 64 87 294 260
173 193 217 312 180
77 95 219 292 300
193 292 220 185 28
130 321 281 138 221
17 23 314 73 276
71 306 193 19 70
157 250 37 215 274
48 17 39 145 167
67 62 97 52 104
305 53 293 65 309
282 58 91 64 91
22 154 217 299 253
91 54 193 12 290
250 198 293 51 30
205 235 16 59 31
200 161 254 322 299
216 229 75 251 314
28 299 117 211 193
313 176 323 62 47
207 278 104 138 298
125 179 158 129 310
10000000 10000000 10000000 10000000 10000000
11 231 222 75 87
165 184 232 328 166
160 310 294 43 158
136 298 61 96 99
8 263 284 175 213
199 36 215 263 274
246 27 325 225 246
310 161 304 107 220
182 152 75 149 75
27 184 179 215 276
69 176 284 127 314
275 44 216 186 195
79 280 234 114 228
142 71 26 175 302
139 90 294 222 174
235 263 90 74 234
308 302 271 128 276
138 17 46 289 81
250 100 49 19 106
252 75 67 168 16
91 253 21 306 176
98 54 174 5 297
149 186 194 215 305
196 45 155 167 242
244 86 16 199 322
49 120 172 146 292
35 112 43 149 37
98 128 234 265 231
292 125 288 317 177
135 14 85 83 139
178 103 111 11 216
97 180 289 191 121
163 7 51 280 137
17 212 295 267 319
97 314 224 115 139
321 260 204 257 175
79 169 154 52 288
234 273 194 154 109
232 72 110 295 322
18 102 68 161 327
134 141 22 323 142
188 287 266 22 309
88 53 145 257 141
297 174 108 55 276
278 160 128 263 266
218 46 165 134 163
199 89 308 192 131
264 91 328 233 154
141 236 82 311 267
253 71 295 23 128
298 128 77 31 87
193 220 287 305 316
145 7 37 216 232
222 202 27 41 100
46 184 35 149 128
132 41 5 99 133
31 134 169 276 268
300 227 59 48 304
80 280 249 193 189
327 296 298 306 49
87 8 176 15 59
8 76 64 31 6
126 119 121 42 326
83 88 292 11 120
249 327 61 229 313
123 69 94 164 151
263 206 280 20 79
9 298 235 56 279
170 155 243 51 162
185 271 224 243 257
240 210 238 107 233
147 43 100 308 22
180 122 189 58 280
172 111 153 277 117
180 258 225 33 209
220 50 111 228 171
167 132 309 246 312
193 119 289 267 165
83 8 315 306 169
161 162 54 272 87
94 163 323 24 45
257 297 301 151 30
110 303 252 328 29
138 227 39 83 240
22 265 179 182 14
255 236 215 78 63
197 120 204 233 29
97 280 184 194 221
169 62 279 64 178
270 183 182 315 317
47 39 59 162 127
135 16 236 112 292
174 113 127 89 44
289 190 204 272 65
288 116 296 155 129
215 110 155 42 14
97 160 95 324 246
248 177 206 309 321
202 245 127 258 17
201 116 206 76 179
309 131 57 151 196
36 162 115 215 318
99 147 67 104 15
11 21 177 295 256
92 37 52 223 307
168 20 310 36 94
11 225 103 306 134
200 257 198 162 78
84 67 85 19 119
56 278 317 127 284
10000000 10000000 10000000 10000000 10000000
43 106 285 183 134
14 288 48 289 104
213 36 241 72 190
107 96 146 255 293
285 123 243 197 279
126 71 75 210 8
140 113 286 74 269
329 165 185 133 265
307 184 48 300 260
264 293 8 288 260
321 156 307 82 156
302 282 221 315 97
124 25 267 204 179
11 9 56 55 320
265 45 99 80 229
142 130 233 319 84
75 322 95 322 196
71 71 99 275 270
139 311 249 256 28
183 238 285 237 165
239 233 60 250 198
58 192 324 159 57
276 202 150 231 320
237 28 271 42 78
143 61 161 165 98
120 170 193 285 171
175 224 160 124 283
191 253 115 82 325
73 101 61 215 144
34 175 123 67 284
39 266 314 278 127
19 297 98 150 186
81 177 151 272 221
236 317 65 105 21
8 159 57 75 169
224 137 143 17 159
299 170 276 180 53
47 213 133 253 78
234 74 220 281 19
224 128 286 18 259
248 171 44 40 174
136 166 57 146 53
190 101 6 44 8
327 53 255 98 244
313 174 235 26 147
26 45 217 102 9
30 98 222 104 24
46 274 28 64 47
306 149 273 15 167
36 160 132 260 132
195 75 198 112 205
231 219 249 54 79
262 143 240 114 311
270 239 119 174 67
252 134 185 99 233
287 78 135 82 219
35 134 114 268 326
249 244 45 186 209
77 42 160 113 194
278 232 294 176 207
255 104 306 246 61
294 195 15 141 311
117 307 190 122 107
295 325 292 210 92
15 83 33 43 329
19 285 11 261 189
48 84 9 202 24
155 118 182 164 274
94 18 296 164 224
236 204 221 109 259
107 16 167 64 37
123 82 80 214 234
311 229 181 114 282
187 130 305 119 300
161 100 123 138 308
194 141 252 167 236
271 179 207 24 233
237 176 51 308 121
227 212 183 296 147
180 308 176 280 183
56 304 128 178 79
263 20 120 271 151
322 293 195 125 152
30 85 119 165 289
285 201 73 253 145
153 302 124 239 137
168 272 162 212 81
104 30 29 63 171
204 187 209 64 203
27 25 22 251 203
152 201 266 146 329
66 11 39 134 245
151 169 72 207 305
283 199 328 135 160
232 244 115 68 272
301 242 91 129 104
303 239 21 11 111
279 305 33 170 313
104 61 27 40 221
273 329 113 51 250
250 155 137 294 204
325 172 221 66 78
58 227 315 224 119
102 145 206 314 11
73 152 316 320 274
296 31 178 162 299
99 286 150 23 268
297 60 112 117 282
160 158 254 312 130
239 238 305 24 221
10000000 10000000 10000000 10000000 10000000
193 127 247 218 164
221 155 75 49 28
273 192 293 154 99
310 98 320 177 293
146 72 298 124 12
150 259 252 130 261
134 100 318 200 130
129 93 224 173 122
147 178 325 275 166
51 196 223 276 223
285 35 28 285 58
276 130 233 219 136
128 38 97 92 285
68 158 310 300 141
178 135 9 312 46
32 11 179 169 45
66 72 210 283 81
263 95 73 78 315
122 265 311 276 264
298 164 67 248 300
129 219 141 213 104
166 102 319 70 136
98 166 298 212 43
121 221 147 300 217
223 75 292 74 107
124 180 34 67 286
179 79 117 185 145
264 286 229 271 86
75 114 39 32 145
162 62 140 202 191
40 320 301 324 301
17 168 181 295 106
206 250 207 102 25
18 252 247 321 107
274 270 56 303 45
182 198 236 138 299
216 96 99 71 11
300 226 107 204 109
96 200 40 253 285
297 49 290 201 81
59 49 101 76 35
103 196 299 57 245
266 271 179 109 285
158 274 99 244 52
145 171 149 137 184
229 49 204 35 81
125 186 44 42 138
305 186 42 281 276
227 190 239 168 86
258 138 58 111 80
13 80 10 191 172
295 114 329 262 325
70 273 44 230 36
114 311 91 328 262
307 314 248 75 90
278 329 279 94 212
77 268 51 114 196
323 41 30 121 150
160 280 206 326 324
225 191 275 240 227
111 299 244 115 62
167 257 100 296 232
306 150 15 29 5
79 231 212 226 19
168 9 222 36 187
147 178 113 78 29
82 307 79 307 130
67 71 81 210 275
76 256 279 284 262
12 153 134 109 39
130 197 290 23 292
311 195 101 45 330
291 97 56 102 257
13 99 108 206 257
33 265 132 152 85
127 286 112 44 175
142 12 160 258 119
323 262 146 183 262
127 228 218 285 121
110 20 199 157 72
260 114 196 55 117
78 307 38 187 49
186 122 102 169 43
148 172 140 290 292
208 155 129 307 48
243 185 119 15 207
208 32 234 222 220
107 328 296 267 89
281 293 176 183 319
201 247 141 39 7
207 319 261 90 101
245 252 327 93 223
89 174 268 196 23
59 109 6 59 293
169 230 235 313 53
41 287 14 280 85
50 209 163 120 66
272 218 74 172 142
48 130 148 125 232
229 123 185 209 214
7 67 107 136 11
99 37 237 217 28
54 114 177 15 216
146 103 40 188 40
109 277 53 28 236
285 44 85 22 322
179 19 182 92 110
97 307 81 107 300
213 303 205 38 176
262 9 126 106 90
10000000 10000000 10000000 10000000 10000000
60 269 175 217 186
327 52 19 329 64
223 279 264 206 6
101 244 25 284 99
141 224 220 286 52
290 252 29 48 45
316 7 81 268 176
134 199 321 138 220
155 211 151 296 303
166 309 323 19 290
319 47 189 117 236
85 143 254 46 44
85 97 205 121 97
202 127 325 21 242
317 56 280 272 14
234 265 180 208 146
15 268 34 34 198
282 311 164 255 121
77 207 29 248 23
158 232 254 89 220
248 122 251 29 8
11 119 224 175 159
141 291 131 136 19
77 118 19 202 166
96 276 187 265 151
243 170 115 203 194
121 148 139 153 224
190 55 88 247 8
305 50 303 210 317
221 266 121 174 309
303 158 12 65 313
85 74 101 115 165
39 135 15 67 186
172 125 224 256 317
282 93 242 140 290
72 112 80 292 216
86 189 154 211 96
47 12 150 34 56
40 179 191 233 31
64 206 206 235 19
34 290 326 169 327
38 212 74 143 90
237 41 322 204 247
62 286 35 52 311
8 5 240 102 284
46 195 96 104 133
169 49 269 267 162
132 325 150 190 258
261 146 301 300 226
138 76 216 296 71
21 51 232 107 90
290 246 201 99 163
204 299 180 184 280
227 325 238 121 153
330 224 304 261 137
190 114 24 318 72
295 319 216 18 65
71 209 73 265 260
97 294 42 126 39
86 211 227 32 222
281 236 206 63 143
215 313 19 135 104
141 97 322 304 231
226 144 242 57 211
180 184 49 272 96
236 198 49 49 321
153 241 121 67 267
269 66 47 172 113
262 238 55 171 262
268 149 102 210 124
193 95 131 42 49
54 228 54 152 259
38 13 208 92 39
285 145 116 42 14
52 212 309 298 102
146 162 219 238 174
10 130 124 193 200
107 167 238 30 150
39 115 10 200 250
312 237 39 121 93
324 114 130 186 59
162 42 53 223 233
135 39 124 97 304
10 77 101 98 293
73 29 315 26 308
182 94 110 132 163
55 75 209 78 324
8 130 294 229 113
120 318 70 87 321
257 200 201 222 236
143 269 138 112 119
296 305 315 85 292
44 5 228 44 107
194 199 140 77 229
78 226 234 312 144
307 114 243 121 140
9 273 98 256 223
314 273 120 139 176
100 108 316 125 169
134 225 113 173 206
143 290 115 246 232
81 200 11 65 222
247 38 81 173 131
321 251 100 276 192
73 254 7 229 73
205 20 252 91 198
83 43 141 51 184
88 192 85 239 197
245 327 253 31 183
175 310 211 191 156
10000000 10000000 10000000 10000000 10000000
195 146 17 48 30
178 245 315 258 85
105 89 264 137 306
35 216 187 10 11
297 48 88 313 188
280 252 293 281 150
132 296 44 106 52
111 18 32 245 38
99 286 31 28 326
107 46 101 123 175
35 175 83 139 220
68 62 114 286 199
10 312 162 314 109
219 28 23 61 72
70 8 175 60 72
180 240 205 48 231
265 99 319 263 323
175 208 20 30 188
257 256 192 256 111
283 149 269 66 75
161 105 297 304 248
33 277 74 320 141
78 192 143 304 213
234 145 191 311 227
309 181 268 54 181
219 93 178 256 115
227 199 251 330 204
65 270 38 214 135
228 19 144 96 143
37 88 257 283 167
187 44 125 57 105
221 318 115 189 11
66 289 292 236 148
188 310 93 161 322
306 188 15 101 301
63 300 68 308 102
69 132 115 74 91
281 120 118 171 12
323 302 197 185 30
201 259 48 58 102
326 95 259 114 202
41 59 296 325 254
199 142 80 256 61
197 190 138 22 159
259 277 161 310 212
77 262 68 188 38
318 17 204 199 220
102 25 145 239 76
16 206 247 56 216
5 178 278 79 123
32 198 227 80 69
222 93 21 33 139
287 296 64 186 114
8 24 218 122 132
24 101 256 125 164
280 291 237 211 180
51 215 249 262 310
305 256 52 117 169
289 159 64 23 101
163 124 265 95 117
53 203 103 173 163
57 119 306 20 280
119 178 261 10 113
287 46 243 198 7
113 264 45 76 106
185 242 147 287 185
140 313 265 210 112
171 308 25 111 194
103 281 152 112 11
251 88 42 201 317
301 71 154 120 150
65 303 290 264 288
162 134 78 262 83
260 55 219 43 301
129 84 195 295 319
247 303 39 191 301
125 311 180 156 129
113 292 118 227 206
317 57 247 9 204
155 295 214 135 317
68 59 154 205 89
96 310 145 128 66
178 165 258 72 283
6 200 289 37 209
126 98 238 139 12
12 45 189 324 234
117 29 24 119 245
238 54 257 245 137
156 86 183 274 294
237 123 273 5 32
17 247 320 5 272
120 29 289 53 91
251 59 25 292 192
185 130 172 254 152
191 120 196 129 115
174 255 301 161 85
130 101 241 146 29
94 7 47 188 226
31 225 184 297 110
274 249 278 294 74
42 237 307 96 328
295 155 81 268 118
166 240 314 126 284
25 273 36 72 76
15 70 75 117 79
311 121 63 287 80
262 43 54 329 314
311 141 65 133 78
70 159 16 8 69
239 219 84 295 146
10000000 10000000 10000000 10000000 10000000
205 175 222 30 228
302 125 325 273 137
271 34 228 256 171
92 49 36 168 33
221 321 277 214 320
90 299 149 29 256
77 169 43 39 279
116 205 113 145 49
216 319 29 246 10
105 86 158 61 145
309 60 49 43 321
238 241 172 219 310
226 248 22 218 64
266 215 80 38 137
231 144 168 233 326
319 330 197 296 135
172 37 129 208 79
324 277 232 141 322
249 90 61 108 257
5 172 270 177 24
72 316 23 187 65
37 258 155 243 130
271 136 94 134 226
297 27 312 95 236
24 11 118 205 292
47 203 16 65 56
25 121 139 153 256
65 148 257 104 47
324 269 321 250 317
18 67 235 264 182
251 170 210 64 320
179 259 280 212 43
197 153 177 65 216
300 216 269 279 241
33 88 322 153 135
110 78 258 150 326
193 292 292 45 13
51 80 15 219 178
259 132 73 93 293
317 62 151 192 14
101 92 147 308 134
198 182 100 70 163
38 46 221 283 26
294 70 202 82 138
103 230 90 280 227
35 175 87 91 200
14 268 28 176 33
196 205 172 202 59
36 282 83 14 167
130 82 147 276 15
123 220 111 275 239
162 126 244 126 57
208 112 311 236 98
33 209 225 290 142
117 136 19 308 207
90 68 133 327 247
223 149 33 264 205
134 164 70 255 24
18 225 85 227 84
50 78 165 152 201
227 172 318 165 56
7 100 61 245 219
121 118 18 175 24
130 157 170 112 150
222 219 89 79 41
169 305 150 214 191
181 146 295 230 274
85 73 69 211 158
85 135 61 144 28
59 303 314 314 330
136 150 94 83 193
144 6 241 192 28
200 204 321 45 236
153 207 225 205 229
46 72 224 232 308
204 176 34 180 244
86 324 57 276 29
128 216 84 304 30
40 292 279 20 199
284 221 5 51 144
224 179 15 17 26
251 189 170 177 133
102 254 324 109 182
302 256 327 66 319
146 259 143 7 131
119 312 321 318 11
320 241 11 256 321
166 39 61 250 193
6 16 122 296 155
108 229 30 145 243
186 153 63 17 327
18 130 120 257 153
250 67 64 57 37
124 279 66 55 184
48 142 171 263 275
317 64 105 180 8
69 23 245 200 193
53 94 230 76 203
94 171 105 171 328
201 229 178 137 174
256 270 212 101 321
236 68 250 269 282
49 215 84 17 328
238 260 88 286 314
173 64 67 169 158
133 289 6 71 21
239 279 314 324 295
137 12 154 154 198
48 207 213 65 150
84 176 176 31 293
10000000 10000000 10000000 10000000 10000000
286 187 71 13 246
265 272 159 81 129
267 66 104 286 287
296 52 37 136 102
266 324 131 269 312
58 137 329 17 242
28 241 315 126 246
180 128 77 87 116
160 299 146 181 327
193 140 208 225 169
158 202 268 128 129
66 150 28 296 58
247 116 146 8 62
59 277 322 269 35
120 44 226 216 118
91 120 286 115 256
21 50 31 275 87
83 288 73 97 271
64 51 293 259 181
281 83 7 24 28
251 221 155 110 274
183 253 180 117 202
309 86 37 24 147
219 265 113 329 157
186 162 212 247 64
329 136 216 17 143
214 21 85 231 42
114 55 160 164 66
245 324 103 306 192
135 223 206 102 140
120 116 24 211 181
203 299 297 279 117
105 242 297 303 77
88 189 325 310 301
49 45 322 146 108
275 285 235 151 215
168 312 136 165 171
54 250 282 324 188
89 104 48 7 32
6 72 80 272 67
128 246 328 37 316
161 115 254 181 225
35 315 56 38 274
191 80 79 122 65
160 49 155 120 207
104 243 221 130 327
307 327 326 117 249
315 238 218 155 60
232 150 196 157 56
90 108 43 318 175
74 270 101 173 97
220 81 285 84 300
52 320 262 49 124
237 226 232 235 300
134 40 306 76 287
201 161 55 164 241
280 188 194 67 64
127 183 105 180 25
158 5 162 58 244
305 156 255 74 110
241 72 186 308 73
118 268 266 329 184
329 186 223 256 91
216 312 168 68 145
253 31 204 92 28
158 163 55 126 281
175 214 263 75 10
79 77 329 261 179
321 79 239 190 310
8 67 188 10 257
21 116 93 52 179
46 315 186 84 127
140 10 279 206 229
19 225 52 56 197
131 206 48 181 164
176 117 50 39 186
294 107 107 52 165
316 312 68 128 61
96 174 194 258 270
10 88 47 266 322
132 148 275 77 105
283 294 138 134 71
236 15 244 202 117
235 206 251 60 312
194 244 238 224 269
303 127 297 11 35
298 33 214 207 110
217 35 165 55 271
79 115 29 261 54
227 192 314 15 319
122 36 322 229 328
271 77 126 101 115
78 318 154 314 60
273 76 320 57 234
175 317 127 299 167
96 38 30 58 301
176 288 18 274 222
79 287 5 46 106
80 21 69 143 280
224 130 115 159 298
67 152 63 112 33
287 208 178 216 103
51 5 188 44 23
205 200 206 69 110
302 310 299 89 314
253 246 57 51 170
93 262 174 167 183
101 143 76 62 73
287 164 29 309 201
39 284 202 323 293
10000000 10000000 10000000 10000000 10000000
269 143 242 82 270
289 84 67 154 159
204 299 314 306 125
308 246 280 180 127
323 179 200 84 199
67 74 139 169 109
213 23 313 170 305
259 44 175 220 123
12 167 243 319 167
90 255 93 245 200
84 151 46 43 6
247 311 269 9 56
109 169 9 91 273
237 229 85 110 110
216 234 322 225 255
69 103 301 306 130
199 115 214 205 229
88 117 325 114 108
103 183 10 153 175
248 56 238 72 309
191 181 256 204 234
247 49 200 128 53
158 102 268 73 161
165 327 178 65 152
16 157 15 145 117
182 136 282 286 160
198 300 97 125 78
151 219 232 22 312
316 245 253 75 107
127 59 173 271 82
272 96 187 294 93
24 99 126 248 198
141 240 305 226 38
145 295 244 26 199
258 260 145 260 217
186 76 217 63 315
213 27 43 288 146
131 33 244 288 330
323 219 178 11 90
177 294 149 26 183
241 165 239 289 145
56 71 175 285 62
59 159 119 217 285
111 296 311 87 317
24 58 132 151 323
321 252 40 251 244
152 199 129 259 224
252 235 296 76 235
122 165 228 255 168
226 312 122 189 18
9 297 24 111 185
52 150 243 255 122
98 176 10 257 311
227 176 138 204 166
175 69 287 262 92
176 299 113 267 187
321 39 128 174 325
44 118 102 151 6
43 305 212 325 329
118 172 11 108 237
114 55 263 29 63
179 31 104 117 85
135 304 304 310 243
251 171 292 104 38
34 242 179 136 245
228 297 173 37 298
256 195 98 146 187
280 272 94 214 33
14 296 50 94 149
222 56 165 218 243
214 170 236 6 313
247 8 100 225 38
173 58 84 163 282
136 204 300 232 213
21 262 229 83 52
70 273 7 59 285
198 34 90 162 167
248 74 281 193 157
269 276 174 74 90
157 305 67 66 244
184 288 238 136 145
85 197 311 28 302
228 144 317 229 47
150 85 113 38 293
258 105 231 316 7
16 26 5 226 229
78 274 134 206 103
101 222 293 223 32
62 212 234 106 168
259 296 19 275 94
288 216 313 328 307
35 59 306 212 12
286 147 214 46 326
314 261 305 219 169
235 21 144 121 181
88 234 54 240 305
102 74 271 61 310
22 26 216 40 319
329 155 120 28 21
246 241 66 313 206
73 236 31 159 249
290 325 151 284 186
214 203 128 29 190
26 86 298 168 82
111 297 109 168 221
137 116 278 39 134
257 13 274 328 265
22 156 318 320 241
249 63 34 301 28
325 88 221 305 64
10000000 10000000 10000000 10000000 10000000
94 255 128 86 87
225 311 208 294 329
207 56 129 261 98
279 229 297 237 199
83 32 70 5 282
288 247 157 314 33
59 178 71 118 220
236 112 88 321 330
223 142 79 72 258
210 71 21 78 244
201 305 280 282 98
115 61 169 160 19
219 93 87 241 58
22 21 158 13 74
328 156 144 281 320
242 187 115 210 63
301 5 154 109 134
101 30 145 238 248
167 6 156 78 201
95 219 24 212 211
320 67 286 136 246
27 231 254 29 47
265 269 90 307 226
131 240 96 44 321
291 42 244 220 248
41 256 317 100 179
184 5 299 68 312
246 109 128 54 247
310 171 251 54 265
306 201 100 70 313
187 310 196 249 281
175 35 167 242 128
319 37 85 223 183
330 73 63 210 21
319 227 163 15 325
238 133 229 78 51
267 198 33 269 36
320 121 87 274 284
271 182 218 313 188
48 124 16 7 28
95 25 276 158 236
162 196 325 164 326
278 66 20 190 130
9 261 178 216 142
276 44 180 329 95
41 9 94 209 158
150 21 167 320 208
273 243 144 264 48
286 294 99 220 245
290 312 292 143 290
27 149 314 198 62
212 7 223 302 27
306 5 243 181 87
165 240 140 213 174
153 284 114 89 254
157 315 279 207 245
13 216 200 253 193
112 77 76 259 220
183 165 24 99 268
108 107 151 58 56
298 152 105 101 168
259 88 19 282 16
318 242 158 324 45
184 193 166 47 142
160 35 107 116 110
182 222 250 72 120
277 293 299 88 39
179 98 120 216 151
170 28 228 328 309
70 30 291 67 134
225 88 203 32 114
108 325 237 201 128
40 297 116 17 108
116 166 220 282 150
138 280 313 121 257
212 165 200 298 196
189 199 111 84 266
160 122 184 322 33
160 10 286 78 144
181 237 314 174 188
270 279 174 219 115
218 163 309 98 168
161 173 241 302 303
97 129 58 52 105
222 221 79 242 114
41 54 158 33 114
315 324 251 114 254
68 163 265 104 15
189 235 60 110 305
40 179 258 46 122
229 139 76 163 329
190 29 168 110 135
281 122 300 90 19
48 230 322 219 265
132 177 209 295 31
205 66 269 86 14
230 166 173 204 69
6 306 193 292 45
276 7 44 24 304
193 10 151 273 63
95 54 27 329 98
281 330 249 235 7
211 71 148 235 291
133 237 79 143 145
190 62 167 42 184
234 243 20 188 95
138 208 297 250 226
294 53 33 306 233
111 134 187 27 142
77 239 283 81 139
10000000 10000000 10000000 10000000 10000000
73 203 96 89 44
166 145 196 212 154
179 32 229 135 52
216 113 73 50 311
195 193 81 49 310
212 202 84 255 162
71 85 182 308 289
295 187 200 160 16
255 62 62 312 79
258 20 261 179 78
116 32 18 96 246
119 289 322 157 22
13 207 163 174 225
311 143 12 206 101
327 215 230 259 56
167 157 219 101 113
126 140 177 315 146
271 186 73 211 91
58 307 273 328 106
306 173 284 311 172
93 290 159 199 234
45 121 229 41 235
72 162 176 244 240
97 143 197 145 137
258 262 255 14 274
235 111 185 184 5
108 159 217 250 11
155 212 296 262 59
88 307 62 200 36
153 83 92 98 292
200 155 144 300 324
310 242 36 54 32
160 228 115 321 255
106 99 52 16 223
302 198 244 181 245
94 138 289 285 183
304 327 328 12 98
193 87 229 49 206
308 318 36 41 144
110 101 308 228 312
213 259 225 135 93
152 287 131 224 311
117 141 20 257 287
305 277 102 68 193
297 58 72 41 267
266 292 188 151 283
68 221 206 49 57
81 184 240 191 328
190 197 83 60 245
88 290 203 217 304
219 142 144 187 138
210 184 235 173 272
52 148 84 276 151
208 329 77 313 120
6 315 20 93 187
222 168 29 138 303
269 274 253 215 241
38 314 36 105 37
24 92 37 170 69
307 154 87 6 91
275 329 113 148 124
135 100 275 193 306
102 96 68 120 131
281 21 181 190 326
169 146 132 138 86
238 115 228 287 176
30 108 21 228 187
231 233 235 103 171
54 266 222 147 112
127 24 109 302 48
12 85 16 14 200
112 94 242 78 258
275 9 301 65 54
172 171 17 273 133
222 108 68 130 78
78 53 121 261 40
241 198 224 265 39
246 43 29 233 294
187 237 205 86 267
74 100 324 90 154
128 118 265 76 306
85 273 115 73 145
111 171 98 122 60
79 220 169 63 16
69 282 195 316 67
213 62 56 325 60
148 157 93 299 73
179 52 163 9 225
48 156 63 288 257
91 219 188 53 261
286 36 177 169 19
316 294 316 211 35
217 93 177 238 77
130 276 307 34 140
189 21 138 295 121
304 250 308 250 104
183 104 179 156 12
224 111 232 89 46
219 44 171 280 259
320 242 161 71 316
302 91 217 145 194
191 61 6 141 104
251 28 85 275 319
35 182 102 153 133
135 281 307 231 322
31 209 159 288 323
191 50 85 127 304
308 164 35 108 133
35 145 304 34 175
253 223 178 147 267
10000000 10000000 10000000 10000000 10000000
200 139 247 296 10
35 71 227 107 83
320 200 283 208 52
122 263 57 293 87
308 181 112 69 252
242 194 233 13 138
40 265 45 103 124
182 254 106 89 223
22 186 181 30 82
131 20 218 233 22
145 159 162 149 10
187 73 136 45 65
62 55 163 280 119
268 53 73 198 145
185 255 270 141 296
215 108 249 252 61
174 88 290 222 249
291 126 280 225 288
56 181 39 294 192
203 90 255 37 24
270 59 323 57 312
214 250 250 179 300
120 250 295 310 107
89 174 256 267 168
53 137 82 231 282
74 217 132 211 212
208 164 91 330 130
44 46 286 10 142
232 126 175 143 96
14 202 110 266 10
119 54 8 8 46
40 190 110 260 110
107 167 42 301 247
291 120 120 88 24
28 225 319 193 293
227 213 18 313 66
205 215 86 113 312
211 60 32 217 238
240 275 217 204 250
73 93 182 304 308
169 264 106 189 115
87 285 311 106 216
322 146 52 287 187
253 10 198 68 67
52 48 198 6 203
257 58 49 150 51
119 265 149 110 259
103 203 55 208 284
69 117 30 186 326
144 117 167 183 22
242 142 274 39 304
255 212 190 254 226
14 284 210 65 177
258 31 231 210 191
247 23 206 51 58
163 144 330 118 309
27 184 29 227 230
170 96 131 180 78
161 122 24 119 75
180 282 263 163 147
241 101 66 306 289
28 295 320 45 47
236 193 215 14 247
56 313 188 260 205
11 233 249 86 297
326 45 134 97 13
11 306 249 95 52
43 76 62 136 65
166 11 303 31 283
157 275 292 305 114
50 277 279 244 305
204 249 257 256 242
118 96 200 147 131
146 187 323 134 107
118 189 306 55 235
218 280 94 162 109
34 139 99 291 61
92 309 155 260 259
291 295 35 166 185
294 113 174 162 183
176 98 120 112 225
166 35 118 321 15
80 274 30 178 23
80 178 57 82 200
273 109 268 76 75
149 103 144 264 5
79 16 43 200 238
88 166 160 41 264
216 136 196 231 88
80 112 221 38 182
313 97 270 75 323
11 38 28 82 317
28 133 173 7 235
167 21 159 320 229
16 321 204 175 253
167 288 114 60 66
298 55 259 177 127
75 219 184 144 329
27 101 32 242 10
279 34 107 274 232
262 122 241 122 75
174 186 15 240 254
33 305 226 202 133
77 87 230 260 90
283 61 195 103 280
35 261 194 287 7
202 225 180 32 90
169 252 198 174 284
125 52 64 217 273
135 320 221 139 14
10000000 10000000 10000000 10000000 10000000
65 52 26 98 200
124 123 259 293 205
304 302 30 132 191
264 252 115 27 62
215 244 162 26 103
194 27 226 148 189
260 73 6 261 199
54 256 313 259 172
25 91 162 81 70
295 250 120 283 91
308 288 64 102 199
188 223 142 186 258
168 207 133 215 87
74 77 319 127 239
48 147 199 252 310
66 189 17 299 113
187 286 214 187 213
297 281 324 299 110
107 149 18 276 151
326 36 271 119 65
296 232 126 63 171
138 23 270 125 315
39 27 28 30 144
130 23 25 41 53
152 135 173 158 225
147 37 274 141 267
328 115 6 82 200
55 28 237 20 175
171 274 202 72 69
313 305 135 63 44
287 214 66 199 250
71 177 330 328 272
16 46 279 305 209
230 217 66 194 53
26 179 58 50 67
37 73 68 116 278
27 25 168 133 153
157 177 199 179 249
146 70 208 194 309
306 114 10 234 287
109 300 167 279 115
127 277 140 76 150
90 35 49 119 61
286 55 312 312 301
204 205 228 203 186
255 153 167 98 76
149 281 312 321 70
86 159 30 228 217
284 289 266 46 225
100 16 19 22 31
148 238 312 90 301
176 323 328 312 268
109 266 236 270 184
37 195 145 291 141
282 135 165 246 252
42 76 217 284 23
118 297 255 269 301
206 41 5 12 306
94 286 32 193 106
200 239 315 49 260
204 213 90 61 287
144 16 269 92 21
77 244 96 57 310
82 276 39 281 297
6 257 284 41 240
15 251 250 316 43
102 271 146 321 310
283 32 301 271 199
76 190 35 97 216
140 41 203 89 120
23 233 13 45 208
280 119 300 142 46
201 310 11 86 88
23 86 117 98 95
255 149 132 145 239
144 219 84 127 87
20 119 163 107 19
240 205 209 198 207
94 270 97 34 67
53 318 277 201 57
92 188 200 91 292
98 88 170 214 294
59 5 197 308 154
181 190 175 130 259
137 79 45 314 199
44 299 250 237 214
244 199 35 173 278
64 73 203 235 211
137 175 56 150 176
124 44 179 276 291
48 63 285 129 148
321 129 289 323 118
215 323 40 61 13
27 60 113 294 234
63 132 177 47 101
229 54 14 47 307
40 321 182 278 171
64 106 213 113 58
77 41 121 154 330
10 217 132 264 281
123 183 102 135 223
96 10 48 102 40
118 149 61 27 277
78 152 277 83 53
245 187 83 321 330
314 83 325 253 293
242 252 253 256 166
261 232 230 171 260
94 124 307 77 135
240 221 238 104 107
10000000 10000000 10000000 10000000 10000000
177 53 142 173 138
228 150 145 9 327
6 136 15 93 177
7 252 292 120 6
59 212 124 223 27
33 277 274 232 91
241 203 286 223 5
130 185 294 33 199
27 138 112 99 135
137 304 170 317 143
252 90 60 152 185
35 281 127 36 73
94 98 288 148 242
35 295 151 229 49
195 79 293 104 56
46 56 261 37 127
259 46 328 109 89
158 138 98 267 152
287 11 288 309 150
261 79 274 185 262
147 306 96 166 98
217 34 43 324 119
182 90 264 310 313
100 52 46 238 294
230 325 120 7 56
157 320 115 69 114
112 136 291 69 94
247 114 290 305 284
158 33 64 319 243
159 327 145 249 23
239 195 192 243 105
163 55 210 274 9
93 213 88 240 7
118 207 113 301 270
306 141 270 160 307
90 66 95 258 177
150 113 5 92 275
47 52 117 276 253
316 241 38 257 204
257 48 244 222 292
77 242 8 242 15
325 265 264 276 314
252 147 273 268 213
126 254 286 216 288
326 282 321 196 218
217 145 61 15 5
290 126 218 167 146
180 309 68 240 9
60 121 246 36 303
85 91 168 175 196
218 315 199 204 329
85 86 274 95 245
90 243 313 79 324
41 179 207 109 47
57 316 164 297 282
286 275 239 309 319
248 250 297 308 148
34 240 41 192 40
210 186 243 274 115
106 85 240 177 314
203 156 58 26 261
223 83 157 166 91
182 92 6 326 121
79 231 239 200 262
233 322 259 224 254
73 313 114 256 285
147 80 264 261 180
46 84 268 147 146
25 267 105 273 81
183 5 87 258 206
51 46 168 265 48
140 258 153 53 115
231 286 107 308 329
317 46 8 259 18
19 243 71 297 145
176 206 183 121 70
266 259 24 186 137
106 69 162 38 177
124 18 224 80 290
241 67 19 41 72
229 7 232 9 227
309 252 253 92 162
213 187 229 136 197
239 90 329 150 111
270 299 293 168 211
256 263 18 226 202
279 142 174 79 216
102 17 199 35 8
149 192 88 163 275
76 53 17 257 223
305 185 48 278 10
262 282 9 178 194
244 112 19 70 192
282 323 210 83 46
23 222 125 264 230
44 154 255 91 249
119 113 202 27 253
307 121 317 70 278
201 53 297 259 238
220 258 112 186 257
55 24 280 117 19
155 145 242 88 58
87 147 32 228 60
128 224 27 96 119
130 146 206 227 133
166 114 113 264 326
323 125 277 185 67
64 306 92 196 214
88 95 72 240 281
46 252 50 109 201
10000000 10000000 10000000 10000000 10000000
5 64 6 166 105
257 212 171 74 201
64 220 139 148 263
240 167 171 254 119
155 42 286 33 128
318 24 283 230 8
167 94 108 156 307
71 251 125 319 175
289 19 48 211 94
126 190 277 26 255
182 78 13 283 9
286 227 261 197 303
279 282 181 236 81
281 288 298 10 12
133 242 90 17 127
159 120 15 186 11
9 149 44 12 136
148 33 83 42 189
264 79 222 63 277
182 124 251 179 328
223 129 46 151 138
173 211 41 264 139
269 258 229 224 134
168 232 181 215 223
36 33 18 189 225
330 215 45 323 113
125 321 138 136 76
170 96 170 147 90
26 228 36 123 308
90 74 73 330 32
10 97 159 204 98
168 249 197 110 11
199 47 294 66 75
231 112 51 45 291
181 63 16 118 177
170 166 197 322 32
218 176 316 221 314
196 194 143 43 296
67 89 244 54 60
81 60 77 35 313
63 88 221 106 247
163 27 265 30 170
329 295 245 110 168
186 235 268 52 145
163 277 111 241 312
273 6 209 215 62
134 186 19 224 278
274 44 192 212 195
192 183 69 75 196
91 229 290 286 210
178 225 87 9 78
202 107 6 43 240
275 70 301 42 18
90 305 26 41 166
266 236 220 271 233
321 141 117 92 28
272 207 323 10 163
322 93 183 235 281
280 68 258 213 132
263 217 215 231 147
248 260 204 44 329
224 165 7 214 329
62 13 142 149 179
246 94 318 152 189
138 241 264 192 42
176 270 44 233 242
311 241 34 283 124
200 236 191 220 316
191 161 174 129 95
322 70 259 56 231
23 324 323 169 300
161 103 98 20 255
153 265 233 221 9
91 164 314 162 24
240 233 258 322 237
222 69 264 141 215
103 207 272 191 106
204 327 90 310 281
28 214 287 49 181
320 291 47 221 23
288 15 116 254 63
120 269 91 107 39
229 59 298 40 122
141 153 233 303 20
158 131 137 97 303
202 208 170 279 103
193 90 186 321 217
113 217 132 260 284
59 245 294 114 92
244 325 283 297 21
42 122 263 57 209
301 154 91 131 294
27 283 159 15 285
190 282 14 253 127
264 153 54 236 92
95 268 214 144 82
220 17 67 318 263
162 193 64 174 11
63 112 233 274 233
211 309 171 91 134
269 72 189 132 58
119 300 270 327 172
49 168 38 302 51
27 35 217 224 174
253 305 99 320 77
289 258 236 55 136
258 113 35 253 6
180 260 149 145 117
313 229 66 219 301
83 121 21 153 251
10000000 10000000 10000000 10000000 10000000
65 175 104 312 58
310 224 274 276 102
101 198 274 71 234
176 328 213 34 292
294 116 248 298 17
239 186 207 146 139
308 69 85 30 127
65 113 12 5 71
28 274 249 205 302
221 62 252 62 185
176 195 282 68 283
76 137 263 196 325
241 277 222 233 138
162 300 268 230 207
244 138 189 53 298
185 62 310 141 26
40 80 137 90 192
40 61 307 81 223
129 111 63 201 257
100 221 197 302 127
72 57 63 150 193
258 144 106 47 301
206 206 231 319 190
6 23 131 159 81
87 317 8 243 57
307 33 243 280 30
98 93 25 84 11
212 151 138 305 144
327 99 298 271 301
154 238 282 15 209
126 204 315 276 162
304 198 314 59 304
271 93 103 173 265
277 84 43 73 105
194 235 239 305 128
270 30 29 324 164
177 173 115 14 76
216 82 50 162 88
58 120 155 302 98
62 146 194 237 298
257 20 39 23 62
134 304 29 318 287
326 32 256 165 166
330 49 309 235 174
278 231 311 30 108
272 196 144 33 98
66 289 170 124 242
103 304 317 69 213
31 257 29 112 124
296 205 282 25 14
297 274 124 63 126
266 203 144 28 162
123 203 237 260 308
208 132 208 127 111
308 77 9 216 241
171 132 203 74 165
256 304 267 227 185
192 74 301 200 208
323 179 126 180 142
247 78 233 110 254
227 110 147 258 66
86 274 13 257 187
10 9 257 86 269
87 241 36 173 164
150 160 10 102 302
147 308 88 284 276
180 38 106 91 321
262 269 316 145 30
199 295 304 307 235
116 305 60 194 45
286 64 192 199 28
326 279 239 43 124
289 54 224 220 325
193 205 142 73 99
292 85 64 308 165
50 78 155 45 68
120 132 106 127 240
65 136 228 276 10
144 196 184 123 243
78 287 125 308 152
228 97 154 77 65
57 19 229 32 288
132 281 145 58 152
270 274 88 222 191
113 16 212 171 197
181 10 224 155 261
6 31 306 29 147
264 57 50 38 318
108 201 87 40 12
320 169 225 243 51
323 144 136 27 274
256 215 84 131 272
166 103 324 292 183
121 265 245 179 163
284 55 102 197 201
299 299 9 269 54
255 47 241 149 174
320 225 265 21 323
60 137 132 13 289
141 59 251 37 183
184 324 243 36 176
24 15 169 36 65
262 154 213 121 306
305 181 177 325 164
187 177 314 311 61
9 28 137 32 90
315 329 125 250 128
230 131 220 151 237
113 107 25 101 32
242 255 238 80 275
10000000 10000000 10000000 10000000 10000000
211 294 322 35 254
144 255 279 243 129
282 265 56 255 295
76 194 65 237 253
205 139 32 319 62
83 286 257 231 315
252 93 41 35 324
12 168 200 55 321
26 121 65 169 132
137 282 114 147 132
142 85 247 180 11
143 19 161 290 315
129 113 229 330 15
169 87 128 187 130
124 116 236 60 141
262 114 208 122 292
110 121 126 50 252
82 294 88 158 285
270 247 72 175 206
124 284 302 27 142
21 30 125 114 93
209 179 324 97 265
98 36 68 87 215
70 157 212 136 24
21 48 151 93 66
31 237 202 256 18
46 45 80 321 12
88 171 169 35 174
198 225 240 311 28
325 43 276 39 169
103 87 61 199 221
84 198 196 173 15
104 82 275 307 226
263 278 287 327 11
60 7 273 129 280
258 30 102 24 186
45 209 73 73 267
294 147 10 272 57
291 77 70 232 11
36 63 37 268 101
283 86 287 261 35
157 91 324 240 198
191 137 230 260 158
227 186 225 276 187
260 290 269 284 299
250 66 108 7 313
57 273 111 194 201
320 104 9 123 232
24 226 266 117 119
141 180 236 290 163
264 177 189 99 316
177 201 313 20 71
171 229 37 105 308
63 193 218 172 224
145 23 87 147 44
118 229 249 172 328
24 9 36 87 155
52 234 224 38 301
200 9 265 70 187
198 175 45 26 315
293 205 272 137 288
235 274 134 130 152
83 268 108 110 301
306 195 169 263 230
301 38 66 189 153
266 273 76 157 241
223 17 210 202 138
47 222 327 190 287
81 106 189 80 177
217 272 138 150 8
223 194 191 202 145
176 322 147 18 140
180 193 329 198 270
203 51 329 162 309
145 79 329 228 130
92 121 261 122 292
243 105 259 316 163
206 276 157 61 88
47 26 114 115 98
74 286 92 76 237
154 206 130 311 78
288 55 54 143 145
28 246 204 272 168
45 179 197 243 79
257 19 215 235 227
57 180 301 319 158
245 327 85 210 63
22 213 280 9 88
285 178 289 164 104
137 165 255 249 125
16 243 6 197 300
100 128 95 36 22
142 319 198 127 235
253 210 61 322 320
264 311 265 164 129
272 253 185 10 45
172 113 12 159 143
293 244 239 52 73
174 28 77 259 272
216 181 33 86 302
139 175 56 182 169
61 162 82 137 163
85 144 209 256 200
228 309 280 201 115
39 257 199 230 112
11 153 301 112 117
101 260 292 181 148
123 121 10 287 222
215 254 309 265 209
329 252 255 307 310
10000000 10000000 10000000 10000000 10000000
192 222 97 20 232
260 85 8 140 218
213 274 83 146 93
147 263 291 222 289
208 42 255 51 108
245 214 292 290 134
280 114 299 90 174
222 106 267 294 206
215 225 61 226 264
68 282 141 256 273
246 289 250 184 107
89 19 273 13 68
21 295 51 310 70
118 246 308 122 176
45 286 118 75 45
327 301 41 53 22
196 46 43 317 43
303 116 18 193 48
155 227 113 149 191
238 70 15 294 39
281 172 45 182 103
68 48 260 115 148
71 40 281 283 51
265 259 181 101 24
148 275 153 326 152
23 277 278 23 171
145 323 249 160 33
319 285 268 300 89
11 33 30 178 324
127 191 308 295 251
240 271 274 123 274
300 122 241 152 312
66 142 30 279 124
82 198 217 311 269
248 36 5 131 101
172 283 76 70 72
87 23 279 327 274
294 292 310 157 66
17 192 74 295 235
121 321 320 65 265
236 114 252 274 266
149 106 301 135 261
247 204 120 13 215
59 299 129 290 57
213 52 250 22 193
61 283 269 115 235
329 311 38 129 197
152 110 201 234 312
261 310 259 90 209
152 262 151 151 146
134 171 34 22 202
27 315 65 49 313
112 146 330 235 89
288 303 158 324 162
204 326 188 216 227
26 12 187 310 183
9 51 79 196 273
252 22 207 92 146
314 169 247 66 281
309 244 324 174 272
56 298 319 15 271
18 68 54 238 32
51 109 179 72 266
219 77 217 198 310
271 153 282 170 288
46 103 133 207 260
160 152 248 73 50
156 137 20 168 50
242 266 283 232 318
57 273 299 27 154
26 100 202 59 208
225 282 309 96 99
122 93 156 214 154
216 303 198 101 102
181 223 191 45 320
117 212 276 168 48
187 48 232 60 103
99 45 328 73 271
119 79 279 279 20
130 295 270 197 52
221 205 237 218 82
98 181 235 215 28
162 165 236 228 285
109 128 155 76 310
26 193 192 202 271
66 71 291 251 23
211 281 265 202 156
301 234 236 296 124
239 108 145 53 15
55 79 254 30 154
193 10 11 210 103
38 65 67 133 133
159 141 201 81 29
149 120 127 183 316
129 81 320 14 55
114 175 231 304 57
64 223 193 150 106
115 295 267 66 31
76 51 326 169 274
140 267 251 110 184
55 134 111 55 246
201 26 36 44 241
316 263 189 197 178
7 213 54 170 303
274 198 50 275 18
38 307 197 306 223
233 12 202 301 196
70 78 204 317 292
197 13 132 283 6
16 204 326 203 37
10000000 10000000 10000000 10000000 10000000
32 282 313 207 198
238 310 147 184 283
124 198 5 269 32
12 265 311 119 50
163 131 28 182 250
75 274 188 63 40
122 19 24 8 17
171 318 194 289 178
235 8 189 112 285
284 72 150 195 262
10 21 187 74 207
280 179 208 303 58
299 42 203 31 281
233 160 329 54 271
154 99 59 188 309
136 32 253 128 314
223 13 64 64 99
229 285 130 298 323
206 201 43 56 259
29 238 261 260 234
305 107 225 212 305
252 17 269 54 122
237 45 126 282 224
40 34 138 127 83
127 287 197 138 52
255 182 46 45 113
230 19 248 178 96
44 298 276 218 318
202 320 314 149 119
212 220 229 234 183
318 243 32 164 158
257 245 252 178 29
271 304 25 171 32
27 139 8 249 165
244 36 240 261 83
259 146 69 309 183
230 154 243 137 295
135 187 28 104 47
188 135 263 96 305
183 119 178 202 76
10 57 56 240 169
53 68 175 284 176
311 42 214 149 218
14 325 274 186 258
150 240 30 167 104
258 205 306 14 141
8 15 315 312 142
169 33 176 46 158
173 181 15 290 226
203 241 329 251 221
214 28 133 126 18
49 252 264 35 259
194 108 11 8 194
283 260 330 148 177
65 318 72 143 22
113 220 24 201 281
282 180 182 24 96
85 109 141 213 259
75 298 116 110 38
136 98 56 74 170
323 180 179 115 191
134 239 12 257 131
130 90 116 153 110
77 161 67 313 195
16 154 172 84 308
224 49 24 265 186
325 105 257 321 18
221 287 268 108 312
91 161 54 6 254
224 298 291 77 282
76 80 12 26 17
258 186 37 217 66
282 169 155 172 282
194 29 73 39 256
45 47 16 51 206
263 128 254 231 221
97 7 224 230 187
246 236 122 264 68
18 211 59 224 274
309 240 320 60 86
183 10 37 55 58
196 315 83 270 78
49 282 248 150 284
112 210 293 196 136
60 91 86 21 45
328 276 327 207 305
259 127 269 203 13
267 60 314 166 58
207 149 314 76 324
122 133 80 191 60
306 320 137 85 83
37 198 215 80 89
115 257 227 180 154
159 165 43 312 96
32 170 34 107 227
55 20 232 104 192
88 25 303 281 103
71 36 56 286 34
307 293 142 256 95
11 130 217 323 243
214 68 12 111 257
67 104 293 64 316
99 246 208 72 259
184 162 290 91 215
204 60 62 50 231
238 315 101 32 139
109 233 24 65 101
150 276 104 229 272
158 175 150 194 215
180 136 245 309 257
10000000 10000000 10000000 10000000 10000000
250 126 279 306 93
90 135 31 40 173
252 145 130 134 255
201 211 34 38 59
33 267 314 27 155
182 255 141 220 303
144 304 48 175 13
34 286 210 253 267
235 160 184 131 293
297 64 286 187 129
159 213 60 141 326
44 237 174 234 18
12 284 295 253 288
318 63 64 225 180
65 257 297 259 58
288 285 149 86 312
310 275 222 30 191
175 136 10 84 16
308 149 41 298 99
234 192 181 134 46
62 119 192 160 149
106 190 50 300 65
71 189 267 203 314
46 122 241 219 55
221 101 318 10 200
142 94 90 276 128
201 261 230 309 316
212 209 244 22 299
123 113 169 158 281
8 329 131 185 114
157 173 92 214 222
55 179 218 163 298
48 72 222 44 277
313 297 122 59 177
158 123 38 154 75
156 214 325 211 86
217 222 197 75 248
17 284 205 328 168
177 83 131 222 223
96 152 188 126 215
85 261 34 43 224
328 209 41 200 175
208 301 185 122 317
6 189 98 287 139
272 121 55 219 227
314 200 178 35 178
81 167 194 90 150
7 62 6 243 208
112 211 328 175 113
254 133 294 49 46
102 204 22 165 327
324 108 150 31 289
53 222 202 71 287
5 205 12 325 160
50 165 285 223 254
46 23 16 8 22
118 129 223 275 283
279 219 185 101 155
259 69 294 16 158
31 19 27 136 237
197 275 167 182 322
171 99 261 45 188
253 134 235 264 61
135 188 147 162 5
210 40 314 294 322
193 30 213 290 276
329 115 267 65 188
81 155 190 110 149
309 82 63 132 139
15 85 189 271 311
248 172 198 323 171
302 296 124 78 39
21 323 260 33 170
5 298 301 176 202
110 197 299 278 195
291 281 199 149 17
174 186 290 266 195
84 142 203 54 115
93 271 16 219 272
138 225 89 231 138
301 194 262 231 123
101 136 9 212 260
239 303 76 256 273
138 193 169 93 297
267 23 86 326 117
236 275 36 182 12
95 70 215 313 294
124 296 97 9 187
181 256 258 194 271
23 254 114 171 248
257 67 277 55 124
261 123 21 73 82
60 319 187 59 221
92 323 223 13 267
272 133 132 80 214
180 296 323 114 86
116 227 14 165 23
203 59 33 230 211
60 261 291 7 264
269 184 229 290 298
212 228 115 172 292
290 275 215 327 176
253 329 289 111 214
267 14 156 10 220
244 105 52 19 40
313 327 31 128 97
144 116 279 175 84
75 91 46 125 323
320 7 134 301 63
107 247 167 43 298
10000000 10000000 10000000 10000000 10000000
326 158 211 52 249
161 108 90 190 290
50 171 276 188 228
53 328 15 145 203
155 322 212 162 46
330 313 227 261 193
97 294 176 17 19
248 259 226 38 254
312 314 179 25 325
283 196 91 18 5
251 290 314 16 185
265 174 25 302 147
60 236 252 91 103
95 15 169 249 5
318 162 84 101 103
66 24 301 133 219
237 269 299 119 134
188 266 175 88 152
234 267 81 179 55
109 277 272 296 237
125 112 106 136 88
300 199 37 229 215
60 21 64 202 180
275 264 97 48 205
196 8 239 139 121
313 228 265 182 271
249 123 312 9 52
232 254 289 74 271
104 25 88 325 280
127 192 315 41 39
299 160 182 263 129
300 160 147 45 238
21 297 66 300 193
229 280 14 304 146
210 84 66 96 138
158 72 49 233 305
305 50 129 306 232
33 212 195 94 114
166 58 34 192 185
54 42 273 195 246
328 41 230 77 150
161 151 189 129 210
106 198 166 215 213
172 137 161 172 259
127 173 316 210 242
324 106 236 193 141
285 113 172 325 139
146 146 192 280 127
150 284 248 123 108
115 266 249 248 63
285 190 311 38 110
63 114 121 123 259
193 226 242 179 112
288 241 295 275 211
120 297 308 72 239
65 313 30 93 324
220 36 71 317 218
294 240 33 51 39
69 321 225 116 78
122 138 114 281 115
222 317 160 301 228
190 147 192 179 311
247 179 206 244 234
40 322 299 323 238
327 233 51 95 257
18 138 256 141 162
194 214 330 129 328
169 143 151 11 43
177 201 287 119 5
249 93 295 5 86
179 206 242 133 107
206 235 199 50 145
330 49 322 55 238
43 18 286 295 315
41 303 29 20 69
161 112 21 105 250
205 13 30 188 46
310 220 53 258 87
235 110 66 47 45
325 305 307 155 196
257 45 127 114 220
110 175 53 25 40
15 101 137 73 230
32 144 100 137 198
231 23 111 277 108
181 137 53 153 253
149 138 232 21 27
237 277 329 112 25
144 296 205 106 277
220 202 241 149 131
35 144 206 229 66
44 287 154 317 101
59 153 28 104 69
319 207 122 92 196
112 34 63 156 101
108 319 257 212 171
182 164 284 80 261
306 63 142 267 329
23 227 76 167 305
95 146 302 116 303
254 319 262 188 265
37 325 176 261 53
241 241 265 81 309
30 247 190 139 317
123 116 50 176 303
93 184 111 247 51
83 245 281 286 8
247 83 112 33 300
150 236 284 328 167
169 27 16 103 116
10000000 10000000 10000000 10000000 10000000
292 224 311 157 153
163 300 19 153 122
174 141 160 218 65
127 301 275 329 100
126 79 174 279 311
19 244 190 262 35
195 232 218 52 206
122 100 125 189 270
264 155 327 37 241
266 326 193 301 143
34 60 197 103 157
305 74 330 312 60
117 313 17 186 21
250 174 151 228 135
182 159 124 263 103
189 281 217 148 92
198 51 292 8 212
229 109 165 69 304
21 318 51 77 329
269 51 109 131 116
320 244 165 45 186
236 69 150 323 177
40 316 204 6 236
53 327 164 241 308
220 98 125 54 276
264 180 36 50 200
149 87 79 69 299
124 257 230 28 218
188 312 88 51 31
217 266 49 69 100
180 241 180 191 190
199 129 266 73 281
306 268 172 45 317
246 174 218 77 117
301 228 141 274 76
35 101 222 42 189
272 325 305 93 85
145 203 239 115 270
151 300 19 107 193
152 194 213 40 195
7 225 305 246 221
258 239 114 291 136
239 263 34 199 237
301 119 229 70 258
45 139 172 327 57
103 63 284 139 273
187 38 272 45 255
170 63 190 5 13
305 15 302 131 102
323 207 143 157 18
326 12 324 40 295
184 152 267 33 273
325 245 95 57 255
163 51 60 327 211
23 248 71 316 42
59 54 320 107 323
88 61 252 192 221
75 192 150 115 80
141 226 74 197 73
173 131 146 155 208
146 89 38 18 310
27 204 273 301 223
136 316 299 144 286
204 282 154 262 61
41 209 34 72 137
143 92 193 277 282
157 236 20 276 105
57 145 105 64 124
131 225 150 325 205
203 212 244 130 108
118 75 318 245 304
145 263 280 23 283
162 218 207 267 123
159 263 263 208 24
165 130 241 176 131
123 143 121 111 291
183 250 222 276 219
314 234 199 239 42
18 57 110 292 112
86 185 214 247 144
133 168 311 214 32
188 259 263 127 69
327 16 326 21 213
65 93 284 168 59
251 198 200 327 136
107 90 78 166 35
152 166 303 130 150
98 16 293 133 85
11 194 20 282 54
103 152 152 169 317
104 94 153 67 103
192 43 166 193 156
71 81 43 81 265
317 113 263 24 207
316 75 112 240 319
115 69 252 223 230
167 33 114 85 159
44 34 276 241 129
45 288 130 123 45
113 128 311 219 44
307 35 305 164 48
257 118 147 72 213
104 310 328 223 118
14 254 14 166 193
224 198 152 315 83
172 325 9 155 330
67 115 160 152 265
12 73 48 11 130
240 320 257 243 296
179 99 108 114 244
10000000 10000000 10000000 10000000 10000000
141 12 177 181 134
157 129 173 234 318
314 18 220 235 156
120 39 314 34 123
199 302 312 115 298
10 152 5 246 227
137 251 304 221 203
77 27 174 283 31
71 34 269 143 32
44 210 163 174 120
173 216 149 172 49
287 270 76 8 307
86 59 220 33 73
104 295 313 245 177
297 316 288 300 132
238 64 264 63 283
325 181 175 103 93
140 141 47 260 103
205 250 93 208 312
320 182 58 60 174
80 174 10 215 213
179 303 164 318 184
170 302 90 310 129
329 140 309 308 279
117 248 69 288 214
174 293 258 23 73
324 281 283 274 319
129 140 330 220 120
326 206 320 241 19
25 113 228 31 50
283 10 179 175 187
303 105 207 214 212
271 309 42 114 255
191 231 186 10 186
55 37 282 30 96
115 8 85 186 63
268 133 75 259 171
79 207 176 275 231
29 43 108 80 93
143 255 288 282 21
137 195 243 310 140
319 295 279 281 159
139 218 109 64 231
96 133 322 31 324
98 119 116 261 128
165 112 177 52 240
184 123 177 243 249
111 223 91 305 136
15 261 47 90 189
30 145 188 231 40
194 324 39 218 54
29 42 85 139 7
120 287 100 44 329
47 276 178 108 51
325 92 248 326 231
316 140 262 118 208
82 146 305 209 248
172 270 39 198 134
280 177 42 302 151
193 316 90 59 40
261 235 198 301 228
226 18 111 101 11
215 258 216 189 46
154 51 43 133 295
29 156 143 179 73
197 145 55 247 91
219 275 329 259 26
49 10 118 97 129
295 305 143 301 232
43 290 84 61 260
195 140 232 50 285
271 262 273 160 201
25 164 140 91 234
219 122 52 330 307
314 236 189 89 82
155 56 314 108 48
293 321 16 236 67
124 170 288 304 313
106 75 150 199 256
145 74 80 237 316
196 60 312 301 79
300 222 219 146 80
259 165 196 312 70
200 71 236 101 32
154 322 296 123 282
293 229 7 181 123
310 84 62 284 90
199 245 170 12 154
7 125 153 35 172
147 77 278 41 201
272 155 21 236 44
127 193 91 79 239
236 245 252 61 88
200 245 268 140 248
247 242 5 178 295
117 45 277 167 172
45 42 90 58 207
47 251 82 268 20
107 168 117 64 62
293 173 201 281 214
181 153 246 109 141
220 165 265 54 163
194 48 83 15 22
49 160 241 132 11
214 246 75 193 53
229 31 135 249 73
201 140 40 137 131
54 218 267 237 111
267 119 93 260 204
106 243 86 199 299
10000000 10000000 10000000 10000000 10000000
266 272 264 128 111
318 170 61 212 7
41 329 149 69 315
58 215 61 125 268
58 312 30 193 117
252 57 275 174 197
316 27 156 70 66
82 5 279 65 47
264 19 304 195 154
192 107 88 221 175
255 205 62 261 125
176 250 200 102 82
153 116 226 62 269
125 194 188 162 80
188 75 202 148 168
50 28 240 19 148
270 118 272 23 89
281 102 189 190 204
219 328 209 119 125
127 159 119 258 210
250 266 227 223 92
35 156 173 159 96
139 245 234 107 16
55 133 271 129 169
228 110 140 94 208
191 236 68 169 257
192 73 318 250 268
178 6 240 107 196
149 36 224 169 173
307 184 18 83 219
13 26 23 196 158
271 303 81 70 40
189 213 12 72 213
113 64 6 48 95
122 37 128 61 249
58 229 35 78 294
39 164 139 154 304
120 104 244 172 180
272 53 66 151 192
253 273 148 7 90
182 21 72 131 104
164 306 283 176 248
154 226 31 62 323
184 224 88 150 197
248 189 49 223 234
13 96 243 189 6
287 112 54 224 230
160 30 221 299 224
136 102 44 41 229
227 85 124 253 290
130 110 325 58 215
256 93 22 270 290
116 319 139 6 323
317 295 319 237 259
7 191 229 97 129
124 77 281 189 191
24 227 139 220 194
11 16 271 78 286
189 6 207 47 175
284 148 142 10 304
150 277 62 239 196
171 280 22 97 16
306 40 72 47 97
266 196 267 80 314
316 171 276 24 213
220 82 97 189 141
254 134 275 271 213
244 13 225 187 160
33 150 136 292 169
9 158 223 51 47
163 193 116 198 291
219 294 296 42 128
322 268 127 117 37
263 278 27 217 5
114 181 223 148 272
288 228 5 77 311
204 272 121 13 316
324 300 255 313 62
203 298 273 298 115
82 45 227 212 325
70 157 51 167 115
64 287 73 39 272
129 23 227 322 156
190 181 133 34 206
35 223 70 186 59
165 46 157 302 328
119 189 154 11 129
245 275 270 192 105
196 103 154 116 252
255 62 67 271 116
179 149 94 299 201
44 44 115 161 87
118 316 219 45 166
10 74 14 48 42
147 73 196 38 89
128 192 237 167 56
41 71 68 43 38
254 176 273 155 114
199 194 308 269 102
280 100 20 135 42
204 243 123 302 326
214 169 317 308 159
47 248 85 98 290
111 237 140 139 292
127 313 305 73 282
304 16 84 194 161
154 196 92 195 140
284 129 251 118 179
244 12 297 183 298
178 287 103 186 319
10000000 10000000 10000000 10000000 10000000
213 13 265 156 212
304 283 35 107 134
163 95 237 5 203
129 280 220 127 43
278 182 252 215 110
25 177 139 249 123
293 247 5 231 102
135 303 110 242 36
299 300 121 278 9
75 171 272 175 265
189 156 318 33 53
90 116 310 94 124
18 85 173 239 114
232 122 317 251 160
58 321 155 146 108
193 43 61 288 205
215 54 283 262 138
231 19 199 214 30
206 72 197 177 42
144 282 302 296 46
242 327 226 278 198
147 285 101 149 48
316 144 95 108 243
195 211 219 282 217
313 222 121 22 208
290 279 322 254 146
247 133 83 297 46
14 265 174 245 248
29 8 145 167 151
126 204 177 119 314
169 117 156 86 330
156 225 256 205 152
130 257 238 265 72
232 267 56 58 304
293 66 151 316 154
267 91 181 248 12
25 150 182 122 290
206 268 35 244 98
167 38 94 73 219
83 103 296 62 6
280 128 45 119 108
62 320 26 64 70
90 226 111 73 47
116 211 119 222 261
327 23 89 103 269
311 257 131 288 121
254 329 150 186 222
238 264 78 203 204
30 79 169 118 46
278 92 315 104 89
139 198 318 314 63
116 119 219 195 196
74 9 315 173 317
117 176 136 204 281
284 89 19 201 140
248 50 280 289 167
201 50 109 249 249
147 120 109 135 290
253 168 278 26 161
168 196 26 73 209
111 304 91 21 111
112 140 232 269 45
167 267 250 116 99
153 34 120 28 204
83 178 161 113 140
204 234 29 237 224
297 134 144 163 317
128 209 316 63 150
90 314 130 69 172
223 122 14 277 23
30 223 148 228 186
32 195 59 128 231
60 65 295 49 47
127 227 158 306 259
172 265 124 36 29
80 262 250 120 115
119 226 32 314 289
19 133 136 300 239
245 43 204 316 275
121 158 276 277 308
280 48 154 44 144
45 184 182 178 129
241 196 140 17 166
134 305 203 123 317
119 47 255 154 262
237 107 124 36 8
300 328 152 108 257
134 281 321 127 45
103 171 61 126 195
204 104 280 52 108
78 291 205 222 190
245 261 228 195 328
190 268 175 13 126
98 150 53 311 140
208 117 214 169 128
48 112 16 173 203
140 85 133 143 52
54 29 168 131 252
38 314 318 263 55
189 224 286 240 256
122 221 175 16 317
254 224 172 7 180
58 148 101 255 180
181 277 219 137 76
11 241 173 178 269
212 82 43 129 29
207 153 36 74 175
76 67 144 325 180
320 22 62 148 261
167 309 9 202 70
10000000 10000000 10000000 10000000 10000000
261 312 292 328 62
33 163 164 133 292
200 202 276 224 308
213 42 58 35 304
265 21 10 308 246
286 143 125 170 107
62 303 247 38 93
62 268 39 31 7
38 94 282 125 189
328 111 214 71 166
238 32 202 137 29
67 259 232 263 215
172 78 210 11 143
247 138 125 112 34
274 180 300 142 82
277 209 145 85 138
164 234 189 278 172
94 300 268 170 325
295 329 310 290 237
184 305 123 150 120
314 303 194 281 47
158 217 212 196 283
307 166 167 243 77
30 77 146 57 311
297 128 256 206 140
190 315 120 165 213
58 258 315 239 161
29 19 129 285 170
246 11 233 38 132
200 244 75 85 330
126 171 169 224 23
279 104 168 36 302
283 24 232 22 274
100 328 6 282 311
164 12 152 169 244
17 128 255 121 91
83 295 271 219 189
266 34 328 231 89
117 32 166 42 93
189 7 160 151 42
306 231 131 123 83
100 254 96 269 30
230 227 148 81 244
228 193 149 175 143
19 97 166 73 322
91 106 263 167 243
280 323 135 257 293
329 203 65 298 138
292 61 292 56 153
30 200 276 203 218
132 199 317 209 214
23 284 214 55 180
137 287 319 59 151
73 278 151 13 329
308 7 226 215 255
80 304 90 129 271
214 86 294 297 132
117 287 12 225 201
175 146 74 23 152
209 191 230 172 150
256 305 7 250 93
203 49 17 19 41
297 134 324 140 19
159 77 81 248 112
104 139 293 197 31
127 134 210 284 26
206 32 112 294 183
240 143 154 55 213
313 96 262 284 204
29 319 25 250 273
48 326 182 75 146
297 11 256 246 311
203 63 43 219 298
170 35 329 114 243
21 310 162 279 258
300 272 87 64 149
196 229 117 267 164
305 72 282 209 285
163 116 302 17 143
73 78 192 15 66
299 330 72 189 108
52 322 172 230 116
290 166 259 29 121
186 305 41 281 71
222 268 329 268 85
170 184 197 254 87
161 254 33 48 59
62 82 34 122 240
56 91 10 221 133
167 324 256 157 286
104 206 63 92 175
109 213 182 94 182
13 231 309 83 117
274 187 106 267 216
238 148 45 73 293
268 195 31 148 252
43 308 315 76 32
123 244 227 240 224
223 297 267 315 276
124 155 112 314 141
267 175 73 36 154
258 141 246 20 11
135 196 11 38 60
51 139 323 75 103
183 291 196 109 244
272 182 112 233 131
60 34 70 214 246
140 107 32 136 323
214 16 115 270 50
323 61 202 311 177
10000000 10000000 10000000 10000000 10000000
70 117 161 77 41
217 126 298 260 114
137 37 324 89 254
77 89 272 201 325
163 287 252 204 322
129 322 214 302 144
318 140 163 267 9
56 151 78 90 66
108 250 182 159 140
281 150 327 238 39
127 256 127 157 140
198 35 145 114 196
306 187 43 81 8
301 168 271 194 266
92 243 245 300 222
281 131 253 201 55
258 5 229 206 292
127 275 255 154 159
46 293 86 254 140
203 128 52 45 128
93 151 227 163 158
143 78 41 192 310
203 309 301 326 60
24 229 66 16 264
67 151 185 231 283
104 315 7 160 297
248 202 74 264 47
275 298 312 151 308
270 63 196 78 77
287 309 74 311 140
212 56 43 307 169
146 28 285 43 298
142 296 97 14 180
287 294 243 119 199
90 71 155 71 37
92 142 201 228 39
209 252 15 61 293
245 123 139 113 181
14 80 19 258 184
255 230 86 14 258
234 147 230 142 170
274 236 213 19 282
92 63 203 310 75
113 180 250 216 207
206 270 158 330 8
291 113 318 69 151
315 64 66 228 70
29 236 31 284 73
304 258 152 275 315
130 250 172 218 316
81 117 240 57 210
10 33 115 217 276
201 301 144 150 51
30 60 27 232 246
195 83 214 138 205
105 8 251 292 171
307 314 299 133 236
96 247 82 234 325
309 23 237 109 184
312 98 100 164 137
74 23 107 54 218
290 248 245 97 254
48 239 177 44 41
327 82 321 119 94
49 14 249 155 251
303 262 29 206 282
247 5 210 46 175
98 132 204 62 155
152 65 261 316 182
295 55 252 248 174
41 43 125 329 122
243 76 150 258 52
78 101 283 210 224
203 118 9 254 166
320 5 126 119 39
286 10 256 88 228
241 241 150 72 179
279 97 222 317 204
135 83 34 172 14
137 260 53 281 36
257 189 22 302 146
296 180 138 152 42
292 306 251 258 84
55 326 34 184 37
136 65 107 259 146
171 11 166 285 291
300 266 104 69 138
131 18 29 318 292
109 222 191 163 327
303 201 149 280 6
197 263 8 50 149
159 300 91 6 35
68 220 80 59 84
303 38 26 243 118
11 73 305 116 112
43 73 58 226 66
241 292 291 233 278
44 193 45 76 222
75 318 234 83 194
84 56 212 207 224
112 14 316 265 305
32 63 99 318 319
78 179 89 185 25
273 18 170 219 249
111 190 105 54 183
180 131 287 209 249
81 229 70 220 176
12 172 118 72 21
26 166 34 15 251
54 169 201 74 12
10000000 10000000 10000000 10000000 10000000
109 176 299 279 103
184 150 45 252 31
187 294 286 90 13
245 219 248 203 154
252 144 144 216 163
283 159 83 61 290
67 159 246 73 82
217 14 305 35 325
36 309 5 32 198
111 22 27 216 152
72 99 292 37 326
117 239 327 27 250
298 228 46 118 70
84 318 311 269 172
296 234 158 298 85
23 295 276 103 89
314 30 119 263 166
39 68 138 35 281
290 183 282 28 91
286 189 40 22 37
218 330 130 227 276
19 328 192 250 84
116 67 180 167 309
325 116 10 97 232
214 295 306 181 70
149 74 68 244 168
61 271 86 125 42
106 245 250 241 261
231 287 244 105 187
224 308 212 330 184
126 255 65 50 55
323 179 282 316 9
123 322 221 173 29
202 286 68 299 180
178 248 232 209 317
290 134 19 12 25
82 289 50 47 83
185 135 144 229 174
48 53 193 251 298
140 6 179 55 111
176 232 296 273 237
240 36 129 155 267
215 196 323 99 311
226 325 223 122 194
74 12 311 8 31
235 160 224 28 160
301 183 313 185 118
37 300 156 98 280
49 91 42 48 312
233 248 95 200 143
139 35 124 290 267
239 309 284 143 184
98 243 300 130 154
296 170 100 212 301
16 83 5 224 270
197 301 148 147 118
99 42 106 288 208
230 291 168 25 325
131 159 35 47 65
112 93 169 93 298
149 330 266 34 239
142 169 6 69 73
233 146 135 299 176
145 64 298 104 172
208 256 212 273 234
31 67 179 166 108
19 210 98 136 75
107 138 268 319 284
71 15 236 100 249
102 309 147 26 62
29 243 314 280 93
98 5 311 129 321
149 107 270 163 179
44 69 289 157 162
181 253 329 138 117
330 206 38 295 184
234 42 124 163 213
84 80 326 190 83
230 208 29 140 326
322 311 108 210 174
262 82 285 85 256
49 309 269 303 314
71 307 47 92 113
234 128 220 124 306
10 52 236 70 77
127 208 126 138 143
197 11 227 219 139
160 228 187 135 292
19 162 187 116 133
90 78 23 313 56
156 296 59 305 112
73 28 280 28 184
265 147 99 242 47
176 312 219 325 225
91 280 205 288 144
29 151 94 138 200
77 241 217 20 170
39 30 231 192 80
264 17 238 78 43
56 155 239 301 141
67 263 15 75 155
170 96 226 83 49
142 276 274 138 168
238 30 143 301 272
128 275 48 143 42
206 108 250 147 312
70 98 248 236 112
250 83 272 328 99
254 160 15 61 11
315 155 54 285 293
10000000 10000000 10000000 10000000 10000000
173 24 266 327 5
168 253 153 173 87
328 42 61 181 131
155 96 128 17 201
317 287 147 63 135
198 74 198 32 207
142 62 77 196 252
227 310 63 123 44
213 278 169 298 306
205 30 258 132 28
161 120 227 195 233
218 213 325 302 185
260 216 313 208 129
158 307 97 213 93
280 247 93 95 21
136 149 68 141 87
278 296 34 325 300
11 297 45 261 164
132 127 223 305 251
70 114 281 156 101
324 199 305 64 132
315 215 212 107 261
138 49 37 233 128
100 198 285 326 322
227 230 295 196 286
63 302 187 227 225
238 242 111 167 122
170 26 199 186 219
183 139 201 241 170
145 12 279 245 13
56 149 134 197 80
263 25 69 217 326
23 155 277 10 92
262 173 266 47 199
110 38 58 271 200
19 135 235 81 223
147 313 91 129 247
232 240 283 35 213
240 164 158 71 113
190 32 249 73 326
310 313 58 127 179
89 8 172 62 157
237 283 291 37 112
274 228 68 19 190
251 11 310 251 20
32 91 86 132 147
312 250 301 122 280
117 231 51 111 330
54 52 252 228 212
308 317 88 212 272
11 301 97 79 250
280 56 40 158 137
111 247 270 262 70
303 297 137 179 10
284 269 42 146 213
166 95 56 323 275
80 330 60 210 212
169 304 237 238 91
297 87 256 135 13
20 91 330 117 249
89 175 303 49 50
142 20 49 323 321
297 253 20 22 187
72 7 181 213 279
12 287 317 35 173
84 247 144 221 46
170 168 13 289 116
293 35 191 60 156
298 322 292 129 144
152 37 289 93 82
213 117 197 76 314
324 129 54 56 222
140 189 287 148 220
74 49 27 268 187
147 316 158 59 318
147 237 77 234 161
255 240 148 309 165
96 103 268 140 159
145 235 24 117 79
44 65 8 158 318
71 35 211 309 119
117 245 292 233 203
314 38 107 203 160
304 127 223 117 26
153 176 77 85 249
30 100 168 322 225
329 290 288 175 41
9 132 117 67 127
219 217 233 74 52
237 165 125 191 315
115 16 123 221 55
240 76 273 231 323
298 94 114 113 178
145 67 194 109 232
155 30 275 63 21
50 78 99 329 264
160 195 97 33 135
191 301 85 166 245
99 182 318 231 294
130 36 321 93 57
14 324 203 30 195
53 215 286 214 263
245 19 11 69 22
47 47 263 93 259
103 7 31 243 325
140 315 31 44 252
120 272 225 125 211
320 296 239 176 320
25 280 215 94 185
153 118 83 305 199
10000000 10000000 10000000 10000000 10000000
281 24 86 316 49
256 57 88 256 283
82 233 51 219 230
229 204 280 207 180
32 153 237 300 79
292 223 296 231 23
97 263 16 142 237
246 166 327 285 296
80 252 303 121 312
307 193 152 177 202
325 135 163 192 5
309 35 88 92 10
141 39 175 8 25
313 295 323 126 255
112 235 83 127 59
72 147 321 157 85
70 74 146 317 9
77 196 314 117 183
124 270 190 165 104
255 309 101 62 11
330 130 52 127 94
65 308 167 328 49
77 330 77 306 212
185 301 115 124 33
140 124 96 239 154
280 288 247 165 191
98 213 181 18 285
55 72 133 13 266
199 127 248 48 71
294 311 32 274 39
173 109 323 31 106
136 185 225 296 103
329 160 35 230 285
256 207 24 136 90
301 295 180 311 298
84 286 216 323 112
169 285 100 184 201
158 191 235 107 290
14 266 54 79 93
42 274 296 184 93
38 16 35 253 242
324 99 279 92 195
276 50 224 57 194
193 68 183 80 242
109 315 203 8 257
232 246 296 21 277
96 20 79 242 188
156 239 277 282 319
263 301 107 313 273
311 134 14 35 260
190 301 195 238 82
207 184 144 322 42
205 324 330 69 162
232 15 299 85 288
85 321 52 70 6
19 25 99 15 48
123 312 94 184 125
68 140 120 169 45
274 96 138 151 294
220 128 320 109 103
122 117 122 128 180
47 106 124 112 283
169 170 103 164 309
70 286 107 25 160
128 252 9 316 282
228 57 208 239 77
300 296 40 18 119
52 49 19 17 299
131 286 28 151 52
192 240 109 82 283
119 167 31 158 44
280 31 172 58 145
321 199 144 321 92
190 186 264 224 157
130 285 178 31 166
308 239 223 253 199
72 322 46 197 284
293 130 30 192 175
176 285 297 251 211
156 293 147 291 61
216 241 130 66 244
275 10 280 123 111
23 24 283 121 202
19 223 18 275 61
105 171 301 35 233
123 213 287 59 95
48 178 288 77 307
203 209 39 306 276
40 56 274 327 178
41 211 305 71 221
35 85 75 137 305
170 186 135 297 294
121 269 243 164 23
73 176 39 208 169
180 306 200 20 325
240 243 85 288 100
76 209 87 267 151
205 83 9 226 295
156 40 136 32 72
145 228 68 99 117
313 134 133 150 87
11 313 48 236 255
69 104 48 180 28
83 67 68 62 270
116 124 106 86 46
112 231 211 307 163
151 231 255 172 215
193 24 115 98 53
219 287 96 127 78
201 161 59 201 201
10000000 10000000 10000000 10000000 10000000
320 219 267 286 150
279 51 63 62 179
205 109 77 292 12
9 195 123 113 109
130 70 30 283 93
188 288 290 134 322
90 114 115 33 151
263 120 260 106 218
166 259 75 231 316
83 63 163 211 133
182 250 140 123 297
221 312 109 231 88
216 106 293 308 290
275 166 169 240 259
236 263 272 291 179
303 136 150 78 288
136 156 230 151 303
7 100 203 89 51
125 10 27 328 179
305 161 199 225 241
88 100 298 122 59
251 253 123 102 210
41 249 137 52 107
255 325 89 310 164
25 194 74 301 109
217 219 37 6 226
182 319 275 140 228
79 53 124 67 236
150 261 9 220 199
84 304 15 60 140
38 321 138 217 9
254 232 138 6 29
166 139 141 218 219
17 129 45 140 298
281 123 195 102 181
183 8 126 63 308
150 137 165 103 171
194 120 328 94 124
62 246 320 319 67
97 329 193 289 137
241 325 312 329 325
100 242 173 251 132
197 58 23 190 65
165 269 220 231 45
207 64 279 62 260
74 250 150 50 83
99 30 34 69 180
137 268 191 314 101
275 51 211 160 161
155 169 103 192 170
22 315 97 71 231
69 319 108 120 72
40 259 280 325 270
62 169 264 109 213
140 154 197 239 20
86 227 49 300 16
184 85 193 222 115
237 65 119 299 162
179 176 106 229 283
290 171 284 18 131
297 61 325 8 65
93 50 293 239 19
113 32 268 310 83
140 229 111 169 81
43 270 138 110 62
74 269 84 36 54
147 102 291 227 51
230 180 212 137 54
276 78 153 224 212
201 319 47 65 113
281 159 68 225 327
143 16 223 13 274
212 230 271 253 294
252 152 241 157 19
13 64 9 109 221
328 9 53 202 195
113 6 160 300 79
313 273 247 173 274
49 23 316 98 320
268 111 138 264 41
63 303 297 132 114
240 295 149 223 214
20 108 278 170 86
207 260 76 203 328
125 49 256 63 231
309 259 169 318 301
269 293 291 113 67
219 146 11 117 23
205 290 132 143 158
108 6 189 201 302
237 9 226 9 99
99 84 91 211 152
187 322 322 106 132
111 31 163 233 161
243 184 113 200 262
262 212 142 88 126
259 124 40 117 327
173 189 287 219 138
16 214 75 317 13
118 131 81 40 286
196 183 276 307 168
109 150 152 18 36
65 31 76 241 36
260 44 295 202 253
276 116 58 291 205
312 273 279 227 21
31 11 50 220 87
74 254 294 30 237
80 7 106 12 84
326 28 279 221 29
10000000 10000000 10000000 10000000 10000000
40 84 130 187 207
186 114 304 119 216
129 208 49 260 6
115 59 291 241 112
65 43 6 169 38
303 124 26 313 202
247 207 90 250 45
25 56 17 140 46
187 93 106 322 279
315 146 115 113 291
69 58 200 152 53
263 98 293 195 221
316 296 166 193 277
117 154 194 207 119
239 129 115 155 203
54 107 232 228 131
46 308 302 294 65
321 215 141 85 145
114 173 215 123 106
62 117 204 286 168
269 293 89 20 181
185 124 216 253 201
59 229 210 236 51
58 261 224 199 8
218 131 245 144 292
66 96 198 253 7
213 226 278 146 309
295 320 210 320 116
270 306 56 11 100
232 321 329 316 214
306 256 122 162 88
227 126 304 90 32
16 151 29 21 145
256 206 191 114 290
123 59 319 166 141
55 90 122 76 210
191 232 252 289 192
290 22 72 309 269
37 202 91 164 217
226 83 116 258 135
325 241 103 240 253
298 122 213 128 180
81 203 317 252 185
255 295 205 94 279
43 109 137 153 122
91 165 200 90 64
72 305 48 232 234
8 73 260 239 15
300 136 123 190 45
12 200 36 285 171
296 116 176 312 117
268 58 135 187 88
304 63 85 216 132
300 299 330 175 164
294 85 116 47 278
297 296 61 264 93
275 212 167 46 227
285 233 299 143 270
153 23 196 297 132
131 228 137 143 304
60 150 255 179 143
113 199 123 292 184
131 152 327 118 236
205 298 251 92 42
105 125 311 83 301
247 151 259 293 245
136 177 141 136 69
234 176 44 238 39
302 106 296 5 130
62 81 309 296 321
152 174 120 141 85
108 224 76 90 200
67 87 322 243 313
176 263 142 172 319
314 141 161 50 84
302 274 38 5 38
32 90 202 327 134
219 219 283 93 97
179 320 216 229 231
168 149 70 244 200
199 170 136 187 309
288 296 316 17 270
302 306 17 301 112
180 100 236 151 100
71 134 91 320 41
198 237 89 23 120
307 96 321 62 127
243 267 265 17 147
225 322 86 218 99
201 217 226 57 90
294 319 329 285 37
128 145 289 209 118
291 218 99 139 5
316 203 204 282 186
169 159 111 23 328
330 8 103 234 142
132 184 303 80 101
271 243 258 140 114
279 128 235 18 69
320 205 11 189 262
295 196 269 327 117
172 69 153 314 232
224 182 305 66 215
283 168 132 49 226
64 165 270 46 254
288 117 227 185 132
228 265 53 276 307
80 252 192 146 75
276 116 30 44 229
271 23 330 245 171
