10000000 10000000 10000000 10000000 10000000
161 126 227 250 24
176 186 249 89 12
162 331 104 61 267
246 299 46 152 325
246 145 150 88 71
281 123 190 213 62
301 72 15 102 150
85 210 176 92 11
161 36 76 147 193
183 26 9 238 91
282 214 264 227 267
28 281 140 259 167
69 72 21 83 79
98 99 93 173 251
324 63 185 78 52
300 325 246 159 135
26 148 39 284 40
259 90 270 203 22
286 214 19 41 309
245 299 142 250 109
232 174 179 174 59
200 76 151 11 102
284 251 192 201 330
238 68 94 281 131
148 7 266 227 12
255 69 143 154 81
98 327 314 294 67
221 79 18 137 245
84 55 185 104 144
262 224 178 139 81
223 124 219 232 312
322 41 220 52 282
35 260 210 108 128
320 261 31 157 172
292 239 244 42 290
10000000 10000000 10000000 10000000 10000000
295 217 254 268 250
328 168 27 205 67
221 220 173 273 210
45 284 31 64 222
159 306 270 90 103
152 317 35 150 132
305 106 133 135 223
106 112 150 89 260
176 187 142 307 218
217 98 230 119 68
98 154 53 283 121
196 299 330 139 76
76 317 231 126 102
298 154 116 321 327
123 33 86 103 79
285 236 271 182 330
167 111 77 139 183
161 107 126 169 96
125 32 167 159 286
109 86 293 81 271
134 89 253 162 289
24 108 266 302 61
148 310 17 38 23
145 304 48 327 202
164 307 63 139 199
270 92 148 257 48
46 247 294 148 141
9 157 226 48 143
152 96 150 31 53
92 114 7 75 178
198 169 111 249 194
11 302 47 104 165
183 66 91 150 226
180 23 218 76 307
225 87 203 208 308
10000000 10000000 10000000 10000000 10000000
80 283 52 62 97
303 296 233 103 231
20 316 139 15 174
175 324 111 197 70
143 41 278 220 266
55 52 152 271 178
217 52 138 114 95
244 87 78 9 218
21 81 36 166 270
250 69 65 215 27
279 293 170 305 104
45 305 230 158 76
32 302 72 198 267
173 89 314 77 320
262 288 260 138 109
234 174 51 256 232
155 44 148 162 297
49 218 330 106 275
122 186 96 263 30
330 207 8 166 260
200 28 98 248 263
199 306 65 231 290
42 22 243 110 129
249 66 227 106 113
29 152 327 326 209
242 142 272 158 82
295 117 278 177 274
275 39 267 278 44
326 31 132 290 290
56 167 146 240 206
308 309 207 253 302
289 271 152 257 125
187 318 308 171 225
164 99 62 298 165
218 132 71 210 136
10000000 10000000 10000000 10000000 10000000
41 101 72 230 290
121 9 53 230 121
51 279 89 83 259
190 279 18 316 209
129 225 144 315 325
162 236 159 39 216
207 67 326 114 292
43 61 265 110 157
257 73 299 261 45
90 212 117 328 314
87 210 298 82 198
309 198 318 212 141
289 24 147 306 34
306 127 226 44 243
279 29 56 229 192
276 255 107 140 132
109 207 304 197 274
216 145 39 180 286
331 240 142 257 154
318 209 294 220 212
292 30 316 260 58
285 234 305 25 254
183 236 303 11 66
219 289 222 273 186
252 254 52 149 190
315 250 130 192 326
248 61 88 324 204
242 320 291 302 220
40 181 284 328 188
240 43 132 29 309
233 33 235 42 205
189 236 306 28 210
148 143 297 226 141
230 218 34 237 136
302 170 161 330 133
10000000 10000000 10000000 10000000 10000000
308 79 163 232 278
167 13 275 30 235
48 47 294 281 139
235 122 66 211 197
80 291 56 125 293
194 244 286 112 296
218 65 188 68 18
290 97 205 131 226
283 103 299 306 43
207 159 250 223 129
101 119 307 96 260
144 45 65 240 29
38 325 259 73 92
174 201 324 309 228
236 35 314 257 158
13 71 12 244 80
27 301 133 77 79
300 71 66 21 296
82 137 54 38 323
201 155 233 68 51
180 224 213 75 201
144 239 206 65 238
30 35 102 202 174
222 163 145 203 137
29 76 331 251 181
285 102 68 314 290
223 122 31 151 302
91 50 274 49 266
284 314 27 235 82
171 173 49 71 22
115 108 181 171 227
200 143 77 132 120
68 259 9 106 197
163 203 96 199 217
155 221 96 77 38
10000000 10000000 10000000 10000000 10000000
104 107 231 226 79
315 327 221 44 221
97 167 217 266 54
84 325 173 331 236
266 97 251 166 127
281 58 155 43 82
176 98 72 196 270
310 178 325 65 276
56 147 75 50 44
216 307 256 70 9
306 52 316 250 54
239 69 307 44 260
242 113 177 124 43
276 119 287 149 12
318 137 232 318 274
61 61 198 39 96
71 242 218 152 200
125 155 171 26 218
273 278 313 115 63
311 230 140 149 268
200 145 173 170 73
194 13 9 34 24
330 205 247 31 53
148 16 146 285 329
296 70 72 85 39
118 49 190 213 143
182 225 23 106 296
191 207 156 17 238
134 215 102 267 168
58 234 127 59 278
63 131 88 283 132
284 43 156 22 243
296 237 315 108 247
148 215 102 159 261
26 38 16 207 222
10000000 10000000 10000000 10000000 10000000
56 258 234 81 192
303 308 202 114 329
238 132 8 91 94
9 108 262 301 237
145 109 51 303 229
273 255 260 161 158
12 162 271 136 329
108 257 28 219 84
176 320 235 213 220
196 96 88 299 7
323 331 72 147 115
317 114 271 86 227
218 175 39 134 166
223 133 265 270 280
225 297 159 169 80
132 191 157 244 109
224 113 329 30 82
198 70 46 278 180
186 254 218 318 20
76 287 150 162 327
46 9 227 265 153
161 175 94 219 148
91 97 125 26 191
61 299 170 87 24
264 90 300 255 50
304 331 57 25 199
18 269 56 301 292
243 222 329 329 18
105 255 134 13 159
262 178 159 176 304
225 155 149 329 191
192 318 134 63 79
102 57 180 140 210
277 290 103 270 254
114 219 324 148 267
10000000 10000000 10000000 10000000 10000000
265 83 295 144 168
34 118 299 252 221
315 152 285 179 136
17 113 114 69 225
230 314 142 26 221
267 310 210 219 219
69 124 150 36 9
52 89 149 90 78
60 10 212 133 158
125 174 250 241 99
58 130 29 171 92
18 18 124 93 118
167 261 171 198 244
258 121 83 139 182
112 33 171 122 151
246 18 71 146 294
232 134 80 281 144
251 25 187 134 8
131 186 251 37 175
289 164 97 70 170
319 195 76 126 305
244 125 99 151 90
222 263 27 142 22
59 212 104 37 213
324 318 134 145 42
206 50 229 224 88
133 28 294 178 59
115 35 208 100 168
60 300 149 319 272
305 265 197 17 272
99 243 42 51 45
276 82 168 166 11
120 37 283 316 111
100 213 218 15 50
237 128 308 203 245
10000000 10000000 10000000 10000000 10000000
299 211 104 315 201
294 123 45 128 245
239 50 13 133 260
149 66 148 146 91
203 199 96 271 161
60 51 280 193 258
301 52 275 231 178
251 286 134 137 202
313 140 295 231 210
121 238 156 252 60
55 39 227 246 275
205 316 108 149 43
196 258 130 133 206
184 330 98 63 204
88 59 250 73 191
174 217 221 29 226
65 280 235 268 287
163 73 177 114 76
316 136 11 219 287
106 116 270 238 91
162 87 305 224 286
95 33 281 172 308
209 282 280 87 178
39 39 201 175 268
198 147 167 100 144
121 277 67 183 238
170 110 166 192 181
247 120 126 322 72
272 33 249 258 10
153 308 293 238 175
150 168 139 163 298
254 210 42 191 314
24 113 213 91 161
156 191 250 280 136
179 158 18 195 175
10000000 10000000 10000000 10000000 10000000
210 309 55 308 39
253 47 254 221 188
276 28 162 205 44
87 135 226 245 168
13 127 92 162 295
34 74 276 127 76
63 53 133 104 43
227 175 280 110 148
115 282 27 63 294
193 171 246 74 74
199 319 45 276 98
156 92 119 116 280
78 296 197 103 271
287 52 232 50 158
135 124 40 305 227
295 246 212 160 150
58 25 308 159 293
85 40 111 293 214
256 109 295 227 294
240 8 91 93 124
225 40 309 142 206
128 205 190 217 273
205 237 263 154 289
291 92 270 207 111
139 286 284 234 208
98 276 295 228 208
225 328 109 138 132
326 79 33 155 240
155 144 15 259 194
24 319 272 223 146
93 118 11 274 91
270 106 263 281 240
92 288 281 287 63
113 162 80 78 211
139 128 14 248 28
