10000000 10000000 10000000 10000000 10000000 10000000 10000000 10000000 10000000 10000000
39 151 306 109 61 103 42 231 132 29
246 21 219 159 37 318 224 94 35 256
115 264 101 298 16 50 112 124 153 49
113 147 73 180 110 42 22 207 47 86
15 294 56 10 321 251 149 148 223 118
116 21 229 261 261 241 146 13 175 96
83 51 264 83 54 210 271 14 126 263
74 250 207 195 215 76 63 47 245 53
172 57 119 166 256 100 41 36 70 77
73 299 326 92 260 45 58 67 238 103
79 66 327 11 192 116 311 221 259 136
111 230 27 33 185 242 170 316 321 168
132 182 16 285 26 116 268 282 82 81
259 306 284 150 48 191 225 128 176 89
92 236 291 236 240 16 226 194 138 281
309 253 305 14 206 94 305 168 165 91
191 12 46 269 46 283 203 268 153 39
83 321 89 52 147 119 12 137 219 14
98 102 202 320 303 45 115 195 41 165
255 181 294 284 158 149 275 164 250 219
331 287 109 281 202 282 316 320 53 274
20 95 285 321 168 112 115 93 293 114
58 166 319 89 220 25 18 189 261 170
257 37 259 56 258 157 277 175 246 306
70 219 282 65 135 53 122 330 63 130
273 29 72 79 328 191 58 54 130 62
226 123 24 227 23 161 318 35 249 303
264 213 20 35 73 82 16 41 282 55
278 100 240 173 106 102 86 112 309 293
160 59 313 201 135 224 243 108 181 230
292 330 284 306 63 23 193 200 330 225
293 300 80 161 168 36 55 186 39 154
94 296 150 109 284 290 293 103 265 313
81 104 115 330 269 175 289 59 295 186
253 235 7 132 234 159 312 243 229 10
258 224 124 167 99 191 201 179 297 140
230 118 289 302 200 237 127 91 103 164
37 46 88 199 285 59 191 116 133 205
10000000 10000000 10000000 10000000 10000000 10000000 10000000 10000000 10000000 10000000
188 255 93 283 222 317 139 75 198 182
109 275 256 106 81 66 101 281 210 97
25 140 274 258 154 302 130 56 154 202
275 101 286 281 261 207 55 262 203 230
68 255 49 318 212 93 271 11 260 245
275 79 274 66 270 283 37 302 217 84
63 220 67 150 220 190 185 88 293 217
183 312 240 224 171 266 123 172 178 65
254 120 249 284 90 103 248 150 43 265
140 66 252 198 156 100 113 229 148 191
199 203 127 81 33 328 296 326 43 228
273 28 25 172 203 325 264 171 184 66
63 202 256 141 316 119 189 185 216 276
232 68 206 125 112 19 108 188 271 61
93 61 72 35 44 235 304 123 313 126
39 27 92 115 22 98 116 156 173 290
8 13 167 229 235 323 118 202 52 108
203 50 201 162 106 38 126 111 33 59
90 84 316 116 233 138 252 242 79 302
268 223 90 50 107 108 107 205 237 125
285 256 322 279 181 220 141 246 9 309
271 221 291 86 50 154 170 304 237 29
291 117 62 16 125 11 59 176 253 259
322 111 51 322 315 43 98 307 109 37
47 176 267 295 143 203 95 231 257 151
215 207 232 84 286 179 173 14 259 104
12 264 76 170 147 104 42 234 125 194
178 322 257 245 119 223 33 16 169 290
139 161 131 81 265 149 112 291 311 146
269 149 151 131 29 207 275 156 131 235
106 65 25 46 309 188 55 70 212 149
41 143 256 106 233 7 247 225 280 277
201 43 70 297 252 104 275 196 143 302
273 52 242 99 117 18 147 111 221 243
276 37 286 150 233 94 220 213 233 89
252 88 166 84 160 197 312 226 189 302
327 215 249 312 183 287 133 286 161 241
176 264 102 178 165 64 76 259 201 285
10000000 10000000 10000000 10000000 10000000 10000000 10000000 10000000 10000000 10000000
87 118 64 41 38 90 195 38 88 185
222 58 120 52 313 235 174 270 55 221
224 155 325 308 212 137 177 122 162 291
253 299 193 238 54 243 160 292 46 12
292 213 218 275 27 262 100 285 253 13
164 131 30 28 25 52 157 95 151 88
161 61 177 256 79 127 68 133 253 152
257 294 203 279 195 21 197 186 17 63
290 87 269 289 57 145 131 302 261 81
258 188 246 170 68 104 155 191 287 150
289 43 206 311 54 107 35 27 104 267
229 182 153 139 84 205 290 84 199 276
234 121 154 121 107 36 207 246 266 235
85 248 260 205 302 123 291 24 171 248
29 168 99 73 97 116 39 188 30 319
290 174 282 294 305 33 147 104 79 64
329 76 68 120 170 182 13 166 102 299
104 287 85 234 43 278 10 235 327 97
150 40 11 283 131 274 200 23 199 49
167 113 304 77 294 205 272 138 299 7
222 215 38 205 293 254 283 241 76 88
105 165 109 274 147 218 254 146 152 196
294 56 188 208 211 135 208 232 272 216
218 122 125 32 286 120 330 68 122 113
29 197 171 215 229 45 14 96 295 94
51 188 49 261 107 70 141 40 158 115
156 210 251 169 119 135 219 102 325 221
118 300 12 195 293 120 244 129 265 243
307 277 106 158 305 176 96 134 138 108
75 323 114 40 75 286 97 65 122 291
169 183 21 281 209 181 181 326 107 33
221 39 249 171 158 219 199 68 162 223
273 100 221 63 105 127 236 155 272 303
123 304 190 170 253 166 212 56 266 270
122 51 224 87 140 162 276 193 199 80
127 313 170 65 81 72 85 282 33 323
141 86 103 260 246 222 286 289 117 53
137 14 112 91 191 221 40 209 283 119
10000000 10000000 10000000 10000000 10000000 10000000 10000000 10000000 10000000 10000000
173 168 168 36 42 266 28 120 18 257
312 192 316 243 282 298 118 331 245 230
280 8 85 240 44 84 243 242 156 310
65 162 25 239 77 313 210 226 50 59
74 299 86 93 198 202 42 300 273 131
165 140 282 92 254 154 217 219 232 187
293 164 269 232 259 261 108 246 206 53
167 214 310 96 216 244 189 182 269 188
99 256 292 62 82 97 172 314 48 140
31 296 92 252 270 271 211 237 58 127
297 325 328 331 18 178 321 289 225 14
174 208 18 182 31 237 290 139 88 278
314 210 258 50 80 189 163 123 27 116
114 57 76 301 127 163 324 82 313 64
136 20 116 67 137 296 50 63 202 170
60 202 9 215 168 237 251 227 169 32
198 267 307 27 10 67 26 249 142 121
44 28 26 164 311 291 162 271 275 21
76 93 107 169 238 209 144 13 108 129
100 106 26 13 213 64 45 273 243 128
267 330 292 124 105 195 55 136 319 283
167 322 274 151 224 64 246 288 295 312
22 114 78 159 277 259 251 330 43 55
172 56 21 73 17 37 190 138 7 86
81 50 196 291 37 206 328 261 159 151
226 237 51 203 301 15 234 75 166 307
88 290 86 39 117 169 252 287 113 93
270 68 38 161 329 37 149 61 30 294
144 225 83 188 266 324 302 264 294 299
209 162 13 96 289 213 237 175 229 323
123 253 106 114 248 85 263 166 249 307
69 321 78 273 109 265 306 50 23 148
60 204 268 71 264 75 169 162 97 108
34 303 315 140 330 236 246 155 133 221
114 110 25 299 248 79 97 28 12 111
160 112 279 26 74 74 327 56 231 49
321 229 232 204 219 229 8 172 283 151
325 96 48 255 325 191 67 187 322 102
10000000 10000000 10000000 10000000 10000000 10000000 10000000 10000000 10000000 10000000
92 91 58 303 173 312 90 81 329 132
179 47 200 264 127 114 125 276 164 290
209 191 113 47 226 184 44 328 137 306
149 10 158 66 265 64 224 300 194 22
216 291 305 266 286 64 152 110 116 32
116 305 261 64 268 298 90 112 41 241
173 283 13 129 320 15 98 153 43 28
30 205 63 250 21 72 176 290 324 223
271 36 221 171 128 33 164 175 237 252
32 70 187 103 252 254 21 304 114 65
49 129 51 26 87 71 44 60 211 210
162 39 158 275 174 10 124 119 262 67
202 205 263 80 142 162 158 227 26 256
123 172 184 123 88 182 111 223 267 207
218 40 35 131 147 23 254 61 145 290
157 98 170 288 260 249 220 160 223 245
238 60 240 130 309 41 70 291 91 175
59 189 301 217 208 33 185 137 85 258
86 35 203 29 249 328 48 176 208 103
180 281 267 33 209 179 91 39 121 99
218 58 325 293 281 249 276 127 135 22
316 13 33 117 274 323 159 78 177 151
290 56 293 189 262 169 143 224 267 55
28 326 282 114 37 230 33 254 161 183
209 294 36 74 216 115 94 41 186 225
213 146 304 97 304 44 80 259 330 251
208 131 42 49 55 140 13 58 312 63
126 139 131 109 134 271 234 268 205 289
213 192 235 65 111 274 202 243 25 194
16 192 293 7 139 83 37 77 267 87
169 50 290 200 284 221 286 98 288 330
50 258 260 216 166 61 296 136 327 321
168 273 259 15 59 15 37 202 50 252
314 95 144 99 220 233 290 302 8 256
323 142 49 70 179 258 161 106 130 220
328 329 298 134 186 120 313 137 76 199
61 316 142 256 285 99 193 27 130 63
196 241 238 178 189 49 92 230 42 111
10000000 10000000 10000000 10000000 10000000 10000000 10000000 10000000 10000000 10000000
53 298 186 318 275 220 64 237 231 223
173 73 37 270 22 66 165 36 130 9
281 328 237 228 124 101 281 262 157 293
98 225 132 229 240 168 82 250 81 180
203 191 280 287 302 55 27 28 180 137
217 240 206 24 8 278 303 138 323 165
155 183 38 139 283 40 134 163 124 129
101 207 228 197 292 152 30 214 240 278
260 300 134 206 319 95 213 23 149 265
287 94 164 248 231 49 307 271 17 170
327 309 201 12 290 20 265 34 93 299
200 192 80 52 288 207 164 95 330 240
120 242 36 125 308 224 89 298 290 31
329 253 173 148 10 244 31 137 47 106
197 42 327 53 28 34 136 268 279 287
237 107 266 257 47 294 217 71 318 222
70 172 10 157 64 262 21 281 197 248
28 240 62 279 321 151 88 299 141 161
117 322 231 47 39 240 133 263 95 188
194 328 276 63 176 163 139 210 175 223
56 289 138 254 66 83 90 37 58 288
115 177 125 220 183 201 21 200 153 244
250 257 205 136 32 145 62 25 327 155
257 65 86 278 117 244 286 36 72 51
238 241 240 181 41 261 298 304 117 275
162 228 35 117 216 177 146 237 112 325
320 286 167 16 287 189 197 200 300 286
198 250 110 19 170 105 158 146 130 163
171 201 299 131 258 163 229 228 331 272
134 241 241 223 223 16 254 158 221 185
278 253 51 264 101 173 188 271 305 274
119 187 229 136 256 136 54 49 36 29
311 32 223 31 48 202 183 284 221 155
107 241 297 198 57 28 290 143 96 305
231 48 127 157 313 97 227 167 133 244
44 166 226 242 291 67 33 46 274 315
208 57 30 237 60 106 105 104 326 308
236 38 278 134 212 226 146 182 34 275
10000000 10000000 10000000 10000000 10000000 10000000 10000000 10000000 10000000 10000000
323 294 232 58 307 174 47 188 322 251
96 280 84 258 78 13 287 271 80 274
198 128 162 20 210 116 43 154 19 235
303 201 303 225 303 248 214 181 82 201
216 308 7 75 286 13 31 32 211 257
124 255 37 72 217 268 230 166 211 209
294 51 171 167 317 204 79 53 109 255
163 183 22 270 24 83 293 95 216 105
103 59 267 263 306 138 105 131 308 311
328 219 74 277 61 96 279 13 316 252
223 240 196 24 177 26 220 175 239 87
276 202 299 238 109 302 7 137 38 10
87 156 83 295 274 243 86 118 105 172
21 275 100 119 20 145 289 91 62 119
310 271 52 331 331 226 209 19 103 23
309 317 321 103 250 56 255 174 212 112
127 308 241 77 199 239 183 212 189 268
331 121 150 49 70 130 153 285 56 135
120 314 140 272 193 265 75 287 203 36
238 310 195 174 214 290 199 106 21 136
123 161 160 228 26 32 284 255 236 78
48 42 125 313 97 266 183 87 281 330
202 111 30 25 308 180 108 120 303 114
178 72 52 183 69 80 177 34 94 227
276 264 66 331 132 72 248 219 262 134
189 298 187 323 288 318 322 192 237 33
278 101 217 205 211 297 290 325 304 311
204 69 36 150 268 9 117 220 26 28
72 175 321 57 103 141 200 234 112 322
285 253 275 233 190 142 54 144 239 208
315 69 68 40 127 172 263 53 191 230
38 220 115 127 89 69 41 169 81 258
274 23 274 62 164 40 181 316 207 165
78 287 104 104 201 139 252 218 208 147
267 189 285 171 157 248 293 250 291 111
58 157 115 300 103 62 11 134 126 52
295 299 251 215 122 331 137 258 133 170
90 300 102 317 162 107 142 147 149 164
10000000 10000000 10000000 10000000 10000000 10000000 10000000 10000000 10000000 10000000
220 102 221 10 52 92 26 249 300 239
82 260 324 155 203 127 143 279 91 48
7 53 147 281 61 60 156 331 223 55
169 101 309 152 141 106 21 93 292 161
70 125 191 217 206 58 206 186 102 91
7 233 276 137 190 58 218 177 175 126
288 26 173 231 47 13 108 214 52 47
227 29 173 158 64 173 203 102 237 178
22 225 18 142 239 230 214 155 67 213
294 245 198 162 87 313 37 37 52 125
164 277 307 186 254 296 8 205 171 280
140 108 9 47 331 27 65 8 314 159
197 119 263 271 35 305 259 125 22 252
256 250 206 291 73 304 104 309 222 65
318 309 235 12 323 50 174 14 280 8
239 42 47 136 176 216 24 258 147 198
199 58 114 199 108 258 297 59 288 73
221 60 21 331 97 252 301 10 199 137
207 131 7 118 168 85 295 169 99 240
156 166 315 250 98 221 198 310 273 290
145 299 250 212 76 142 47 285 87 330
177 286 150 255 50 227 31 260 74 258
309 258 291 241 36 13 82 94 184 282
8 45 178 207 230 308 185 149 194 306
28 158 214 178 327 184 60 196 80 155
113 199 306 45 268 98 253 211 41 195
203 233 123 258 205 63 215 78 219 12
189 198 134 331 322 260 55 129 323 112
195 273 33 202 273 251 154 47 269 293
187 213 301 65 32 20 207 98 321 246
319 275 237 95 243 125 319 224 57 144
137 140 257 227 100 164 104 263 53 288
166 110 176 197 262 325 291 303 217 52
147 143 253 63 80 171 312 291 307 41
215 143 99 216 98 258 260 258 47 248
113 306 31 107 308 114 24 329 325 230
105 238 51 93 291 118 262 23 131 262
103 43 259 107 324 49 187 250 15 89
10000000 10000000 10000000 10000000 10000000 10000000 10000000 10000000 10000000 10000000
167 204 315 167 168 219 10 61 99 152
172 238 28 161 191 16 194 78 138 184
278 296 114 180 176 159 9 52 229 25
100 57 111 287 18 291 308 49 224 59
155 121 195 293 124 196 317 64 30 143
17 67 186 31 297 212 261 302 115 183
106 169 293 181 13 116 89 222 169 40
143 148 211 240 10 198 278 210 197 122
10 270 307 213 23 204 125 150 268 298
182 166 59 303 104 56 286 18 35 194
150 77 75 291 289 285 198 196 286 223
74 317 9 132 249 168 205 303 165 107
141 208 255 255 238 178 115 305 92 139
294 121 146 163 22 94 167 221 180 149
47 122 312 84 214 74 236 217 23 47
37 200 100 188 111 301 53 248 94 220
305 192 185 260 239 122 306 284 328 206
118 201 42 193 10 176 61 292 249 244
295 242 124 246 44 153 210 272 194 247
129 29 212 121 142 45 219 71 28 151
317 243 159 238 152 66 169 36 289 114
194 82 307 142 160 287 63 222 224 292
52 251 225 315 230 179 56 125 208 298
133 325 10 63 282 248 279 117 326 226
255 68 300 258 45 163 143 229 12 320
275 185 315 136 255 127 88 109 116 270
252 92 44 62 307 296 70 44 196 138
121 176 288 267 198 275 64 61 61 103
27 37 97 121 93 261 213 49 113 101
20 191 21 242 236 22 284 158 319 256
248 135 84 321 283 66 319 106 213 224
127 279 310 177 212 95 207 168 21 45
192 75 204 96 258 170 273 128 118 71
307 51 159 90 14 215 8 122 212 185
171 210 113 143 191 297 203 72 17 256
118 109 140 222 192 322 77 75 296 134
331 42 143 127 273 104 240 233 199 99
331 302 80 35 80 298 290 178 66 208
10000000 10000000 10000000 10000000 10000000 10000000 10000000 10000000 10000000 10000000
118 256 220 47 208 272 9 154 135 312
118 141 194 252 95 178 93 12 83 283
199 8 95 299 47 255 205 189 201 252
274 19 226 301 89 263 59 205 156 244
70 79 209 326 326 58 234 60 129 198
230 329 287 219 150 68 67 73 189 11
36 38 250 314 12 239 277 139 248 82
249 91 148 269 82 41 194 193 21 265
15 272 48 106 19 136 313 318 168 89
36 144 238 216 298 70 260 272 249 309
298 207 258 108 224 95 61 93 305 113
156 165 304 64 206 211 168 270 287 8
147 78 75 317 306 248 61 322 292 128
93 243 7 305 331 205 110 317 152 331
95 114 307 110 177 114 19 124 251 110
123 66 216 117 16 92 18 102 247 14
306 239 277 95 323 19 141 171 261 158
126 175 213 188 276 177 170 72 268 207
235 102 283 301 108 126 294 181 44 213
35 163 215 255 225 261 44 7 206 276
177 316 55 78 318 281 68 181 221 75
25 136 149 293 179 240 39 188 149 239
119 307 126 75 109 294 227 183 157 26
141 30 198 138 153 42 155 270 222 202
13 323 74 86 322 123 122 192 255 93
44 302 290 41 18 146 21 215 135 284
321 94 8 31 33 128 243 173 47 204
24 205 131 56 85 48 7 160 63 246
324 285 318 56 231 69 129 237 202 58
180 296 25 212 49 102 205 315 178 41
41 61 271 214 9 96 214 119 180 302
132 294 85 104 284 320 17 140 157 135
224 42 38 284 66 294 235 280 50 52
115 140 103 306 38 310 300 73 324 70
325 227 96 132 175 121 199 81 135 207
43 145 72 49 241 43 275 48 189 91
190 287 296 261 31 265 161 127 208 75
145 24 214 239 123 7 104 217 27 308
10000000 10000000 10000000 10000000 10000000 10000000 10000000 10000000 10000000 10000000
300 93 275 151 70 166 233 168 288 201
321 193 203 146 160 108 271 25 124 168
82 327 109 202 185 202 73 36 134 329
252 135 256 270 292 316 244 324 114 25
66 196 132 221 268 193 181 54 57 314
133 11 158 85 322 191 213 133 155 283
121 139 155 41 133 157 139 30 240 241
206 270 199 284 261 71 241 46 133 144
222 192 293 211 138 66 150 324 41 161
214 24 277 185 248 263 285 15 168 96
196 246 308 322 314 33 311 322 131 280
244 18 19 19 81 155 105 196 102 12
205 267 183 132 284 276 85 115 100 133
244 73 58 242 49 143 287 308 133 236
222 243 113 255 141 254 302 88 286 75
81 188 275 237 78 309 127 201 251 276
198 197 46 261 234 90 183 233 127 90
232 239 265 280 270 38 180 176 93 76
272 164 80 167 12 320 217 237 19 192
150 103 11 123 142 282 143 73 201 268
48 21 245 136 246 257 273 119 287 22
189 225 282 246 29 303 132 277 284 127
302 242 45 100 292 121 131 234 264 16
177 85 273 325 56 290 90 86 57 251
147 91 274 87 181 207 114 87 172 279
311 99 189 318 181 141 146 237 186 249
108 170 129 234 112 60 80 10 209 266
111 160 144 221 80 125 254 315 94 311
186 64 228 203 287 94 73 42 328 321
77 323 302 322 319 189 153 201 56 124
255 327 260 126 290 276 179 267 96 257
229 198 123 175 309 261 129 280 270 217
254 158 315 40 244 102 207 96 280 262
168 37 288 52 78 292 109 242 315 50
257 186 243 97 223 279 46 104 303 288
174 64 26 330 256 90 319 253 7 288
11 150 21 66 60 241 225 108 24 255
295 263 206 83 212 202 149 157 246 53
