10000000 10000000 10000000 10000000 10000000 10000000 10000000 10000000 10000000 10000000 10000000 10000000 10000000 10000000 10000000 10000000 10000000 10000000 10000000 10000000
183 286 141 38 156 148 86 190 66 107 235 205 125 11 52 218 200 91 288 103
181 295 164 167 68 217 273 66 183 25 226 114 129 89 296 318 271 34 250 33
193 85 122 216 289 35 101 188 105 129 264 35 146 160 18 246 249 92 41 266
302 312 165 262 25 241 217 39 208 144 37 279 68 118 173 128 11 305 95 215
118 178 145 9 60 73 287 222 282 38 171 116 98 261 94 96 140 87 32 109
321 108 42 253 77 316 241 108 193 258 77 287 292 286 94 206 199 310 311 251
229 113 188 90 293 153 280 162 151 219 201 207 235 171 291 87 299 260 207 169
312 81 276 301 271 52 285 248 43 136 254 68 133 135 215 16 129 323 233 191
8 143 140 124 143 69 214 49 173 47 93 247 306 291 128 161 252 86 176 245
40 85 135 283 11 318 258 107 311 184 115 240 46 123 165 275 140 52 249 170
108 151 89 46 267 303 42 204 177 48 20 138 82 135 149 295 231 214 53 99
107 228 181 73 175 145 245 83 289 219 182 207 288 311 123 257 141 284 184 305
232 283 168 154 271 286 292 58 250 155 53 26 250 29 140 285 33 29 49 18
156 261 225 20 179 72 95 145 55 243 186 63 222 192 92 251 182 82 122 217
246 39 118 161 72 37 287 143 191 89 296 62 25 203 191 285 300 180 47 94
220 190 70 115 132 74 80 267 165 291 135 51 171 121 211 126 171 271 312 51
81 321 136 216 53 210 259 69 312 119 124 54 36 242 35 199 117 131 288 32
65 242 230 57 97 76 150 36 213 124 50 171 100 164 319 63 303 144 203 159
217 224 111 156 200 214 145 262 17 187 178 230 215 270 189 21 315 136 34 32
286 290 55 237 323 54 17 296 253 216 11 15 48 82 209 154 201 38 205 251
21 277 120 59 192 46 122 9 255 95 77 247 214 56 145 25 146 47 178 300
156 155 29 12 6 49 100 43 164 126 182 132 62 193 45 158 191 299 53 115
139 50 319 244 301 7 37 29 71 275 302 69 185 158 16 239 245 191 281 66
157 100 312 91 316 260 180 286 262 99 183 38 54 139 152 312 130 56 202 104
242 131 135 155 154 60 312 157 208 282 305 147 93 126 185 170 108 197 318 185
120 90 99 53 181 262 154 190 264 294 184 244 133 293 93 186 16 132 67 228
119 131 309 297 184 156 229 310 222 121 155 124 43 198 247 49 234 175 199 163
272 148 35 182 81 270 128 69 292 237 203 159 315 71 239 280 303 94 277 239
7 34 67 274 130 278 41 309 290 264 39 185 84 240 140 261 181 188 167 84
108 281 97 93 226 323 21 167 202 237 66 274 101 89 90 298 86 279 291 232
113 8 171 248 47 53 31 31 141 245 232 213 196 153 16 321 300 280 237 218
228 154 304 87 8 208 204 105 231 257 25 10 198 176 261 281 65 64 185 149
44 47 113 255 213 100 141 19 102 57 152 199 106 279 98 296 51 261 15 123
101 55 145 242 69 64 99 50 188 130 102 186 273 194 178 35 298 88 64 265
64 72 268 243 181 264 150 63 289 19 205 221 260 183 96 54 219 191 146 14
272 187 288 38 273 232 165 102 259 104 216 78 26 285 37 193 52 158 125 187
125 97 171 135 84 70 78 304 291 66 48 120 213 105 296 73 240 266 127 252
187 17 187 187 268 257 320 286 104 197 311 260 277 69 213 150 254 244 161 281
293 237 97 254 223 265 56 164 263 113 238 53 264 126 178 217 114 240 187 174
302 144 152 14 86 122 206 79 160 205 8 129 65 295 28 323 188 284 240 263
264 157 29 16 41 161 82 160 261 28 239 285 28 45 181 44 253 228 182 251
109 321 275 102 246 277 42 274 104 211 118 320 260 141 211 80 32 40 218 63
190 116 13 87 254 77 19 250 260 303 187 200 8 6 267 193 275 56 319 11
265 117 31 254 183 13 252 110 126 190 191 137 292 256 90 142 217 219 270 299
250 208 234 41 186 140 45 190 213 28 69 163 41 261 183 185 234 282 14 284
99 111 256 192 61 190 244 187 150 264 164 68 229 8 300 314 49 272 168 86
74 102 9 304 238 213 313 288 47 320 260 116 94 301 236 41 203 101 274 217
77 248 9 166 251 157 171 248 42 322 34 12 119 133 185 227 56 50 258 283
149 102 145 237 155 205 70 82 84 88 26 49 87 124 197 95 265 279 263 71
52 302 146 115 278 96 127 293 280 280 187 55 33 284 107 219 216 53 318 119
272 267 278 28 224 14 314 301 200 254 9 181 97 42 114 204 171 187 173 250
43 133 55 160 148 32 28 122 180 73 23 194 309 237 161 134 20 14 141 90
54 35 196 37 163 120 140 224 268 290 67 302 214 311 119 251 233 7 263 85
233 229 310 280 308 153 219 214 51 229 166 112 59 220 57 113 17 169 219 122
230 286 248 90 7 229 137 298 321 209 309 281 237 7 210 101 158 46 292 40
10000000 10000000 10000000 10000000 10000000 10000000 10000000 10000000 10000000 10000000 10000000 10000000 10000000 10000000 10000000 10000000 10000000 10000000 10000000 10000000
27 139 273 71 291 177 226 86 257 172 102 310 45 160 14 252 171 99 196 143
68 291 256 208 310 142 10 58 66 24 247 19 59 173 106 188 237 212 29 152
144 308 266 204 133 14 115 78 314 39 196 201 180 80 305 209 205 312 69 238
205 115 93 142 178 32 48 287 141 31 19 37 152 308 266 223 185 250 313 155
190 140 315 140 245 275 267 54 190 84 101 180 15 124 57 100 96 196 148 268
25 35 102 318 214 211 258 225 266 216 263 185 211 28 317 251 80 67 315 265
169 43 228 144 85 180 30 159 79 102 308 238 91 308 313 236 126 298 158 94
154 310 128 38 196 193 148 192 260 256 22 82 202 221 103 118 200 246 139 323
135 313 224 130 290 133 226 319 160 222 151 257 151 110 256 110 139 112 244 62
96 107 108 84 268 163 34 112 311 120 319 146 38 209 39 151 7 226 30 58
106 258 150 16 194 68 232 270 141 172 255 148 38 176 301 196 23 287 49 189
254 162 271 100 146 323 144 55 276 270 7 174 115 25 216 211 60 308 303 194
279 73 180 80 214 268 71 262 186 91 318 145 274 73 176 105 181 84 226 196
307 212 287 180 227 127 82 89 128 274 86 285 177 273 127 176 248 184 51 137
81 214 319 132 108 307 276 221 37 225 104 170 264 206 313 223 157 127 226 60
48 210 174 144 147 12 257 129 194 319 310 148 42 304 315 146 155 76 16 178
234 320 261 77 86 276 257 159 183 52 206 145 241 58 151 84 129 23 138 154
308 250 252 175 118 303 107 104 69 90 41 263 19 131 73 77 73 259 269 146
134 263 195 293 30 159 307 292 151 40 9 105 130 8 117 84 323 226 240 110
246 240 152 240 111 209 287 85 195 32 98 49 110 300 34 221 190 259 315 11
66 252 142 157 52 80 56 99 58 41 138 76 292 239 237 112 82 152 300 189
172 72 180 216 225 18 211 157 208 107 41 254 81 225 46 264 263 293 197 250
28 167 125 290 174 113 28 215 43 78 31 300 284 64 111 90 120 273 288 311
255 40 118 109 68 239 52 89 108 255 13 312 203 237 127 164 51 55 276 169
76 48 176 84 302 311 243 179 238 315 151 114 172 179 164 133 110 42 154 116
78 97 102 202 43 18 292 282 228 251 193 205 121 76 18 205 218 203 134 154
158 264 11 28 224 306 17 17 179 42 126 261 300 316 222 196 315 298 17 65
137 140 194 56 135 95 219 187 210 256 239 257 46 211 86 269 35 69 28 181
24 282 28 72 55 240 100 104 210 115 92 132 290 240 91 223 213 233 51 289
219 20 255 150 239 40 169 142 270 249 175 106 201 252 316 250 45 160 173 277
56 163 63 257 123 190 168 305 73 223 165 227 175 283 209 81 215 244 246 77
57 26 280 114 20 198 175 232 198 261 198 160 30 157 6 285 208 289 173 18
58 113 154 80 303 250 82 208 262 296 263 277 197 207 23 124 139 58 224 55
55 106 101 86 179 316 160 171 287 137 134 323 194 294 16 140 10 115 60 294
237 108 311 211 234 160 8 154 253 88 88 269 118 53 256 128 28 233 304 89
125 323 270 105 92 190 99 294 152 125 28 107 138 179 158 322 115 118 119 247
52 80 304 6 136 131 35 181 254 249 106 197 80 20 217 310 90 133 161 27
79 103 12 58 282 96 229 141 32 99 93 59 89 135 213 165 102 26 240 237
136 206 87 26 37 213 225 78 224 248 86 304 248 256 198 79 308 306 102 256
113 218 159 242 82 212 85 39 85 248 174 209 139 99 58 151 123 139 323 81
151 149 106 305 118 293 136 177 304 44 212 140 67 238 65 199 115 195 47 28
279 87 79 54 239 91 83 109 295 13 99 113 302 249 309 227 62 75 286 137
87 99 78 236 50 18 31 263 94 44 281 20 28 310 114 183 290 109 168 18
274 221 58 167 104 208 257 237 295 118 90 280 57 23 96 93 140 129 104 281
268 164 140 304 320 211 83 314 227 277 67 237 111 117 274 113 66 75 308 79
57 7 154 310 217 171 36 39 117 53 224 117 141 299 254 270 63 279 110 305
142 255 138 215 37 77 120 170 36 248 214 212 107 265 228 249 190 192 125 248
17 225 245 274 238 219 64 267 107 112 80 43 126 61 85 118 8 280 145 28
108 196 48 102 246 87 179 79 184 72 129 286 108 52 59 96 162 245 185 101
56 127 126 61 209 322 225 14 231 282 273 108 23 288 223 206 173 166 316 23
239 35 158 244 169 287 111 74 226 73 190 38 142 182 75 73 128 267 202 302
142 65 195 68 37 96 275 192 154 266 70 83 224 33 9 273 77 215 315 33
192 104 151 93 124 268 277 158 174 193 197 167 174 282 278 86 41 199 25 195
241 195 58 184 279 179 99 109 249 109 252 79 202 15 206 82 48 156 32 110
144 48 145 41 319 211 45 101 251 197 165 179 252 9 253 289 198 32 283 8
10000000 10000000 10000000 10000000 10000000 10000000 10000000 10000000 10000000 10000000 10000000 10000000 10000000 10000000 10000000 10000000 10000000 10000000 10000000 10000000
120 174 191 53 144 310 86 20 275 49 187 101 135 287 308 199 61 283 259 92
187 29 318 252 26 224 255 234 182 44 140 194 31 245 188 229 312 121 281 7
176 73 210 24 227 228 204 287 140 248 93 289 68 149 312 18 110 165 81 213
161 187 186 316 83 223 265 228 117 114 50 33 106 79 178 21 102 121 24 64
298 298 47 155 112 104 99 57 316 74 162 165 32 150 69 70 129 81 220 149
89 81 285 285 86 103 228 130 208 212 23 45 47 219 253 310 147 166 227 153
74 98 128 123 110 273 300 40 90 9 195 133 280 97 106 55 62 107 41 67
134 121 11 237 11 49 148 203 200 133 58 17 17 146 98 302 114 197 71 130
286 189 102 141 319 295 298 136 191 186 217 268 117 310 49 71 56 290 151 131
66 39 145 51 62 188 142 14 63 56 102 132 199 14 196 63 65 15 279 75
263 122 128 69 85 66 77 155 286 281 129 48 123 199 307 119 60 124 67 41
24 172 41 223 168 175 294 173 36 257 299 189 234 225 317 38 93 129 173 32
292 43 221 50 295 270 306 156 7 220 40 302 309 110 15 142 203 203 309 167
14 297 199 255 287 253 309 267 283 50 306 225 238 280 177 288 182 167 247 157
166 151 139 317 233 294 311 105 124 56 256 48 208 9 103 87 158 20 169 264
7 59 105 49 272 70 122 288 101 220 189 143 245 112 155 71 212 71 127 57
284 211 18 123 103 262 320 73 198 155 143 154 98 245 14 55 297 57 158 307
39 231 270 227 72 220 11 301 121 123 227 229 280 237 313 282 55 290 112 281
238 92 134 317 34 115 305 132 233 210 48 290 164 190 323 15 290 11 35 216
154 141 26 212 220 300 226 185 161 66 269 168 25 251 62 194 84 220 66 48
56 252 48 244 263 189 9 140 183 101 305 178 148 105 83 196 308 113 267 281
303 273 171 314 62 233 292 107 26 102 211 233 195 305 108 186 172 155 139 201
262 287 303 102 119 155 148 125 169 162 250 322 234 72 163 294 246 72 170 59
191 84 286 132 266 222 87 116 89 148 147 302 288 225 104 181 241 200 225 62
258 69 126 292 43 163 117 263 156 66 323 70 14 48 266 94 151 287 292 287
165 208 179 186 124 202 254 268 10 291 52 70 58 242 168 159 50 237 30 248
240 141 42 185 66 294 239 112 231 132 314 191 156 147 58 75 138 11 319 244
280 65 65 296 101 115 265 131 46 285 138 19 177 126 108 146 299 31 42 145
9 231 71 155 309 101 28 296 117 136 113 181 181 102 248 165 36 159 208 108
134 199 255 103 314 279 59 15 187 50 110 288 257 18 32 267 204 46 115 29
256 158 122 305 294 71 38 219 102 263 16 184 51 258 24 32 172 144 16 56
35 117 71 131 97 313 94 308 17 49 93 272 95 234 163 183 26 134 227 142
111 318 184 215 143 201 86 231 293 48 14 240 71 68 152 137 237 39 193 93
198 258 72 217 310 21 160 231 107 317 80 37 284 322 91 22 143 56 6 216
87 187 81 72 71 220 223 251 167 169 96 252 256 53 26 57 180 265 290 240
180 274 116 14 174 307 162 64 162 32 130 160 153 209 226 215 290 168 192 145
28 62 313 72 104 49 291 145 143 317 226 132 121 102 64 120 98 37 283 113
173 75 13 17 231 242 7 68 281 141 291 164 215 178 172 254 294 32 88 50
117 283 58 276 61 265 49 76 152 165 199 131 207 300 187 58 105 114 17 295
197 233 290 244 75 195 108 160 243 62 142 302 162 276 256 120 105 272 309 288
155 19 67 118 323 216 225 98 287 231 212 244 50 79 99 256 99 176 16 273
53 98 70 263 142 91 254 129 210 272 189 72 146 321 303 198 247 188 251 243
214 130 44 223 107 212 59 118 198 67 85 194 54 181 182 76 193 211 101 144
172 297 203 17 266 307 49 322 105 143 97 321 167 135 296 174 108 305 235 292
238 41 49 113 195 201 53 299 306 275 73 42 27 183 192 271 186 27 179 294
49 127 197 260 293 185 315 96 112 103 298 70 247 42 117 118 164 174 232 158
37 18 11 63 267 187 322 282 169 307 83 15 207 294 97 204 70 141 245 123
202 203 201 136 122 26 288 175 286 297 218 37 256 259 290 270 278 230 265 24
261 136 21 18 51 148 209 117 278 234 129 207 97 207 78 93 72 220 148 159
282 288 322 249 296 77 301 52 39 201 10 239 291 189 202 31 110 155 218 300
44 213 41 286 279 97 100 235 239 109 109 38 12 223 106 282 44 28 75 317
190 182 10 170 298 253 128 294 277 264 103 197 226 260 35 194 285 116 83 198
33 292 36 57 251 105 144 147 156 151 209 107 105 218 167 23 109 7 86 15
319 12 87 201 90 66 197 265 260 245 134 305 80 167 103 279 303 228 267 183
176 183 260 242 53 253 318 211 158 189 302 135 183 96 155 305 75 37 221 118
10000000 10000000 10000000 10000000 10000000 10000000 10000000 10000000 10000000 10000000 10000000 10000000 10000000 10000000 10000000 10000000 10000000 10000000 10000000 10000000
70 284 198 27 225 168 321 186 155 245 13 90 164 211 36 87 281 237 287 115
12 182 129 124 124 27 15 257 105 83 196 53 320 234 64 135 86 77 107 175
143 148 138 37 249 16 254 281 256 220 167 93 226 130 25 113 294 188 17 172
299 293 270 306 245 120 24 307 101 267 17 266 127 272 95 100 319 100 73 312
154 97 284 12 11 178 34 93 43 316 213 149 210 233 107 189 30 15 293 84
56 20 292 69 113 111 213 120 96 174 12 242 263 184 124 87 55 15 265 48
43 39 231 232 40 184 230 220 240 273 177 117 114 152 282 246 198 170 172 35
240 116 287 172 45 277 88 278 197 287 98 131 221 53 90 221 28 86 50 172
97 92 123 196 206 124 102 38 181 6 231 107 155 176 177 55 100 109 34 121
103 135 125 50 53 165 153 142 75 251 241 314 20 61 90 238 66 49 63 71
27 66 155 235 277 289 264 53 48 169 214 277 235 54 207 83 75 101 49 111
212 57 25 48 43 169 212 136 138 81 158 13 262 102 292 316 34 276 311 279
53 199 165 78 81 145 257 217 135 115 275 150 11 83 103 40 56 129 80 42
67 198 136 177 265 272 209 18 28 275 255 241 7 162 100 192 130 241 295 314
235 312 274 118 199 156 253 30 229 154 237 42 61 96 310 203 43 218 258 281
33 187 59 127 159 277 144 288 225 209 294 172 54 307 207 15 293 122 52 286
180 268 200 72 96 142 295 145 178 56 49 143 95 40 48 205 17 182 34 61
121 122 153 83 69 317 83 191 276 182 110 53 260 163 302 66 171 264 312 13
49 145 173 257 198 205 11 75 118 26 256 93 296 89 103 189 224 173 229 230
195 263 200 135 74 165 289 109 289 212 288 30 59 33 100 177 108 233 59 247
78 270 219 241 296 202 60 102 22 162 138 57 33 102 41 193 31 90 95 11
60 275 271 244 50 47 40 280 281 105 299 175 72 181 198 41 214 194 190 122
64 74 79 175 273 157 153 135 138 226 121 256 32 15 320 321 218 34 275 301
39 320 245 206 275 283 188 7 202 128 292 21 137 128 225 71 78 155 279 257
178 78 209 247 84 188 59 229 248 134 203 225 220 45 257 137 296 65 173 219
36 12 297 217 114 230 213 247 65 128 50 213 240 186 162 110 119 215 194 234
124 190 85 16 49 278 49 230 256 28 64 149 185 253 221 188 290 17 67 100
184 297 21 62 112 71 189 97 185 199 254 65 256 36 155 179 305 93 178 104
87 76 162 45 205 82 68 171 65 25 88 71 167 315 55 100 75 245 255 197
15 73 276 160 137 38 102 220 89 34 297 60 243 301 17 270 51 318 210 243
78 21 264 56 178 12 30 244 10 259 302 174 280 14 93 286 126 55 115 290
195 256 33 58 303 48 270 91 201 99 320 232 111 216 29 273 275 41 301 81
69 113 148 15 284 272 188 86 22 275 312 215 6 92 91 47 193 109 137 125
67 312 202 119 253 191 254 245 230 70 207 278 86 76 112 308 68 262 65 142
287 305 160 97 112 254 302 168 306 65 148 126 310 137 297 19 137 8 170 204
181 48 82 230 127 148 312 168 144 35 296 195 282 223 65 212 296 322 292 222
195 220 54 310 116 13 277 79 234 248 260 116 255 217 78 307 10 35 206 157
148 137 107 41 182 75 132 156 223 253 295 240 21 30 283 172 50 271 60 200
270 192 208 136 52 251 257 216 72 168 159 265 254 115 284 177 278 283 107 149
234 174 280 147 100 313 18 124 185 63 144 23 30 214 81 305 192 10 283 63
108 125 78 99 149 107 239 151 197 159 103 177 21 24 228 288 135 43 312 50
244 76 36 191 15 293 12 225 10 255 226 51 318 162 315 119 192 300 82 148
296 298 163 134 274 34 152 168 95 87 305 19 90 156 168 79 212 190 300 293
282 129 11 39 99 154 131 162 219 240 63 39 79 197 297 186 98 79 323 165
314 267 293 322 99 30 196 291 231 156 235 146 156 280 114 213 68 134 311 268
219 271 100 47 71 37 232 208 29 296 289 298 197 321 158 154 204 164 265 201
317 304 93 78 113 240 209 310 229 307 117 293 73 274 130 320 197 304 272 84
275 315 60 240 139 246 151 33 75 137 222 174 109 28 314 167 120 238 223 273
248 7 260 250 258 40 161 22 280 103 271 55 221 298 199 259 298 100 309 181
309 212 200 134 226 24 82 45 280 314 194 6 308 209 147 35 288 65 41 77
264 181 78 285 203 153 51 115 214 35 303 234 140 82 300 175 275 229 175 8
217 246 236 189 87 71 164 56 173 186 237 48 208 116 232 94 222 251 267 123
286 282 40 280 23 192 252 268 43 290 236 140 107 291 209 119 115 164 86 87
214 266 110 166 280 152 91 125 226 264 122 218 137 41 284 78 24 67 55 189
226 10 147 117 131 288 40 239 101 274 51 157 26 183 16 40 218 107 10 14
10000000 10000000 10000000 10000000 10000000 10000000 10000000 10000000 10000000 10000000 10000000 10000000 10000000 10000000 10000000 10000000 10000000 10000000 10000000 10000000
146 182 262 323 185 179 16 147 286 80 298 230 293 142 316 204 203 83 98 57
170 231 14 109 111 56 127 243 31 226 303 14 86 38 276 61 259 150 96 153
239 29 16 181 257 104 17 55 172 262 189 231 51 14 266 191 183 152 83 37
120 191 71 116 225 116 140 189 222 84 101 89 15 79 68 238 131 267 196 232
215 75 32 111 24 308 207 283 168 206 193 128 51 244 124 191 58 102 229 210
190 285 262 176 128 131 139 80 145 291 110 307 216 294 62 179 268 302 199 204
206 232 9 177 293 300 157 315 99 39 31 6 265 133 89 214 166 149 193 169
145 92 150 235 29 296 310 58 20 77 191 102 10 40 100 43 84 6 212 280
207 102 289 197 20 258 206 296 234 197 195 312 15 296 197 19 201 275 57 174
36 231 166 124 254 290 83 186 287 78 262 156 281 155 60 235 42 38 267 33
111 111 219 279 138 107 298 10 119 48 14 313 144 25 150 266 134 11 302 62
37 16 247 44 279 76 192 238 7 65 142 118 16 222 85 218 312 6 87 30
76 16 60 34 42 93 280 227 140 219 208 93 18 16 200 205 302 168 28 58
142 135 49 80 178 311 294 56 195 262 80 275 98 304 199 214 56 151 224 56
319 42 45 171 286 305 280 135 158 215 267 82 178 97 181 211 162 248 244 191
67 204 314 56 142 188 168 108 188 19 265 65 205 260 288 214 6 154 281 159
281 148 273 290 249 34 253 128 54 24 226 166 99 238 244 140 121 277 318 114
102 96 170 114 123 188 229 247 29 72 307 80 227 89 311 40 111 76 173 189
148 31 46 177 222 82 236 96 72 6 298 276 118 253 83 11 62 128 309 22
166 135 139 76 16 70 66 126 274 118 138 316 151 292 260 95 56 296 106 26
238 19 304 241 147 216 102 103 296 199 284 299 207 147 15 106 279 281 209 322
51 94 94 309 6 104 279 153 39 222 77 294 189 116 138 191 247 182 189 18
235 42 308 296 257 280 159 240 247 244 246 122 75 66 115 187 223 239 297 201
288 156 121 251 113 269 56 259 170 78 83 92 290 194 216 194 179 81 295 85
296 220 118 212 275 123 85 78 169 109 56 26 80 288 65 218 121 161 185 125
195 37 25 185 90 150 263 133 237 123 96 49 114 193 262 314 38 147 243 247
214 74 243 240 323 89 254 301 104 82 271 216 236 53 59 109 303 241 239 200
127 36 35 143 155 166 118 98 48 245 102 258 303 85 148 318 128 126 68 141
273 25 277 207 114 119 104 231 98 155 46 283 221 208 100 127 135 189 79 209
311 42 121 91 120 309 241 140 101 71 70 234 160 76 318 214 280 42 11 108
147 157 85 132 109 227 229 7 95 103 266 197 300 32 244 215 82 124 17 93
152 107 308 282 84 15 250 306 119 146 186 118 276 272 271 30 38 42 148 108
201 218 75 112 98 309 61 115 70 154 165 47 319 189 99 147 174 44 193 121
255 85 78 113 131 33 222 263 273 184 317 56 257 44 296 143 191 70 6 237
157 170 38 270 250 107 160 257 79 79 116 245 219 198 196 132 12 293 70 322
186 234 128 74 50 224 224 288 294 151 75 208 251 214 75 36 22 54 219 158
267 172 244 15 322 171 166 127 29 68 117 299 40 274 100 209 284 232 284 250
110 196 241 77 276 64 33 28 158 61 281 224 313 94 148 41 75 323 287 41
227 70 24 191 97 35 141 305 228 146 56 281 10 185 117 301 80 225 214 252
146 290 294 43 134 114 202 281 118 6 77 167 133 280 318 214 182 289 263 201
285 34 144 242 32 9 139 222 128 102 219 301 125 223 290 323 254 261 10 281
37 268 47 104 305 159 232 86 312 313 192 214 323 159 81 171 301 17 188 264
80 281 222 321 130 220 281 219 150 254 225 17 92 80 162 235 75 117 314 257
217 51 24 113 72 41 170 190 322 307 273 111 112 60 154 213 226 106 229 256
168 150 73 12 281 210 323 150 94 127 322 186 252 72 28 291 220 177 281 10
304 204 86 13 179 180 95 39 107 182 25 17 170 190 35 91 56 11 266 90
279 78 119 60 110 209 82 251 47 12 271 162 117 150 198 18 309 206 229 298
213 267 194 48 158 215 172 102 265 72 295 121 323 73 290 224 301 290 33 316
68 27 17 196 288 269 127 205 110 291 101 168 77 179 322 176 250 262 50 45
195 253 73 106 315 35 195 157 134 200 109 216 149 110 78 209 75 315 33 305
108 49 229 256 28 129 182 111 289 36 205 169 77 257 234 135 146 317 269 291
67 136 252 90 89 164 240 231 238 14 286 27 173 74 262 160 185 249 126 177
18 34 259 234 222 274 285 47 88 275 232 258 191 192 128 61 236 44 16 127
230 99 73 294 126 108 118 34 168 29 214 79 17 292 94 156 9 288 166 317
313 116 149 173 69 38 247 121 112 159 46 163 299 320 143 265 89 207 318 83
10000000 10000000 10000000 10000000 10000000 10000000 10000000 10000000 10000000 10000000 10000000 10000000 10000000 10000000 10000000 10000000 10000000 10000000 10000000 10000000
107 75 77 45 18 160 103 237 111 115 139 250 209 255 91 225 263 279 221 240
152 31 230 286 61 323 68 216 109 70 234 51 48 168 230 262 167 130 220 257
195 99 34 71 215 47 276 117 282 171 209 14 253 8 9 263 149 30 90 93
315 159 106 53 9 169 29 152 116 133 18 54 223 90 28 211 149 92 12 191
174 137 92 29 203 207 160 170 250 53 245 94 7 246 122 243 240 107 120 252
184 12 299 258 273 55 143 204 255 239 113 220 33 184 56 29 257 289 89 250
305 321 28 25 223 280 243 95 173 236 209 20 286 319 245 42 187 236 9 233
213 44 112 187 145 306 213 303 16 208 124 45 216 196 46 27 173 48 35 212
205 177 74 125 286 323 155 48 11 204 113 288 281 211 307 254 268 152 279 205
25 196 173 322 43 266 272 162 15 318 56 237 132 115 228 26 294 181 48 114
128 236 91 262 288 118 255 277 65 133 40 42 269 171 252 308 38 35 45 135
168 120 181 291 29 131 64 228 137 306 44 242 40 42 51 231 233 258 135 160
249 196 270 108 191 98 35 77 12 71 27 319 130 77 205 137 59 214 281 322
224 303 58 130 47 174 181 60 149 297 230 134 84 59 72 257 263 263 246 276
126 105 251 56 193 157 139 255 74 284 142 122 195 125 136 178 153 15 9 103
135 191 243 182 164 59 284 218 34 134 174 286 207 180 319 276 267 216 64 248
66 8 39 319 13 178 221 228 226 317 26 249 64 187 271 192 271 113 136 221
218 284 213 160 320 59 178 159 125 265 294 303 113 70 76 277 287 189 143 270
87 225 123 282 52 276 194 177 44 11 214 235 217 116 13 264 193 56 316 323
203 66 87 308 287 65 280 172 115 98 55 59 30 234 21 250 41 281 229 279
271 229 253 67 201 11 111 293 40 21 22 31 74 260 241 237 57 166 155 206
104 241 221 260 259 140 203 165 264 101 237 260 145 265 267 76 262 104 183 245
202 129 296 280 130 103 73 137 38 250 287 156 257 195 273 70 13 75 284 89
257 75 52 222 144 64 144 311 230 80 87 272 262 271 78 292 119 178 8 120
104 102 137 135 137 64 119 154 126 79 131 234 237 25 42 308 168 34 140 204
277 283 278 8 74 197 318 319 102 163 186 170 278 105 203 264 230 277 306 268
193 6 47 157 6 264 280 274 182 27 126 130 33 300 293 77 98 125 233 300
175 36 35 277 245 277 228 44 174 49 124 168 232 273 195 168 87 84 69 315
59 118 162 21 9 32 228 229 233 275 18 257 264 46 184 17 114 278 288 209
186 196 182 255 76 173 202 127 295 135 221 120 122 269 37 272 121 89 316 107
159 155 250 90 99 148 288 250 183 227 122 276 165 252 245 253 10 185 14 32
125 251 146 153 159 299 298 252 130 82 185 219 28 257 281 52 291 231 228 182
126 134 274 271 95 20 121 182 166 67 155 275 217 63 230 33 318 279 221 217
241 96 169 188 278 34 101 119 203 196 214 275 115 216 307 232 176 129 154 64
260 216 136 280 59 65 271 117 188 204 99 308 33 128 165 299 20 164 105 96
71 52 57 206 70 7 200 306 275 68 107 101 161 253 173 128 44 85 33 80
228 176 81 200 166 166 64 251 130 303 323 114 184 48 140 318 250 231 303 63
68 29 112 319 187 323 44 123 307 80 91 167 322 247 20 267 80 276 144 266
117 26 211 217 17 208 196 73 183 213 62 81 40 184 104 126 128 125 87 220
308 92 255 114 140 221 311 77 65 293 229 240 55 48 318 12 299 142 318 215
239 313 277 87 310 99 232 273 135 105 216 210 304 29 167 150 60 229 112 254
95 41 173 26 102 32 122 109 273 282 92 46 312 11 250 296 232 283 49 186
90 186 26 310 211 303 119 110 130 117 37 19 11 282 235 140 136 248 189 84
222 227 321 34 190 155 157 54 285 51 209 110 239 97 79 155 273 140 215 88
105 102 113 296 130 189 7 258 269 259 268 232 110 231 150 54 27 222 125 232
315 33 95 23 289 141 9 159 279 214 289 234 105 59 26 322 258 228 79 150
131 94 160 172 308 50 187 197 302 153 51 136 19 52 64 197 310 314 219 302
285 233 85 184 292 267 122 229 256 150 100 292 159 208 322 270 22 139 101 205
155 270 216 80 146 243 256 169 137 52 79 147 64 150 202 51 12 166 299 48
258 112 184 282 118 280 213 190 177 133 32 270 163 316 217 279 136 116 116 88
301 98 21 25 268 26 153 314 304 95 127 83 141 70 290 129 83 136 126 46
279 57 275 283 191 275 51 113 95 154 187 56 169 74 200 137 279 88 90 165
126 268 193 150 16 317 307 171 22 300 92 38 100 312 276 71 6 72 26 194
23 74 213 112 230 289 285 81 125 225 102 182 190 272 241 59 137 60 84 84
211 262 29 35 241 162 101 29 255 277 276 316 221 163 117 74 166 310 81 42
10000000 10000000 10000000 10000000 10000000 10000000 10000000 10000000 10000000 10000000 10000000 10000000 10000000 10000000 10000000 10000000 10000000 10000000 10000000 10000000
260 145 49 306 276 217 22 84 85 35 285 195 240 48 145 295 90 323 30 97
293 218 79 168 41 166 241 159 101 229 16 145 13 230 186 93 155 44 110 143
10 73 91 252 57 106 23 144 48 114 169 289 25 216 271 186 183 39 238 179
306 129 117 149 176 24 226 79 45 238 109 119 248 304 304 48 102 36 167 258
84 171 197 38 170 306 65 233 113 77 273 233 265 69 183 39 229 110 183 274
290 18 137 11 260 94 305 238 57 289 127 39 163 240 277 127 259 296 10 25
275 98 110 161 169 317 152 223 263 79 219 212 282 30 117 196 247 142 285 284
256 322 321 196 239 99 307 267 176 230 300 140 292 230 173 8 114 184 28 59
98 208 264 107 306 292 241 248 219 192 263 193 233 258 165 271 285 154 241 130
253 295 255 142 126 200 246 8 19 135 238 295 74 104 46 235 85 131 136 14
320 263 54 56 70 151 323 203 146 252 323 281 167 188 231 260 151 271 54 173
321 200 226 122 209 299 64 19 16 33 232 129 294 263 188 258 41 274 266 131
63 190 160 317 276 100 192 163 50 240 117 26 23 322 162 160 218 291 133 204
178 100 287 102 277 122 208 312 144 75 294 25 80 160 285 321 101 20 136 29
43 219 175 304 246 296 185 163 90 93 123 255 146 78 201 136 124 218 78 134
59 212 224 107 321 59 67 223 110 159 66 12 52 80 316 273 97 112 29 71
306 24 167 270 291 129 31 271 222 79 230 67 310 34 238 184 147 82 147 228
215 239 17 300 299 115 200 133 142 44 70 85 9 188 179 139 264 190 83 47
310 298 172 25 164 258 212 287 299 122 254 259 174 259 64 300 201 83 96 90
299 290 123 270 160 32 219 130 262 295 23 259 102 212 224 167 217 21 268 164
159 121 299 64 64 253 302 286 28 121 123 274 6 133 239 147 276 228 276 294
275 163 190 129 217 13 303 323 197 201 148 323 287 68 270 199 243 148 169 86
103 317 107 92 64 146 153 234 323 303 27 73 146 189 201 262 64 197 121 289
101 242 260 39 306 299 170 39 32 105 270 105 58 162 186 271 312 298 161 252
194 54 304 292 6 281 162 81 215 286 36 165 209 233 323 96 308 123 268 123
9 253 163 114 297 203 149 137 192 284 46 297 124 318 154 310 240 168 96 149
160 163 307 122 262 186 81 90 296 284 173 13 36 20 319 300 218 167 232 278
114 113 192 32 30 215 155 212 149 9 232 171 268 222 71 193 48 162 259 275
83 162 135 49 100 54 42 100 207 172 71 241 157 56 233 195 175 6 83 164
64 217 90 257 163 317 300 234 290 80 314 171 284 193 9 70 103 8 162 143
244 224 187 256 178 129 33 219 219 314 276 35 297 36 16 256 292 23 74 268
248 53 316 249 186 212 163 129 151 105 22 285 79 95 98 184 178 144 68 159
33 249 6 306 17 116 319 88 195 68 313 150 240 235 208 215 284 285 109 160
85 180 90 315 146 300 294 47 211 131 212 172 85 284 169 208 275 310 70 43
99 289 190 321 136 115 137 290 160 124 79 96 53 38 71 61 59 220 10 258
265 251 87 123 216 66 123 180 311 33 116 208 98 82 135 80 193 273 18 95
140 82 187 156 120 267 60 318 320 288 153 35 117 142 290 313 20 68 279 112
21 316 20 8 163 254 82 50 71 92 303 295 284 231 287 112 302 19 60 294
34 21 184 151 10 200 217 11 227 20 114 241 28 144 237 311 53 31 113 23
108 252 134 315 267 269 191 314 319 31 270 25 119 43 229 287 66 88 291 293
15 210 75 264 268 150 87 15 212 111 28 292 44 131 254 107 249 232 60 107
124 89 293 205 270 229 31 195 29 307 299 122 237 200 24 118 109 85 142 158
175 80 223 19 82 206 22 182 52 304 47 304 168 42 45 206 184 23 15 190
151 215 143 148 156 262 306 145 250 29 236 270 126 99 185 268 50 198 283 213
112 187 198 118 67 75 260 34 53 195 240 55 150 295 176 258 107 136 106 49
178 282 276 288 107 65 204 193 66 28 140 186 288 28 296 196 206 6 123 86
99 74 251 118 157 267 232 127 156 257 203 93 136 197 146 323 213 254 47 314
145 22 173 312 189 222 8 86 166 189 180 70 21 161 271 258 19 134 86 287
225 228 244 146 55 152 119 212 44 141 30 140 302 310 172 142 237 250 289 311
142 275 292 260 292 61 248 323 77 172 92 31 263 315 189 84 88 168 303 124
148 63 147 216 48 264 236 91 76 89 122 300 273 53 260 184 75 303 46 88
14 182 293 17 179 159 79 149 176 62 218 301 213 135 41 59 253 208 26 75
165 318 178 247 79 321 260 259 118 236 249 147 19 55 29 279 50 66 175 73
318 91 276 277 306 260 275 145 294 282 86 41 259 185 241 292 41 220 129 246
160 94 282 295 116 49 213 36 237 275 133 208 26 53 99 211 320 319 26 99
10000000 10000000 10000000 10000000 10000000 10000000 10000000 10000000 10000000 10000000 10000000 10000000 10000000 10000000 10000000 10000000 10000000 10000000 10000000 10000000
160 94 319 281 263 319 14 209 15 151 78 60 67 276 309 166 130 100 34 167
85 307 304 201 43 273 131 170 184 28 202 109 148 30 201 83 196 318 296 129
30 221 280 195 16 255 135 200 11 207 159 215 298 289 129 263 121 99 141 279
278 257 189 100 246 225 220 253 294 215 225 86 168 255 311 152 317 207 226 300
164 279 302 44 285 286 94 117 122 286 249 210 160 18 301 205 32 37 76 136
89 309 174 144 69 254 270 138 49 83 164 128 35 38 66 160 184 96 67 38
258 66 186 107 120 196 93 316 227 281 267 46 91 224 97 289 122 50 76 217
159 200 18 243 302 272 266 137 64 45 87 138 209 58 168 252 316 171 8 154
98 193 120 77 147 255 73 65 229 291 256 261 82 290 137 135 249 43 154 165
40 241 241 316 83 66 253 66 295 268 313 105 282 11 222 220 33 23 179 194
191 133 55 323 308 145 225 195 53 106 126 193 316 132 235 309 10 179 116 148
133 148 38 294 176 150 302 307 102 74 137 111 49 128 246 79 61 275 190 212
194 124 287 81 39 185 109 58 167 199 318 267 163 58 58 258 263 23 236 304
264 290 54 304 256 134 187 211 215 231 25 103 212 217 193 175 290 301 207 267
169 60 107 297 230 116 169 86 171 125 286 7 28 120 91 217 75 35 225 13
274 25 27 272 90 256 25 218 145 29 192 298 269 60 302 187 66 61 6 69
289 86 313 118 75 213 286 19 200 199 88 78 173 190 26 110 186 96 191 228
183 232 168 192 250 27 252 90 65 18 294 310 190 40 295 181 80 201 96 115
320 185 189 42 254 102 118 48 163 308 199 80 116 321 260 183 285 39 57 135
93 267 268 166 283 86 91 198 126 158 7 256 203 91 275 117 170 276 99 8
168 249 303 100 108 283 123 118 154 29 289 199 273 318 259 124 239 159 127 16
91 159 192 173 143 35 44 192 217 142 19 129 314 313 224 23 96 318 218 217
82 157 103 222 239 251 118 97 206 164 139 162 303 34 233 246 200 229 88 215
88 239 29 280 186 204 204 193 165 115 313 55 94 186 184 231 125 225 233 70
156 230 53 140 35 193 297 246 153 97 73 28 111 238 145 128 128 232 188 309
173 27 189 214 167 30 156 15 166 12 84 242 289 284 252 232 114 74 110 298
116 112 67 60 248 28 99 161 234 116 101 34 122 203 88 323 172 51 273 24
73 141 139 113 9 47 120 18 153 159 187 90 282 15 156 75 286 304 233 158
305 124 268 195 35 32 228 306 16 235 15 203 292 146 280 93 116 85 88 103
297 254 124 225 206 306 91 55 159 115 220 300 176 252 190 149 14 140 222 59
125 39 170 131 6 78 70 80 317 228 93 25 101 53 197 42 206 318 99 142
152 154 276 120 29 109 247 236 7 285 293 108 237 165 201 90 36 6 128 95
135 53 269 246 60 65 94 83 135 82 299 83 321 179 296 125 279 144 310 66
313 23 113 227 309 225 232 39 270 242 30 208 270 224 206 214 245 307 285 212
255 183 23 220 307 19 118 83 53 42 114 37 156 47 230 192 174 280 176 289
290 160 310 141 273 58 190 20 257 145 231 217 253 64 301 265 91 102 130 302
60 153 198 208 146 93 220 272 52 129 157 197 129 125 110 173 21 124 181 34
110 209 275 101 228 135 196 138 281 142 96 23 190 19 97 163 299 195 6 210
118 301 81 95 233 260 119 291 208 152 180 91 250 49 219 44 294 108 70 40
109 235 269 150 11 103 217 108 56 128 16 36 104 129 195 130 273 216 70 69
144 131 52 134 322 51 40 104 222 234 47 171 300 132 181 17 302 141 228 7
74 195 262 295 190 110 323 81 126 261 100 199 166 201 167 316 56 64 288 254
270 91 115 137 129 93 157 112 133 29 235 211 34 47 7 215 255 19 154 229
151 142 278 167 260 242 221 99 289 294 86 288 72 323 271 299 54 130 115 93
141 163 321 248 96 169 202 245 257 84 141 248 240 100 242 28 14 73 180 7
316 223 66 257 223 80 313 63 198 22 64 222 27 248 99 193 303 231 187 323
172 36 59 40 140 201 209 83 231 52 123 274 8 15 26 167 18 178 27 295
16 26 78 69 122 290 47 316 169 185 9 100 25 181 226 282 138 96 223 201
211 22 192 178 313 282 300 213 262 54 317 281 124 268 273 276 231 183 259 69
80 171 120 282 296 42 142 276 148 65 82 278 6 249 178 100 175 234 224 15
103 158 28 168 143 289 159 310 321 99 273 252 23 152 290 304 161 259 130 109
29 146 23 26 19 60 231 282 275 13 103 213 315 293 48 124 15 262 264 52
310 310 288 211 74 160 140 299 318 312 114 51 319 13 119 189 35 226 30 21
180 115 91 91 243 295 152 171 158 232 260 84 174 160 166 42 250 178 147 105
53 166 146 191 153 33 20 68 256 135 170 271 148 291 86 114 33 100 71 76
10000000 10000000 10000000 10000000 10000000 10000000 10000000 10000000 10000000 10000000 10000000 10000000 10000000 10000000 10000000 10000000 10000000 10000000 10000000 10000000
124 192 37 234 88 195 199 230 267 181 129 219 162 151 10 178 236 61 302 163
150 285 34 26 128 282 175 23 200 90 109 199 186 271 239 159 256 238 307 286
149 293 46 318 277 202 319 129 315 128 153 122 10 244 160 287 303 78 132 149
262 52 56 79 70 319 138 105 47 318 285 18 52 118 67 157 35 180 57 185
321 248 49 92 142 253 66 82 308 282 87 187 251 173 24 122 138 280 124 43
220 79 253 138 274 266 152 216 33 83 217 145 135 173 296 73 84 9 164 255
258 319 299 122 257 278 144 272 128 201 289 205 104 247 211 120 269 113 118 276
130 233 286 81 257 173 294 319 167 186 298 95 187 173 24 51 107 71 130 105
167 60 271 39 176 129 29 291 316 147 247 127 43 175 15 246 269 292 86 104
230 249 92 123 27 148 87 60 20 222 277 162 92 11 56 64 315 133 102 285
128 170 210 65 294 205 232 14 205 133 94 82 251 305 170 292 276 177 70 95
76 255 45 138 207 102 130 35 58 23 323 295 193 270 265 283 107 321 262 106
217 245 169 260 195 66 172 126 69 224 291 188 190 43 296 149 119 242 156 195
273 247 319 173 319 129 230 91 43 115 297 190 302 194 120 45 77 240 78 237
37 286 50 144 96 204 69 303 95 189 125 144 92 313 72 79 88 119 213 214
283 131 201 152 120 315 215 211 38 285 32 159 176 313 144 103 281 161 169 81
216 102 322 78 19 41 209 241 242 185 267 170 305 60 187 267 115 232 19 17
6 29 188 263 225 238 283 223 31 193 226 111 241 99 97 236 143 60 181 97
73 270 10 56 35 166 134 283 167 157 90 57 163 103 244 234 26 186 261 282
88 15 166 170 39 141 102 265 52 50 243 74 198 116 107 238 242 164 244 75
270 25 160 23 91 158 196 303 216 176 282 302 112 107 63 22 269 22 232 241
192 188 93 84 223 229 218 43 7 207 269 189 310 234 53 203 120 306 71 283
57 230 9 156 270 230 199 254 173 70 57 153 276 83 164 185 289 262 78 199
311 308 125 322 189 128 115 161 90 151 149 20 88 214 15 277 225 220 164 17
266 206 296 285 264 259 290 11 232 305 162 181 135 241 158 147 71 139 20 274
48 29 54 244 320 168 128 297 253 259 65 215 136 300 248 278 270 93 42 196
36 259 160 279 196 307 77 115 36 267 203 312 286 300 238 7 198 278 295 56
264 244 313 317 307 190 145 13 260 202 171 159 268 227 83 56 193 199 167 239
191 134 216 39 308 206 45 80 257 290 258 60 305 285 12 44 66 262 98 151
150 131 44 79 275 186 12 84 267 203 193 296 24 207 32 176 88 101 82 309
10 316 79 28 193 276 262 298 122 81 286 143 76 51 218 298 237 294 107 263
259 39 245 303 298 293 142 118 51 129 289 172 268 176 270 228 217 243 266 65
320 113 200 24 7 266 111 154 263 272 224 269 208 31 157 121 69 130 100 247
115 143 269 84 115 52 247 171 124 266 168 66 46 321 86 158 290 106 218 243
202 11 41 69 174 221 289 120 310 75 289 234 17 274 10 168 292 288 79 133
37 129 277 114 19 46 16 216 10 54 299 172 191 40 39 301 262 146 74 204
263 149 35 95 246 47 101 319 234 37 86 143 310 107 282 270 33 178 111 32
211 246 237 294 221 187 22 9 35 200 113 106 55 240 159 29 270 141 211 152
313 244 13 74 174 136 117 202 62 100 200 121 317 144 150 88 113 223 61 274
261 296 171 83 301 62 23 226 100 15 27 220 122 232 139 143 193 282 149 20
210 17 146 138 65 168 240 223 77 267 294 178 130 157 153 128 278 49 54 291
222 103 254 37 264 6 17 131 9 315 13 308 229 167 181 115 156 306 191 56
87 225 281 247 126 316 165 120 38 235 84 194 131 25 88 222 147 13 159 322
259 238 263 247 46 221 221 81 291 155 202 256 311 34 11 169 87 301 297 107
195 165 166 196 247 312 107 204 201 251 19 69 206 163 18 10 185 64 111 181
225 123 205 66 54 37 118 294 26 262 311 116 101 145 22 119 86 320 55 32
17 292 209 109 176 21 208 31 43 127 322 294 61 208 80 195 141 317 200 82
299 247 46 282 263 323 259 123 30 94 136 7 189 254 143 202 299 308 81 48
130 54 189 77 59 194 175 11 10 45 111 310 271 172 83 42 271 168 234 289
119 247 47 150 113 120 179 157 316 35 181 11 61 88 244 256 208 254 14 258
306 87 117 216 99 172 49 114 40 154 195 308 92 215 58 301 174 250 271 94
39 192 106 78 24 162 8 154 113 191 204 34 85 178 90 119 184 20 67 29
105 191 220 194 123 79 230 202 71 183 159 251 18 58 15 48 15 63 63 96
101 251 214 95 87 110 223 271 99 76 322 291 202 127 92 149 282 250 226 138
171 172 145 53 271 220 214 111 222 67 294 310 173 165 247 153 309 107 299 109
10000000 10000000 10000000 10000000 10000000 10000000 10000000 10000000 10000000 10000000 10000000 10000000 10000000 10000000 10000000 10000000 10000000 10000000 10000000 10000000
174 289 201 93 94 260 284 14 59 189 10 297 290 296 114 236 276 256 112 282
300 245 38 133 24 91 214 214 62 42 31 281 153 258 181 84 174 51 43 143
29 245 150 72 27 19 28 135 321 39 313 13 10 92 210 39 215 82 202 86
261 116 185 77 65 298 122 225 186 202 11 254 141 27 88 227 284 264 146 163
94 321 61 168 261 316 261 299 65 41 157 278 89 97 52 164 306 143 137 316
279 185 9 299 251 303 288 57 16 114 49 288 70 294 35 111 249 177 34 300
247 77 97 38 319 175 89 306 8 35 207 69 253 310 294 76 218 277 250 36
75 168 151 213 311 198 317 281 97 313 277 207 300 39 72 271 80 22 206 90
235 315 119 309 310 128 276 279 80 18 65 301 177 180 65 139 49 72 165 213
159 11 96 244 224 310 301 54 72 68 163 49 127 176 237 23 102 310 298 283
37 26 117 245 91 219 244 24 272 224 250 231 97 316 134 115 48 203 286 72
228 127 96 275 251 27 169 293 18 176 168 206 223 321 13 168 239 117 139 163
45 39 56 55 216 231 200 173 43 45 260 217 114 285 209 59 208 21 82 241
162 97 86 76 178 196 69 290 268 21 158 33 106 12 29 189 302 15 27 60
45 221 199 127 54 21 89 268 75 66 232 277 227 40 142 302 264 113 41 76
294 41 293 300 89 63 175 52 113 249 94 257 186 19 195 302 13 47 139 108
54 294 197 237 35 122 62 116 172 293 9 35 232 90 47 251 172 11 29 231
162 137 231 205 292 98 148 8 231 106 35 33 229 125 182 301 318 23 178 180
210 121 97 240 205 308 265 241 250 243 19 123 300 11 247 315 73 305 269 212
91 288 282 20 227 75 201 191 88 145 195 311 270 235 235 126 226 270 111 235
215 243 205 208 48 77 216 53 230 63 86 307 164 297 289 83 238 114 196 117
287 147 246 164 102 16 201 84 51 52 233 12 95 46 266 153 35 254 123 206
207 27 194 6 263 238 302 242 110 321 277 186 117 52 243 98 53 51 198 163
265 154 226 109 256 246 84 31 137 303 49 189 216 212 95 138 149 245 36 272
175 235 168 257 140 236 54 162 45 65 135 146 61 95 222 273 219 299 86 142
208 316 36 101 197 173 314 168 241 147 134 179 284 18 228 84 207 205 37 6
129 162 172 156 158 25 252 193 32 238 154 278 254 283 202 302 222 22 12 68
133 182 140 288 139 230 295 176 303 131 267 256 276 26 35 192 65 40 19 97
62 123 185 272 222 79 226 260 113 262 225 298 104 146 146 131 217 178 85 144
273 187 197 210 260 153 142 216 63 190 106 115 133 142 94 243 239 290 172 94
125 283 15 303 267 150 274 38 35 62 23 311 36 128 34 234 91 32 49 62
165 206 81 250 77 235 29 118 294 11 198 277 107 172 218 250 244 280 112 129
301 266 268 29 284 117 17 246 107 277 246 86 166 167 9 149 226 50 259 165
314 74 146 59 318 165 207 129 279 321 82 37 43 271 266 212 108 236 303 55
224 171 66 58 38 75 52 312 149 234 40 224 69 136 63 228 274 290 236 73
242 199 24 290 281 205 46 24 46 243 150 204 124 131 34 87 276 175 115 95
52 259 197 82 271 28 305 291 55 77 261 291 213 110 127 235 15 259 22 83
14 272 316 306 178 41 77 150 192 122 316 179 134 99 79 177 53 207 229 13
199 208 198 169 303 161 115 247 158 113 187 277 238 312 246 281 140 163 48 307
206 143 133 90 157 60 150 227 204 45 292 224 34 322 36 23 48 189 317 191
320 40 127 72 7 219 224 265 294 6 302 242 155 110 64 80 105 77 94 254
152 14 245 221 182 273 155 259 256 241 276 257 189 179 21 109 219 166 192 52
97 130 78 52 161 79 158 12 250 14 51 264 316 123 132 196 139 62 59 44
72 114 144 277 318 299 68 273 277 237 273 176 209 221 103 148 11 213 241 201
116 159 314 295 151 102 227 193 232 214 83 195 287 79 154 220 153 13 262 311
106 157 299 223 15 115 73 145 240 161 55 42 272 197 125 65 192 309 75 184
145 101 103 230 225 132 17 277 265 16 294 21 49 218 7 39 319 22 44 238
226 15 139 33 71 299 187 170 63 148 62 92 285 278 168 60 150 159 83 228
165 78 220 65 62 251 51 285 23 68 170 269 42 232 119 47 117 196 304 80
323 272 225 28 196 86 164 46 173 106 273 153 171 300 289 249 46 131 264 286
280 61 306 150 218 262 55 234 123 60 156 208 302 167 203 232 245 160 157 165
77 292 314 256 307 21 132 57 22 315 268 202 140 88 314 61 40 81 225 268
129 118 298 44 299 87 117 91 56 274 56 141 71 163 221 279 92 119 100 223
18 19 176 39 64 215 155 223 182 158 67 149 105 26 10 158 262 123 106 240
148 200 314 234 314 315 297 216 71 235 263 218 193 253 116 95 140 138 97 190
10000000 10000000 10000000 10000000 10000000 10000000 10000000 10000000 10000000 10000000 10000000 10000000 10000000 10000000 10000000 10000000 10000000 10000000 10000000 10000000
250 83 168 282 187 298 206 21 223 110 178 258 137 152 284 196 233 165 151 228
146 31 139 160 89 308 78 165 109 203 20 31 269 105 304 259 92 161 285 283
28 211 171 194 9 99 213 82 35 285 47 261 224 145 19 11 124 198 162 227
297 147 26 193 274 60 294 183 44 278 120 215 120 189 144 316 88 59 37 37
242 284 156 292 232 13 125 113 190 108 129 262 223 274 282 319 95 51 167 161
202 290 182 93 294 45 34 319 194 126 269 182 14 178 162 161 106 242 289 46
201 101 267 274 319 171 7 163 256 113 241 253 302 33 200 202 249 15 31 167
288 322 87 182 274 28 177 62 105 31 249 223 174 237 194 34 240 295 161 109
270 177 131 212 96 228 311 276 223 8 18 95 265 276 145 73 145 307 22 259
112 293 139 184 321 318 82 114 46 147 86 274 163 92 276 224 267 296 182 87
227 43 194 28 265 265 321 201 28 198 34 8 265 213 39 145 242 72 190 234
75 239 264 210 236 304 92 95 30 197 273 302 263 190 263 246 137 220 203 24
203 305 208 228 225 120 107 55 229 44 219 284 188 248 164 237 67 61 90 305
175 194 312 202 15 313 248 173 139 72 157 247 8 147 135 205 230 230 313 291
96 87 296 204 226 30 93 93 270 39 171 57 30 203 104 61 101 302 211 49
192 175 58 166 217 92 223 87 63 259 239 43 282 175 292 280 188 224 79 137
253 106 49 57 130 11 310 287 53 218 218 83 20 199 251 192 191 101 253 319
158 214 268 88 273 252 220 194 314 232 218 121 99 293 71 63 320 218 63 58
32 12 120 152 104 302 56 185 316 114 128 259 36 311 20 270 273 158 249 290
7 219 45 42 239 158 93 318 218 189 42 194 7 276 45 276 306 60 296 53
225 232 258 128 322 209 149 140 230 221 118 288 17 85 234 214 140 278 301 95
247 209 279 166 110 320 245 167 239 282 160 156 169 238 207 212 263 132 238 248
176 123 49 62 166 95 74 13 323 197 243 224 173 53 254 242 86 105 114 250
89 158 203 299 165 118 28 141 306 227 50 162 300 241 180 126 13 256 137 153
262 226 252 249 248 296 19 302 131 185 125 131 312 76 305 219 109 127 35 22
98 11 166 162 295 62 292 259 267 91 263 83 299 305 75 115 132 197 280 117
34 275 289 11 199 148 122 312 234 53 85 134 52 154 177 183 60 163 286 243
168 7 65 114 7 265 85 110 125 190 301 255 126 31 312 160 284 127 224 304
155 133 307 253 127 205 96 252 278 258 245 256 245 209 120 207 47 55 150 188
72 257 254 302 98 282 155 215 314 14 261 289 246 66 298 50 226 136 176 23
288 82 209 259 149 226 85 163 100 25 75 23 139 125 140 11 151 265 246 111
129 153 208 205 46 304 272 268 22 234 8 114 222 123 86 28 307 117 188 281
308 164 302 185 221 50 116 53 293 78 37 288 178 265 62 232 202 71 204 154
119 285 281 101 137 105 170 151 230 25 320 141 246 265 119 15 269 219 310 124
122 289 249 254 220 199 113 16 209 87 76 32 63 130 254 107 240 175 50 223
180 180 311 62 23 199 188 188 251 127 187 134 66 262 274 28 9 152 129 265
209 126 256 320 94 186 131 91 207 321 247 30 314 248 79 260 302 78 239 13
181 128 197 220 138 14 23 52 250 231 274 10 105 159 245 29 126 111 138 83
166 284 285 43 306 262 264 300 179 313 199 153 9 186 18 212 292 84 35 227
125 108 260 315 149 272 112 222 222 233 166 264 143 116 269 27 322 181 186 52
70 212 154 27 126 103 65 68 110 183 219 19 49 199 176 144 77 265 55 136
53 201 75 22 178 115 64 258 76 134 109 85 206 16 320 180 82 65 294 195
53 84 50 153 275 292 233 50 319 184 193 83 9 200 165 236 228 322 6 313
109 203 321 172 313 302 198 304 94 112 16 28 253 259 233 18 307 307 220 183
260 252 26 222 94 229 138 194 230 30 184 49 268 51 202 285 306 116 73 206
113 16 242 104 288 63 38 304 183 271 301 60 105 85 48 215 185 274 157 78
181 246 91 223 17 101 318 9 310 165 242 214 102 227 236 28 320 229 133 115
178 225 121 278 240 244 296 92 316 58 192 173 189 26 93 68 182 186 192 253
317 196 28 164 156 289 120 136 75 215 51 216 127 225 257 188 134 266 18 46
221 118 142 272 189 286 225 126 176 222 127 285 262 180 23 296 255 265 46 239
211 118 155 259 258 213 98 38 117 272 32 185 66 290 246 70 306 176 169 305
194 239 289 299 126 286 56 256 224 109 220 219 195 248 183 272 219 176 163 224
62 144 160 85 320 135 152 44 23 17 187 166 293 196 39 239 65 124 224 133
202 304 269 177 281 107 274 186 272 76 159 59 233 130 321 115 221 299 228 7
31 177 119 79 84 175 241 58 157 118 323 157 261 65 212 124 212 251 188 287
10000000 10000000 10000000 10000000 10000000 10000000 10000000 10000000 10000000 10000000 10000000 10000000 10000000 10000000 10000000 10000000 10000000 10000000 10000000 10000000
101 178 216 104 137 77 183 29 262 297 215 23 227 243 71 34 209 33 304 14
319 34 61 277 50 22 127 91 173 144 321 259 203 294 274 320 255 55 278 112
218 140 59 215 87 156 190 149 42 67 195 231 142 31 248 148 130 213 128 152
82 6 311 295 203 314 126 235 156 40 27 81 316 148 288 261 146 163 120 113
170 66 147 127 126 197 246 125 259 42 94 12 17 277 101 32 9 283 23 316
264 131 144 163 22 258 233 88 85 49 144 306 323 207 118 229 186 6 230 189
306 73 61 23 322 176 118 74 278 239 154 86 288 264 194 158 232 315 262 24
273 42 175 75 282 25 160 172 221 262 32 72 99 60 154 28 120 101 192 103
263 19 150 43 63 52 22 296 177 166 51 31 105 103 316 261 73 285 270 32
143 281 65 87 300 169 10 235 98 112 256 57 144 213 309 224 52 111 228 312
13 218 108 63 277 141 35 64 279 197 28 167 123 141 89 280 136 159 309 64
10 202 42 126 211 206 43 194 122 112 202 214 173 279 264 145 157 48 213 251
13 230 79 170 194 240 318 9 152 34 225 149 262 109 229 307 62 26 163 217
121 186 157 260 222 315 55 39 206 31 134 254 258 222 147 183 172 64 222 241
100 84 75 128 227 90 91 302 295 106 287 10 88 225 69 50 130 68 226 80
258 244 287 249 139 11 86 62 153 123 13 73 165 38 295 58 6 216 53 133
173 110 307 262 90 200 111 240 120 189 70 301 32 199 45 316 320 269 282 281
206 159 43 176 237 18 271 120 275 179 58 148 21 272 297 219 47 211 257 229
92 287 48 219 149 234 217 288 121 97 311 50 195 203 176 86 284 279 84 193
105 210 84 157 252 12 261 20 129 20 59 319 101 316 31 84 290 239 117 212
233 285 215 282 227 176 6 230 254 278 115 31 275 62 85 147 128 53 323 319
181 264 155 50 98 192 280 151 104 208 168 191 25 109 225 222 138 56 66 248
41 169 193 146 298 256 59 70 251 206 250 98 94 244 64 16 70 263 39 312
125 312 323 17 295 84 140 145 272 14 92 262 51 106 262 28 299 240 208 235
126 94 148 127 203 28 100 101 215 208 236 144 191 216 25 48 322 120 92 279
81 220 155 308 207 275 111 70 68 217 257 142 34 14 200 89 214 50 216 281
269 201 34 22 232 319 31 282 24 169 155 58 26 205 230 262 267 61 288 84
90 65 270 275 74 63 256 181 84 14 31 238 171 225 148 178 183 263 134 304
9 51 209 40 77 307 185 215 202 63 143 68 163 178 149 88 102 53 260 142
304 119 35 51 17 85 203 156 198 92 233 124 27 41 13 38 205 94 100 229
64 29 13 246 181 312 185 264 174 212 274 301 103 74 219 243 202 209 168 40
34 215 272 258 279 39 126 287 69 263 187 110 69 30 238 221 260 322 28 185
221 260 190 281 110 15 177 229 253 300 274 269 234 80 76 21 251 202 89 76
44 289 166 70 140 234 159 173 291 274 169 177 49 294 293 67 284 137 93 277
275 248 210 258 56 241 61 303 250 145 135 55 72 246 6 143 293 35 308 46
34 24 286 194 272 171 140 216 78 293 15 52 141 224 294 50 163 192 128 189
181 92 62 77 276 10 142 134 242 189 95 39 279 241 53 310 56 56 243 157
140 104 200 43 180 252 262 44 273 263 161 83 56 33 118 50 258 304 169 228
103 184 153 18 276 282 288 286 180 74 232 278 15 146 198 168 144 190 289 312
32 286 206 79 307 251 223 135 178 92 130 43 77 256 169 240 289 320 176 283
323 187 205 120 222 196 116 24 82 170 213 137 199 132 72 118 246 11 9 273
46 72 44 257 72 99 103 15 188 150 102 60 85 157 263 27 23 292 153 96
45 12 131 310 315 126 110 215 39 160 19 61 284 45 36 310 145 244 299 249
317 28 256 182 251 195 257 256 24 22 116 122 240 178 162 42 146 164 168 35
124 241 245 126 290 230 191 210 69 45 50 180 62 62 232 260 305 116 201 111
305 12 213 242 197 171 153 196 17 107 96 160 201 203 201 111 62 18 157 69
30 226 112 285 118 261 199 70 83 89 108 299 44 94 34 30 261 211 169 275
227 20 66 66 69 319 43 170 231 191 67 62 139 310 186 261 204 104 46 244
317 147 287 189 263 226 283 190 230 218 14 101 67 212 124 74 218 246 7 234
46 230 118 91 202 239 95 237 14 209 309 145 16 27 291 97 28 220 306 267
283 216 247 188 268 310 299 290 151 15 122 12 275 121 258 214 43 201 271 53
59 47 97 251 313 191 234 256 279 276 36 167 236 295 65 248 90 271 289 226
287 63 123 144 65 169 305 207 266 253 159 322 191 205 67 204 17 126 11 241
29 204 266 145 56 154 98 296 14 67 236 26 280 221 197 61 49 36 37 188
300 210 227 319 178 232 148 15 264 154 198 123 222 133 20 215 178 136 281 43
10000000 10000000 10000000 10000000 10000000 10000000 10000000 10000000 10000000 10000000 10000000 10000000 10000000 10000000 10000000 10000000 10000000 10000000 10000000 10000000
199 115 281 296 300 171 217 164 113 49 63 261 224 89 39 150 272 45 213 160
78 313 50 74 146 150 18 251 159 302 317 216 123 139 222 221 152 114 186 211
318 136 227 93 158 66 317 124 81 115 280 94 201 254 306 49 15 259 307 318
65 135 278 282 245 123 187 203 215 284 189 64 254 37 151 13 176 104 308 185
118 41 131 135 239 26 149 6 176 241 55 190 96 313 157 317 146 295 172 289
22 119 180 307 13 107 130 31 74 87 314 107 291 197 33 63 175 39 74 142
123 108 292 56 256 247 282 276 47 300 179 40 22 260 128 121 40 137 105 147
171 62 219 166 73 21 292 285 29 16 280 159 26 274 27 77 265 27 197 171
160 104 178 309 245 226 172 308 188 247 319 231 234 189 321 272 199 237 275 38
200 139 109 34 149 224 21 83 192 318 13 144 250 84 306 27 33 285 276 314
154 279 218 120 208 112 15 35 149 274 8 180 103 112 11 289 193 218 132 202
154 63 157 180 129 111 108 186 265 199 55 35 212 221 227 311 107 129 199 286
271 227 169 34 12 268 40 33 71 136 306 241 142 280 142 78 31 94 71 248
30 57 141 116 187 56 295 203 266 159 50 88 98 29 92 142 253 179 124 46
225 196 157 147 266 32 124 289 315 279 79 107 18 99 23 171 114 73 287 92
131 75 48 162 14 73 239 293 172 90 268 111 158 117 82 204 293 189 215 76
295 270 79 28 64 278 282 71 300 266 302 111 174 289 133 303 106 285 43 17
66 21 22 169 7 114 18 130 189 50 196 51 88 128 224 22 158 151 166 58
104 45 116 53 223 154 25 276 144 224 119 98 289 160 272 267 284 21 133 312
213 200 107 27 256 223 269 299 17 119 104 314 43 37 155 232 224 211 119 277
30 250 97 77 118 112 310 28 204 271 89 88 146 54 184 292 35 268 128 79
95 59 308 259 236 143 150 103 190 87 51 311 215 224 205 140 76 64 131 17
181 32 248 306 309 93 83 192 63 290 152 300 104 66 50 259 171 183 9 81
106 51 133 28 321 132 164 141 241 168 271 226 115 17 133 303 300 288 36 25
7 77 23 95 274 171 22 13 304 55 90 228 241 149 230 205 125 194 98 176
308 113 36 238 204 22 169 229 76 13 125 245 321 6 285 290 178 312 54 224
170 70 256 237 138 83 159 132 121 137 173 229 127 37 40 96 134 123 44 59
28 42 67 134 8 234 208 117 124 235 53 213 158 278 292 120 316 317 112 30
8 151 90 85 68 252 122 18 173 46 79 217 262 204 286 259 220 158 191 112
124 77 131 124 166 191 26 119 197 251 73 167 318 16 140 179 284 266 275 47
8 194 187 130 50 29 235 302 81 184 119 238 229 54 63 51 239 130 107 185
309 48 166 163 71 210 318 106 29 212 161 130 71 124 156 247 161 143 251 84
96 239 43 204 295 115 76 133 286 117 214 161 231 28 222 219 185 182 262 300
75 165 202 233 123 214 204 169 229 46 47 244 272 226 98 237 210 210 170 135
19 70 260 80 322 119 7 121 47 79 15 241 76 50 151 12 243 211 183 252
65 43 26 318 10 151 35 321 284 137 215 129 279 62 16 106 58 17 30 220
282 133 293 155 209 45 163 65 164 23 48 58 239 153 26 109 75 48 70 216
213 317 293 212 181 160 120 271 212 253 36 252 256 71 210 49 106 45 209 161
25 165 235 127 158 303 131 268 224 317 23 215 285 308 294 86 24 171 206 262
49 273 82 164 280 56 157 172 64 79 126 114 25 166 92 213 55 274 245 211
143 21 76 169 273 176 165 60 175 141 135 155 170 289 78 86 205 63 222 305
78 181 37 264 143 256 42 202 33 320 313 187 203 238 212 272 114 296 149 108
37 269 91 75 14 21 60 207 116 317 193 321 108 156 197 77 50 58 53 130
111 114 278 309 55 257 207 249 131 70 120 163 157 38 159 133 7 144 259 97
106 150 308 206 109 50 127 254 313 48 224 67 284 278 198 43 310 134 142 153
275 321 229 287 27 198 284 186 178 243 299 292 119 6 160 65 160 192 276 166
173 69 19 74 231 128 213 297 152 241 125 87 304 238 233 275 261 281 184 178
241 244 211 111 165 321 307 60 221 269 82 55 168 28 8 81 225 259 53 40
143 322 123 172 202 294 34 48 79 94 39 61 263 292 317 40 170 243 246 10
273 77 131 99 37 60 34 233 275 271 294 286 6 315 35 319 192 225 181 255
248 218 108 30 291 155 227 314 197 294 169 77 180 91 216 268 153 99 207 42
254 198 100 202 279 284 14 215 68 211 17 202 143 27 113 63 104 279 11 316
162 207 180 127 191 251 208 87 67 61 39 16 82 169 226 314 213 70 237 10
310 275 59 133 101 277 185 154 214 300 130 222 37 311 75 11 69 127 121 125
294 84 322 88 130 99 180 168 178 269 317 221 199 38 25 162 53 246 260 44
10000000 10000000 10000000 10000000 10000000 10000000 10000000 10000000 10000000 10000000 10000000 10000000 10000000 10000000 10000000 10000000 10000000 10000000 10000000 10000000
174 48 244 190 92 219 167 90 130 82 104 41 129 247 302 213 117 274 223 164
142 79 196 306 201 54 49 117 302 82 314 223 237 269 300 316 316 219 154 307
47 101 86 216 121 164 140 303 69 301 220 210 321 28 25 103 154 288 232 26
241 221 304 255 84 159 204 214 202 292 24 309 132 89 223 278 62 115 109 12
86 236 199 253 294 58 195 101 279 292 313 85 157 109 134 114 295 80 281 63
169 29 218 270 179 195 169 153 200 230 74 281 214 161 10 293 14 224 243 61
266 280 158 154 250 315 129 183 270 117 84 227 106 80 238 161 230 82 182 243
10 52 283 280 316 146 260 134 7 301 291 317 29 107 285 307 48 49 272 34
131 191 46 211 90 218 36 137 203 239 92 141 193 295 214 155 273 301 241 207
29 202 68 135 74 260 244 169 196 258 168 258 107 62 149 196 312 144 180 128
149 243 69 130 209 26 226 257 122 283 85 305 221 259 233 283 129 85 301 59
262 104 108 194 274 42 148 64 107 53 203 83 140 164 47 278 266 20 296 311
270 248 248 253 155 7 127 102 196 46 315 134 56 292 152 59 166 110 148 32
175 255 76 15 218 98 323 127 27 22 155 68 61 254 138 211 169 43 288 198
274 121 128 268 189 75 141 89 228 307 33 167 56 188 84 25 224 132 146 152
200 251 16 240 49 226 51 19 211 276 29 19 249 75 68 201 46 308 72 296
93 67 179 40 308 63 138 75 146 279 301 26 138 80 229 299 160 130 227 206
243 34 80 137 164 307 241 222 166 316 213 62 84 98 313 132 79 227 101 54
247 76 58 321 123 135 212 97 171 249 203 56 129 283 293 20 221 238 120 286
88 256 184 193 200 181 47 34 310 192 143 189 283 107 219 62 187 173 103 226
209 206 259 177 9 196 158 141 195 274 217 250 217 155 215 279 195 167 270 199
61 297 48 304 256 27 259 143 93 52 290 252 98 284 306 59 82 94 83 115
73 46 295 23 296 7 322 283 98 310 193 51 57 21 90 260 36 41 221 323
252 262 22 166 183 230 79 210 93 297 160 85 274 242 31 110 74 293 83 145
238 206 229 85 178 103 38 231 192 231 158 99 167 8 112 182 110 265 199 266
48 111 304 90 252 310 103 31 237 141 287 172 143 40 261 206 286 60 96 321
162 148 50 219 221 70 39 78 289 13 239 318 139 131 173 209 126 146 118 130
187 222 120 95 220 77 300 38 65 31 11 74 21 226 180 68 308 297 266 72
201 46 110 200 147 285 164 61 256 214 57 295 144 295 94 81 77 298 48 131
147 281 264 273 127 70 95 304 109 245 24 312 151 181 271 263 141 174 84 73
128 139 7 305 294 210 287 78 151 139 317 290 25 208 273 121 237 289 151 88
242 244 141 125 198 51 270 181 273 128 66 309 276 74 109 207 284 151 300 250
221 304 200 240 88 284 107 18 264 300 102 191 80 179 49 164 153 184 10 316
117 261 51 285 204 305 286 297 184 268 249 273 301 151 299 156 47 309 25 42
274 55 295 94 318 136 253 64 139 33 148 91 249 232 228 176 39 311 188 189
35 317 77 288 180 40 246 92 140 130 80 314 10 101 77 52 277 289 215 41
137 222 226 216 59 140 99 164 61 272 320 156 209 158 301 70 281 164 32 186
56 47 322 241 307 231 299 42 270 191 233 279 240 54 62 277 323 155 72 103
155 292 62 284 292 243 316 105 49 76 227 277 109 106 134 228 67 290 273 53
22 116 37 309 248 57 7 74 291 161 146 274 59 92 49 273 287 18 27 310
123 316 53 178 222 207 26 143 263 60 153 102 311 261 241 276 101 253 94 94
121 241 90 279 65 88 152 126 174 261 97 189 183 291 255 10 300 252 91 258
120 164 191 176 58 296 76 320 61 130 289 165 232 58 153 267 196 44 204 29
148 226 143 74 191 189 71 57 222 191 47 311 245 155 320 314 184 167 239 20
287 209 187 117 249 263 153 214 27 34 19 224 75 179 150 15 289 210 251 114
46 41 128 313 271 8 88 125 188 174 249 289 66 160 316 141 291 52 225 301
23 79 221 125 189 203 19 53 277 299 321 96 127 202 91 151 39 297 139 138
285 214 6 159 280 104 308 35 192 209 277 278 258 73 115 180 217 52 233 232
180 152 32 124 192 13 33 48 147 187 191 52 176 260 99 40 143 232 98 265
157 129 94 52 203 310 148 115 301 270 223 96 21 113 81 63 115 261 137 60
170 53 94 80 145 66 35 223 86 140 271 62 263 243 228 128 38 132 75 318
69 222 323 13 57 141 72 298 6 224 9 217 248 95 79 118 260 131 195 136
187 13 30 93 238 68 163 219 8 67 16 320 180 272 144 285 74 9 220 235
101 57 13 76 120 8 242 91 315 99 228 266 39 136 72 34 86 155 150 277
287 64 145 191 262 173 242 224 214 200 16 267 240 132 161 8 184 136 240 133
10000000 10000000 10000000 10000000 10000000 10000000 10000000 10000000 10000000 10000000 10000000 10000000 10000000 10000000 10000000 10000000 10000000 10000000 10000000 10000000
196 99 161 111 210 190 230 22 116 85 66 135 24 282 11 144 97 229 263 41
89 112 69 56 86 225 106 13 220 35 199 88 208 268 236 293 247 318 279 173
93 58 20 150 186 310 64 207 259 145 277 96 213 182 120 209 163 251 164 133
21 263 56 294 277 279 196 35 46 33 81 230 201 28 247 150 121 313 281 315
119 13 108 117 39 305 203 244 118 183 202 249 17 71 318 277 213 294 225 94
285 169 150 120 288 20 212 87 179 201 165 201 315 6 275 71 44 262 127 270
234 243 258 39 57 270 46 128 165 191 70 174 269 204 215 302 75 295 272 201
160 123 84 163 265 222 21 53 190 51 50 109 18 264 314 164 8 311 97 201
74 276 298 46 190 75 320 6 93 14 288 82 123 25 221 148 197 161 304 153
112 318 196 269 155 291 59 269 267 51 78 135 43 289 102 127 207 104 124 243
208 275 51 321 21 129 196 247 142 120 187 131 311 238 207 229 234 39 294 23
296 214 122 155 220 41 102 31 41 318 166 233 69 302 308 38 8 136 246 136
86 51 22 67 8 36 294 177 216 320 285 28 145 185 227 122 247 226 192 87
76 68 75 189 75 214 148 200 166 144 156 189 85 238 119 275 147 19 263 318
46 209 132 293 41 249 168 59 138 229 219 102 86 199 36 133 202 194 195 124
314 84 148 279 59 27 165 271 108 164 52 63 69 177 45 181 74 164 281 229
104 174 115 309 189 321 234 240 95 248 103 53 15 268 18 95 69 210 197 259
311 94 178 208 39 56 85 319 305 234 235 295 51 84 116 234 146 275 197 305
218 16 56 315 278 245 165 208 147 70 122 263 116 98 191 254 227 133 233 6
173 211 116 67 248 124 191 22 23 225 235 314 41 46 43 147 12 8 45 174
154 312 102 76 178 187 203 206 291 180 133 88 6 280 258 279 39 97 210 211
39 30 74 85 234 33 143 150 146 280 112 56 297 312 239 51 162 283 82 222
215 92 208 272 78 247 262 94 303 249 191 53 87 91 296 88 198 198 254 142
23 207 110 87 68 221 223 255 142 127 212 319 313 101 228 181 144 141 74 192
248 79 29 215 35 184 164 29 183 257 249 303 68 262 190 233 155 111 174 98
19 35 175 141 186 262 287 59 212 219 225 131 144 58 59 260 221 209 234 236
50 232 28 107 7 315 86 219 235 214 124 140 140 302 252 78 32 268 20 20
200 175 60 105 215 98 322 90 290 274 26 130 245 23 288 289 90 256 80 307
227 277 213 129 226 135 52 147 156 241 178 165 51 238 212 43 265 204 296 260
126 150 281 233 276 316 223 165 15 136 78 293 27 6 307 100 135 171 135 90
56 188 274 317 32 8 72 74 320 283 298 32 157 17 37 17 221 14 56 255
139 111 302 10 19 114 294 221 266 139 47 31 155 292 261 58 94 216 110 115
312 157 98 37 317 75 71 63 149 196 261 75 183 187 322 145 254 40 141 23
87 50 245 70 276 47 235 185 83 232 28 13 191 125 278 130 168 44 137 152
158 71 196 136 203 41 267 283 25 301 261 136 10 83 113 161 216 75 23 40
314 63 125 33 286 84 85 211 234 91 18 189 232 94 220 154 171 41 171 211
202 91 135 256 127 309 61 234 85 105 47 180 8 158 234 253 224 300 78 115
174 116 75 290 232 89 153 191 308 256 317 294 220 225 108 196 128 147 11 37
126 183 45 183 321 67 212 42 165 208 79 139 197 265 253 126 38 293 83 126
161 194 48 254 311 31 189 25 44 79 118 317 140 256 208 216 179 133 264 316
121 23 81 69 283 293 208 196 223 290 279 248 205 253 7 207 276 232 164 302
69 91 191 65 189 77 209 142 151 322 100 28 50 66 311 288 31 33 33 128
109 212 141 268 48 192 226 90 185 166 7 239 153 46 157 133 24 59 136 309
178 13 207 279 252 189 12 40 89 284 270 305 219 251 150 194 308 283 221 99
320 96 288 103 204 12 100 88 101 50 7 318 175 126 222 27 307 9 170 290
233 27 20 117 39 180 39 39 82 24 249 165 246 72 106 192 132 158 73 95
322 306 104 245 224 312 129 161 10 92 32 21 231 307 6 67 272 129 83 178
95 36 105 306 204 68 228 204 168 279 286 187 204 128 237 80 23 199 183 193
292 287 46 96 290 99 302 209 34 312 226 233 114 25 30 168 312 197 206 300
130 143 227 36 187 240 108 196 235 11 188 80 118 48 25 182 271 28 231 180
252 246 112 265 58 264 22 268 89 142 31 51 141 19 6 305 143 203 173 277
139 203 49 137 289 136 156 249 239 66 111 41 13 76 142 175 8 38 204 272
267 283 251 128 287 323 298 269 165 308 182 247 15 118 27 279 6 60 135 230
209 25 91 282 116 136 234 266 129 155 199 184 98 241 273 53 238 183 258 97
146 321 87 190 128 145 255 45 25 158 244 116 183 75 314 101 298 265 14 31
10000000 10000000 10000000 10000000 10000000 10000000 10000000 10000000 10000000 10000000 10000000 10000000 10000000 10000000 10000000 10000000 10000000 10000000 10000000 10000000
257 119 177 117 192 159 212 198 134 281 213 155 147 289 105 51 93 98 7 228
303 174 179 31 280 152 284 232 266 60 87 10 38 315 224 93 131 219 122 282
130 157 136 119 132 72 180 323 19 172 150 193 117 80 275 97 301 85 308 277
71 240 310 182 236 310 215 41 271 278 292 161 30 228 45 165 148 269 216 152
238 261 49 321 197 68 163 117 318 9 212 186 304 273 320 33 70 33 6 168
291 24 140 25 309 153 18 165 268 173 119 310 311 144 273 311 10 316 291 153
262 110 231 285 16 166 39 95 307 264 180 50 170 260 125 174 49 66 76 185
214 255 66 162 249 184 143 291 150 293 250 314 130 86 34 196 42 167 211 321
49 32 105 174 153 215 230 259 317 50 124 190 107 64 242 142 235 135 267 282
233 320 238 308 135 234 161 115 215 52 314 211 27 318 66 316 63 47 206 249
196 96 236 253 171 37 125 295 203 231 256 81 164 137 150 10 9 306 78 107
16 120 95 269 68 13 255 274 280 46 157 295 132 218 104 112 28 126 283 279
18 19 132 120 32 48 19 113 75 165 311 306 286 52 148 113 162 71 99 257
222 267 67 133 252 127 246 192 203 264 68 155 155 41 141 258 97 323 232 285
87 198 85 51 318 65 275 34 269 298 148 7 221 32 245 203 125 323 210 19
58 231 122 214 64 118 35 13 103 129 29 121 310 284 24 119 174 119 87 116
192 171 195 59 192 71 23 134 78 173 305 7 176 210 132 109 52 158 105 80
34 227 276 186 309 107 18 193 13 299 257 38 171 62 221 95 110 245 302 51
14 95 101 140 143 273 294 7 87 226 267 32 210 68 270 261 252 193 118 18
73 234 236 39 239 204 159 132 20 260 274 119 6 99 191 180 169 20 308 288
24 24 70 115 196 148 71 250 72 52 269 42 156 173 17 103 23 24 46 144
246 152 103 317 54 153 135 182 135 97 90 200 69 141 157 154 264 59 99 297
307 202 286 27 125 116 39 272 200 124 163 214 43 179 16 240 22 274 38 267
286 308 287 97 139 189 108 175 313 82 107 239 282 248 15 244 139 50 78 119
111 310 139 228 75 243 6 40 33 132 316 12 37 289 29 155 73 235 128 197
188 169 11 22 39 163 19 153 255 314 136 276 221 20 87 145 294 172 66 126
189 72 291 38 249 242 294 79 59 61 211 272 135 131 30 160 318 117 205 320
135 26 60 315 86 111 132 50 152 232 200 132 60 193 192 66 100 248 178 265
321 58 149 243 56 284 161 182 179 240 81 165 181 263 93 26 201 21 168 175
164 54 28 128 81 101 311 186 203 229 84 124 240 290 25 133 113 134 216 44
101 287 108 84 288 115 314 133 34 285 150 315 295 277 306 240 32 17 224 102
66 193 114 152 167 126 262 225 14 243 184 235 24 304 132 75 196 283 297 97
318 156 38 208 211 108 148 168 165 167 298 94 35 229 31 127 107 66 91 261
37 166 134 76 28 160 308 161 187 163 204 112 6 107 241 75 165 219 176 280
30 319 226 40 173 186 72 178 167 234 85 114 94 139 35 128 241 205 190 33
93 91 238 186 170 320 277 251 80 197 281 69 230 133 316 125 125 237 261 130
269 178 116 283 315 239 217 143 54 66 229 316 132 284 59 142 301 68 167 229
293 170 266 18 299 231 132 50 184 297 208 148 96 293 53 72 105 102 225 183
191 127 290 62 185 208 82 164 139 306 149 209 23 62 125 166 66 314 85 237
319 62 136 265 114 308 248 151 103 24 233 8 134 288 73 140 165 77 225 46
100 51 319 160 215 26 10 293 37 316 27 99 67 150 118 246 111 285 184 26
117 113 89 67 268 161 59 301 194 80 175 216 96 239 182 205 193 41 72 139
315 261 51 75 70 216 238 309 240 43 316 107 124 49 192 155 36 188 269 217
294 315 301 95 185 165 27 252 313 81 194 272 231 117 268 37 122 125 79 259
121 51 40 71 311 282 84 60 23 179 65 98 10 167 267 127 200 73 290 29
154 302 186 49 186 49 285 194 77 306 42 14 27 83 182 213 196 14 312 135
102 236 54 278 8 16 307 234 50 75 109 237 101 176 39 288 155 180 314 164
185 320 201 40 65 143 123 141 65 175 117 293 260 249 56 255 251 302 301 199
66 80 142 229 86 134 30 97 55 139 278 243 25 132 182 217 21 60 11 129
119 312 151 69 292 168 112 100 24 163 202 130 185 97 100 212 263 199 149 244
144 22 146 103 266 286 110 7 154 233 98 244 59 319 65 316 27 260 13 23
267 122 254 219 31 60 196 23 79 111 176 93 305 52 115 218 30 40 69 68
295 89 7 252 217 19 268 94 102 200 81 66 170 109 61 177 207 11 190 257
241 157 260 162 120 52 184 71 228 213 235 79 152 78 286 223 202 190 286 8
110 104 162 177 27 21 174 97 130 67 307 194 203 227 130 277 236 306 203 224
