10000000 10000000 10000000 10000000 10000000 10000000 10000000 10000000 10000000 10000000
117 254 102 297 47 181 71 219 88 319
280 249 33 54 314 253 186 21 103 219
201 171 103 29 21 47 276 116 314 7
287 282 219 264 311 263 184 212 308 248
282 110 89 331 134 29 136 157 26 168
323 286 51 30 129 245 47 133 23 35
312 75 233 208 232 144 53 262 73 204
157 157 118 194 136 304 163 311 29 130
237 324 300 134 252 326 131 236 161 8
150 114 77 192 12 75 312 78 115 39
308 236 165 213 80 111 7 242 270 283
319 173 121 305 299 211 268 296 264 257
186 200 201 83 133 68 232 50 61 250
179 41 289 168 310 99 239 299 115 102
209 238 96 14 85 55 264 49 331 148
21 58 265 231 50 54 66 290 192 247
166 119 45 117 189 277 293 287 295 192
38 90 168 222 235 20 111 199 170 52
164 29 62 82 214 204 90 89 180 113
234 35 26 123 321 265 309 66 97 319
81 326 323 27 208 293 182 177 34 226
223 328 246 140 199 218 278 189 190 112
194 88 60 176 279 120 165 314 138 129
137 319 286 260 247 75 167 108 56 291
175 250 236 9 311 239 309 172 307 91
109 122 237 200 57 259 305 217 131 184
211 306 119 236 255 226 126 181 71 206
222 281 196 123 171 76 115 303 30 231
33 50 202 194 328 28 119 203 235 314
192 151 84 317 323 194 185 208 25 63
274 253 329 121 255 242 199 78 69 195
277 18 269 85 320 318 192 193 88 224
186 135 119 261 72 117 71 87 85 99
289 151 16 220 265 41 128 48 323 179
79 242 87 285 132 27 199 118 153 130
130 289 173 83 49 153 21 99 199 35
224 173 267 88 248 53 325 83 101 253
243 298 312 209 81 237 283 11 283 51
303 61 148 326 112 146 194 231 209 280
280 132 194 24 109 322 57 41 203 106
79 36 130 67 189 155 318 279 139 211
168 29 264 96 67 114 151 143 292 116
114 326 58 138 153 181 310 255 148 153
49 209 38 129 224 167 244 313 170 181
10000000 10000000 10000000 10000000 10000000 10000000 10000000 10000000 10000000 10000000
243 327 177 315 221 13 35 213 102 154
115 14 303 172 298 57 48 58 183 71
214 15 238 195 59 176 57 46 185 226
287 233 169 247 247 89 200 253 86 182
183 152 243 318 234 239 308 173 111 29
104 152 209 22 211 286 77 240 242 321
190 262 79 287 295 146 288 186 259 116
192 184 169 320 307 63 33 313 146 66
140 41 106 145 249 131 48 281 22 285
125 161 116 236 228 282 69 60 12 329
287 37 204 182 214 34 104 289 254 249
200 264 133 173 19 263 78 80 30 23
256 212 77 267 146 33 170 178 111 167
241 103 141 32 23 229 79 234 77 35
313 268 240 45 283 217 330 48 293 179
86 146 117 206 113 116 86 195 19 170
135 7 97 47 131 306 44 32 98 12
289 152 74 290 80 263 195 208 194 22
279 173 246 238 251 176 96 173 314 265
181 38 232 14 30 118 57 257 276 269
126 99 118 162 110 127 274 198 125 135
325 58 94 19 227 114 319 190 294 19
213 328 28 173 259 12 169 316 120 157
148 77 170 21 120 165 189 21 71 139
144 192 185 153 294 19 81 97 303 91
264 72 284 105 170 243 288 192 159 306
24 174 274 327 28 287 81 116 206 182
188 130 177 256 27 325 258 136 135 66
199 143 205 182 262 177 35 311 74 324
227 218 83 128 269 237 227 116 143 188
315 149 292 89 311 70 168 27 40 216
31 134 177 306 198 82 14 82 130 224
318 261 248 97 209 275 77 280 258 323
252 195 318 20 104 22 276 108 154 284
104 55 309 215 239 36 283 288 115 126
221 133 115 19 68 25 183 261 214 73
47 13 257 216 248 33 225 165 233 81
196 93 307 261 83 231 92 253 305 46
40 211 202 133 165 73 285 10 26 329
151 105 72 182 247 146 92 180 183 14
133 151 281 40 209 315 10 101 140 331
314 160 182 122 210 201 206 277 136 295
67 143 234 42 104 36 160 18 194 327
56 209 277 134 144 158 240 68 222 201
10000000 10000000 10000000 10000000 10000000 10000000 10000000 10000000 10000000 10000000
325 110 249 231 139 207 203 257 119 288
239 233 204 118 123 222 97 181 292 14
85 32 132 208 323 20 26 20 126 138
204 108 23 35 73 317 274 135 225 96
139 191 56 68 38 237 310 324 207 131
315 327 169 319 314 164 97 175 68 206
313 123 109 220 59 154 167 201 65 254
197 282 7 166 189 313 233 308 217 227
275 212 197 254 195 120 327 7 293 127
123 232 87 228 233 300 286 116 38 79
28 166 307 24 152 130 86 276 124 153
225 84 153 232 13 109 138 248 254 243
292 49 190 192 118 266 91 294 71 8
281 113 16 324 304 281 10 40 176 324
58 133 18 290 19 53 125 154 304 135
327 254 43 57 170 152 20 316 104 38
86 129 201 62 36 155 88 66 271 13
80 198 324 38 321 51 35 266 27 160
167 171 186 89 182 303 115 46 36 105
161 175 154 27 281 303 182 51 210 173
26 94 163 271 225 14 264 147 148 58
153 128 331 59 199 259 66 183 163 232
66 234 185 68 86 198 19 284 308 120
249 81 96 238 104 48 242 289 202 262
99 256 301 84 83 319 208 17 7 30
176 141 246 22 172 195 180 181 149 159
20 251 161 41 123 256 301 49 184 58
300 220 126 115 262 108 256 17 113 84
312 36 319 60 124 146 111 107 220 170
113 78 59 130 160 163 181 256 210 153
300 185 223 95 145 209 220 153 242 16
130 306 103 60 137 84 17 210 175 218
78 61 115 185 31 278 220 256 195 69
129 137 133 247 245 193 32 56 221 15
37 85 91 241 156 318 184 245 268 208
287 57 269 268 126 259 168 131 172 56
22 328 298 160 18 14 9 48 286 83
239 123 325 12 28 325 203 183 35 266
227 52 209 151 110 281 282 161 319 283
75 255 137 224 226 261 37 15 44 93
325 37 145 53 146 273 211 100 78 260
172 305 57 140 230 10 45 263 258 262
186 169 7 48 321 64 79 59 221 54
307 186 328 71 207 215 123 211 43 243
10000000 10000000 10000000 10000000 10000000 10000000 10000000 10000000 10000000 10000000
147 178 289 262 140 309 241 86 25 16
288 215 168 263 240 134 149 155 127 252
249 217 234 100 280 49 192 160 71 131
221 308 203 35 14 216 93 330 170 233
279 229 229 240 281 187 17 110 60 167
181 285 118 293 121 267 132 264 21 201
179 309 302 228 258 176 305 326 221 101
19 251 325 146 268 264 261 294 180 96
204 143 72 180 122 302 284 244 30 219
304 19 161 126 122 247 198 58 30 291
80 28 72 164 58 301 68 279 30 95
28 33 295 22 204 171 118 191 117 74
55 156 142 278 270 39 240 183 306 140
322 80 259 223 75 256 331 187 100 136
322 184 56 197 34 28 254 66 193 56
304 107 164 214 81 100 47 25 280 108
78 158 174 134 328 16 154 271 159 293
13 64 204 27 311 151 157 59 27 163
287 206 312 319 62 294 127 110 298 43
272 310 239 20 133 14 194 50 80 40
144 256 69 106 108 248 240 125 296 269
291 120 327 132 233 144 87 306 102 241
169 17 194 210 227 64 37 137 54 28
98 283 19 277 301 178 172 87 256 152
156 119 94 91 66 125 7 234 217 270
122 18 325 182 203 236 204 208 8 293
212 102 83 93 190 287 210 98 44 236
141 169 161 91 234 228 17 216 17 296
61 72 225 220 328 189 315 83 315 13
323 204 250 30 315 286 223 162 195 180
163 74 52 111 128 100 313 207 226 318
320 198 144 12 59 128 277 125 159 66
40 198 201 103 124 206 50 223 257 234
289 32 118 92 269 169 193 317 71 173
263 144 74 256 273 184 33 65 61 131
278 15 253 255 187 129 281 191 33 165
38 201 52 197 161 263 49 152 217 168
106 269 307 278 135 128 214 283 41 85
286 80 71 229 69 97 51 151 279 153
325 307 22 36 90 41 161 148 238 291
20 105 21 210 38 54 255 233 170 163
289 142 58 299 224 186 171 134 98 258
189 308 272 75 45 279 118 127 23 59
20 22 135 13 17 155 35 162 8 10
10000000 10000000 10000000 10000000 10000000 10000000 10000000 10000000 10000000 10000000
221 65 203 150 228 246 57 197 273 285
181 252 44 15 321 102 252 16 10 277
277 199 139 142 209 20 306 176 167 96
216 177 87 280 254 304 259 242 178 27
219 220 294 71 137 81 105 216 168 86
155 29 210 122 60 84 239 113 293 69
219 239 161 264 60 65 214 237 129 174
282 200 79 65 284 304 189 229 262 103
29 257 197 58 116 114 42 151 220 74
13 104 178 16 174 234 260 159 294 254
24 68 240 121 264 241 40 293 306 83
153 81 151 25 149 255 95 220 300 284
39 281 62 82 81 279 110 73 130 285
44 149 161 9 58 310 141 218 46 293
316 8 51 294 173 220 39 161 124 257
147 218 134 167 105 165 141 208 305 261
36 202 150 40 289 295 117 90 277 36
13 137 76 233 87 240 217 39 166 71
269 188 95 147 60 126 53 169 45 117
145 207 27 192 316 101 114 311 155 64
105 229 244 219 202 245 254 273 139 156
258 300 184 50 36 215 76 257 214 126
206 280 112 164 172 244 105 11 172 306
114 79 70 206 192 140 143 104 255 143
178 101 308 268 22 214 177 13 65 57
203 273 235 253 58 161 151 126 127 286
295 285 163 271 92 184 246 227 81 328
204 235 71 294 293 132 213 34 188 63
52 184 329 42 56 115 183 248 41 235
160 131 221 42 73 98 238 49 244 187
102 228 190 258 222 260 47 237 111 258
272 191 268 113 313 198 74 54 68 121
86 180 225 245 95 291 96 190 310 106
214 310 284 326 321 108 68 167 30 146
146 126 208 54 63 131 163 216 286 102
331 242 125 244 101 258 126 55 95 250
123 144 94 275 92 169 212 51 320 174
95 331 206 309 95 158 166 141 197 184
154 127 11 236 323 143 77 149 315 296
11 150 111 315 277 294 248 55 53 253
13 73 257 134 302 208 243 281 321 191
111 229 101 132 99 23 262 129 187 62
187 262 34 287 101 136 297 177 183 325
301 253 128 321 260 85 223 131 319 14
10000000 10000000 10000000 10000000 10000000 10000000 10000000 10000000 10000000 10000000
290 19 191 252 177 21 311 56 19 313
230 206 252 7 22 110 100 329 227 219
34 64 269 235 194 317 284 266 16 126
80 111 310 83 57 253 13 186 166 97
186 235 211 113 90 300 135 194 28 109
243 169 175 271 119 253 69 271 98 202
255 134 235 50 251 173 36 241 15 243
281 13 248 186 116 65 225 145 110 33
157 87 165 244 150 223 122 247 277 156
241 194 99 320 159 98 232 236 157 142
89 83 295 189 12 249 133 271 125 201
270 246 237 139 123 131 160 125 206 68
150 213 10 137 11 42 232 69 271 153
242 230 47 80 74 195 55 75 211 171
96 170 259 111 52 100 229 161 29 19
244 94 179 170 208 283 48 264 208 120
233 15 214 202 18 256 259 61 320 276
233 251 251 136 331 268 257 92 252 103
154 122 83 257 89 122 229 75 248 8
331 159 324 96 197 60 294 153 85 11
23 149 130 71 244 41 56 284 105 215
13 246 138 316 34 125 331 253 126 224
180 52 302 145 240 278 314 212 43 129
118 181 260 249 28 298 57 194 217 316
66 208 215 259 286 86 249 7 144 41
176 163 323 310 170 146 220 59 319 285
45 200 269 191 136 308 161 97 148 110
192 230 232 145 306 141 81 268 155 30
278 291 88 160 298 188 70 7 285 51
269 26 330 316 165 58 75 109 188 93
31 150 124 59 200 101 120 211 57 185
318 294 331 164 36 18 8 123 195 270
66 237 285 326 173 301 84 53 22 181
283 159 179 143 18 22 190 186 38 66
37 265 248 117 274 272 7 161 272 13
119 255 262 209 118 149 145 47 149 71
229 148 175 140 62 8 136 23 93 218
220 261 25 207 121 227 157 187 245 97
218 276 273 245 44 31 235 28 93 195
90 317 181 82 21 298 230 193 284 124
212 181 300 128 178 22 48 95 105 117
110 94 104 143 331 225 209 110 100 260
41 270 69 12 188 290 81 293 278 113
253 270 26 211 51 269 171 267 56 213
10000000 10000000 10000000 10000000 10000000 10000000 10000000 10000000 10000000 10000000
249 47 166 305 209 246 72 246 272 11
247 71 66 62 28 298 20 66 276 59
291 196 187 313 221 118 48 148 89 300
54 37 226 10 331 99 304 297 224 17
193 54 181 91 70 270 99 147 255 9
301 172 81 23 164 7 293 192 291 293
17 199 99 162 295 7 123 307 99 15
83 302 60 60 188 185 122 51 190 166
231 115 208 267 85 200 214 219 99 238
77 112 156 192 19 278 206 9 173 68
19 28 301 46 112 328 73 160 301 221
22 175 193 310 155 126 10 172 199 73
43 158 184 233 228 327 122 217 265 29
24 220 227 203 289 53 60 173 239 309
132 304 134 51 210 36 194 199 25 12
324 26 27 90 320 154 100 146 316 249
293 150 60 297 263 249 135 170 328 329
207 211 167 293 98 38 93 255 301 274
74 320 68 139 76 200 248 169 98 10
275 242 253 39 227 233 194 271 45 297
246 18 276 74 200 116 81 276 225 297
82 125 318 29 85 132 291 79 22 195
271 331 288 51 12 58 160 70 68 233
32 319 53 114 132 183 15 14 131 248
314 105 297 248 250 227 238 127 94 160
143 315 140 127 226 32 15 278 156 275
106 47 265 67 169 45 56 102 327 165
261 127 214 211 195 54 289 307 292 104
240 176 99 280 95 193 20 50 145 300
123 329 51 132 243 215 218 42 321 208
51 144 190 196 241 93 286 262 311 243
293 298 210 76 131 72 295 165 276 281
216 53 83 171 284 142 294 110 304 51
287 166 231 54 317 261 288 304 247 156
160 118 58 36 60 104 34 68 166 254
319 27 296 251 153 21 46 49 16 100
66 95 233 302 157 142 200 104 92 240
241 301 121 102 56 54 324 70 156 268
155 61 262 152 257 190 111 171 144 326
44 294 107 212 24 233 151 256 152 18
85 253 206 18 195 59 64 117 28 183
108 201 47 13 99 299 125 166 114 134
197 159 63 255 88 311 234 148 315 176
106 19 329 168 268 90 253 42 204 136
10000000 10000000 10000000 10000000 10000000 10000000 10000000 10000000 10000000 10000000
35 62 309 299 131 10 37 247 52 307
141 320 109 238 258 231 62 302 289 211
208 15 234 262 187 225 165 66 71 101
175 195 105 24 146 143 96 246 174 244
90 83 323 253 302 93 208 131 270 272
148 94 41 227 321 41 246 100 99 258
137 46 259 197 122 202 65 187 328 231
118 269 174 212 214 300 284 320 15 14
28 215 76 158 156 244 323 32 296 310
256 57 183 318 173 185 215 30 161 311
205 121 23 247 47 166 306 189 239 181
243 131 63 216 19 7 83 231 110 258
125 219 306 273 39 15 289 139 118 282
181 256 63 212 96 21 269 286 45 185
162 152 224 140 164 135 244 49 250 268
225 164 319 216 95 234 311 136 197 226
323 264 290 310 190 184 293 225 107 168
313 148 50 200 153 255 140 258 108 69
247 157 40 245 170 104 209 252 211 212
193 218 128 42 311 289 274 295 245 290
27 248 22 69 25 310 160 65 106 232
98 299 281 267 199 177 31 260 210 48
12 228 60 274 62 9 43 314 93 276
229 120 279 168 91 202 311 47 287 58
67 34 40 111 47 101 151 61 255 277
56 182 205 289 179 282 132 206 127 88
18 128 320 293 103 226 87 285 262 327
17 11 107 15 28 284 114 78 74 73
49 40 320 112 263 279 321 51 69 220
236 285 279 55 315 22 10 203 248 52
7 181 228 290 24 206 276 191 112 322
310 37 328 155 318 175 51 101 261 262
32 181 81 94 244 100 59 203 250 12
291 227 17 285 196 269 251 189 210 218
153 54 25 92 154 75 121 22 17 173
233 138 266 298 249 258 238 27 71 273
312 167 269 276 199 121 134 287 210 53
85 87 132 175 310 42 11 296 195 261
188 211 138 45 224 123 142 221 51 304
248 112 207 298 186 186 296 115 239 114
70 314 7 203 109 275 174 172 21 26
308 30 223 118 30 192 312 330 106 301
249 214 95 197 36 284 287 176 136 198
61 219 149 72 260 213 169 244 331 283
10000000 10000000 10000000 10000000 10000000 10000000 10000000 10000000 10000000 10000000
291 254 323 182 319 263 309 175 151 289
10 155 136 269 148 188 84 295 279 220
283 125 221 74 134 87 172 95 296 108
50 43 283 79 304 328 139 84 28 218
23 193 260 275 252 47 238 166 33 267
259 74 18 295 240 13 247 186 255 178
111 307 39 155 211 176 272 150 43 274
50 249 17 270 158 329 286 257 20 217
99 38 290 46 195 25 266 85 275 200
149 291 21 278 222 104 300 211 137 235
212 122 133 85 172 195 28 281 12 76
119 127 47 28 253 299 208 264 38 61
76 293 236 174 155 104 38 160 192 254
275 242 230 117 260 98 211 149 313 72
123 297 211 276 24 299 36 160 116 265
44 320 148 297 268 140 157 231 107 10
12 149 172 206 295 324 246 187 137 292
151 54 329 217 209 186 229 257 178 274
229 90 43 132 116 84 219 167 54 280
102 8 36 279 110 181 24 17 151 108
172 320 132 53 141 169 281 211 232 96
190 133 91 299 260 206 234 13 141 242
241 266 302 197 201 74 124 89 177 30
130 250 131 106 284 279 152 21 236 196
249 33 41 283 162 270 82 305 113 278
306 313 255 268 81 322 100 142 82 292
61 14 68 285 162 249 14 19 176 31
112 244 236 181 318 54 274 308 273 95
79 92 313 39 25 10 201 22 262 281
70 126 29 105 238 321 309 192 255 253
66 115 53 212 327 21 303 60 272 220
89 150 77 318 96 53 331 303 216 174
56 315 140 310 36 120 280 312 242 227
27 26 314 51 303 277 175 147 155 112
235 22 28 189 299 238 102 78 121 51
201 261 162 239 33 299 35 238 170 20
199 43 242 37 228 68 47 135 70 248
90 175 93 157 223 170 182 93 237 171
294 125 109 78 118 319 213 235 98 34
191 252 154 8 59 121 264 92 205 135
328 224 209 94 125 40 154 210 63 98
71 137 100 221 247 244 329 120 83 125
93 312 11 62 299 75 75 74 309 88
37 116 60 299 115 12 262 289 82 196
10000000 10000000 10000000 10000000 10000000 10000000 10000000 10000000 10000000 10000000
217 52 329 111 187 59 61 244 100 236
216 309 278 295 310 306 214 301 238 48
135 93 106 316 308 263 81 231 163 28
278 210 308 108 17 117 93 267 26 176
268 260 109 297 47 129 92 116 323 213
39 236 318 193 132 266 32 8 318 243
277 19 113 258 275 210 129 120 53 307
295 60 93 129 320 75 235 72 129 206
297 295 117 9 125 128 315 159 182 218
320 288 243 166 314 286 321 304 237 201
207 286 123 73 90 309 65 327 101 319
90 316 253 182 142 318 67 241 44 84
284 99 203 181 239 170 179 192 189 115
288 263 215 188 14 271 312 107 78 218
272 156 167 181 28 73 52 107 217 116
317 208 214 302 242 121 255 90 48 291
129 176 257 249 194 324 143 116 153 260
324 187 200 288 24 174 153 143 48 104
225 114 182 42 9 26 288 212 54 174
193 253 103 316 178 94 328 135 143 210
225 176 191 153 219 208 94 300 260 240
131 176 158 106 280 280 328 227 212 119
185 283 221 306 245 26 19 249 213 55
85 130 169 180 292 27 165 263 67 280
62 15 190 297 323 197 173 245 200 106
331 226 75 197 82 137 14 56 133 313
32 259 102 322 108 137 129 24 45 311
122 203 120 56 189 22 297 173 315 322
77 72 251 228 276 193 9 79 219 298
193 107 56 36 81 269 58 70 13 42
194 100 247 153 21 138 225 125 328 260
127 165 325 127 323 76 66 148 32 7
185 34 126 133 257 17 293 228 49 172
129 316 100 115 127 267 44 237 293 112
256 315 63 51 32 314 132 323 255 148
202 204 72 316 256 131 310 204 237 196
298 252 310 9 290 161 239 133 180 219
120 88 317 53 90 101 151 131 83 188
244 34 127 305 211 35 86 217 290 220
232 315 124 65 240 178 331 271 160 42
137 23 145 27 98 94 145 296 108 277
329 170 114 250 134 103 69 306 290 91
16 325 176 69 262 170 65 253 234 150
155 153 85 24 288 294 280 157 262 13
10000000 10000000 10000000 10000000 10000000 10000000 10000000 10000000 10000000 10000000
66 272 143 55 205 260 148 199 296 270
147 42 84 209 287 163 284 168 25 277
242 61 273 292 92 66 220 290 83 145
119 208 48 101 314 83 205 227 321 284
293 308 53 236 12 27 214 113 106 33
264 265 57 79 30 149 129 269 276 331
262 110 54 304 256 190 82 213 10 256
80 28 266 274 276 227 236 315 280 107
130 295 111 316 154 66 53 159 195 209
175 88 311 203 165 19 105 296 222 8
170 274 125 311 199 323 94 285 224 59
232 55 18 331 321 41 7 193 88 156
329 258 215 108 131 203 128 237 126 121
288 295 57 97 27 41 172 240 257 144
11 167 239 302 190 51 98 242 41 298
33 136 138 83 261 257 184 295 230 201
275 133 147 282 160 100 50 233 56 60
65 18 115 269 54 162 75 105 320 311
73 8 218 207 113 143 36 117 156 67
309 57 267 302 233 169 26 100 32 212
65 247 117 130 180 157 23 314 288 255
101 187 199 174 222 210 137 152 273 197
204 72 327 179 199 254 65 295 121 115
135 280 269 203 160 316 157 291 38 272
31 105 118 257 73 300 323 241 11 92
121 317 162 52 240 18 216 91 221 195
254 175 249 241 233 272 271 274 194 207
189 146 193 233 136 318 279 225 141 331
310 318 45 293 266 205 118 209 13 176
91 77 37 76 10 118 301 88 66 199
30 298 323 273 298 285 271 104 97 105
240 82 236 148 252 32 247 242 252 209
63 102 211 29 27 182 135 53 222 23
145 52 158 169 65 215 178 285 107 298
89 41 93 71 230 194 199 247 155 271
249 51 158 118 48 320 162 276 15 274
150 279 47 185 288 280 19 185 303 322
89 218 203 158 192 264 308 22 36 313
223 297 118 191 244 246 187 36 127 127
321 84 228 83 220 113 17 278 159 274
125 118 11 181 321 103 52 277 73 299
260 239 134 85 108 249 168 177 46 101
301 302 243 117 208 224 174 245 85 300
230 231 259 214 245 64 201 50 87 172
10000000 10000000 10000000 10000000 10000000 10000000 10000000 10000000 10000000 10000000
157 41 42 108 99 149 189 121 86 235
282 322 252 30 155 43 225 59 164 130
132 27 285 59 309 38 60 223 330 205
190 285 279 270 236 74 202 29 142 297
196 154 38 115 78 186 20 301 80 208
72 246 278 299 62 30 77 66 234 232
71 19 29 165 253 239 67 295 309 51
43 117 232 288 123 21 152 218 242 222
75 46 26 201 203 49 183 241 289 318
112 65 54 302 249 329 121 59 115 326
241 195 160 75 283 187 223 198 56 75
128 110 191 276 82 294 38 194 257 18
277 291 261 202 87 108 250 235 239 124
299 98 307 212 246 324 24 20 188 268
178 69 302 142 11 311 69 54 237 162
233 46 264 77 112 22 59 46 108 114
196 135 326 234 299 255 165 270 132 320
206 120 55 316 255 50 158 139 37 191
222 130 69 255 253 170 8 190 188 32
57 108 162 313 106 39 251 121 75 224
60 120 56 107 153 147 158 282 44 302
84 127 312 150 19 235 179 24 321 75
169 158 87 168 49 304 81 30 75 104
222 230 7 172 74 78 240 239 144 271
94 207 24 112 127 140 304 173 267 214
296 226 96 103 322 279 227 133 258 204
232 326 204 148 66 23 314 188 84 49
202 226 300 180 24 154 330 177 156 197
60 137 246 16 324 108 238 300 273 304
70 34 166 93 100 302 47 288 53 177
147 76 145 303 233 120 142 132 86 322
112 124 242 40 220 282 151 31 132 225
190 278 195 10 188 251 267 119 51 166
153 303 212 329 223 31 47 191 89 162
270 65 160 177 320 42 273 196 115 35
121 268 129 137 267 207 200 220 106 154
325 57 47 168 199 87 110 217 143 74
331 250 222 226 129 307 214 61 242 77
324 151 142 265 50 158 298 118 224 302
289 7 175 235 111 327 34 272 319 22
153 327 280 120 286 65 114 133 198 100
125 162 251 304 265 267 243 170 79 65
91 202 115 268 255 10 119 321 113 228
187 175 299 312 319 71 242 92 233 159
10000000 10000000 10000000 10000000 10000000 10000000 10000000 10000000 10000000 10000000
47 145 164 298 75 119 201 109 200 180
23 69 147 53 38 297 306 54 278 200
78 299 180 55 253 211 230 70 281 44
331 61 180 128 153 11 39 231 102 221
33 8 323 68 271 246 244 102 205 213
252 190 58 59 284 7 77 234 177 10
311 63 115 233 151 144 257 51 230 97
221 40 314 323 314 300 275 55 140 164
91 180 92 182 283 244 330 216 264 288
83 137 48 264 219 172 59 123 84 327
290 165 264 175 238 292 135 141 126 148
285 37 181 108 274 291 299 182 317 69
188 79 46 118 265 104 130 149 54 195
292 154 18 249 289 19 175 121 173 29
67 189 41 258 7 157 215 265 52 56
51 133 253 232 136 74 223 62 278 201
233 65 189 154 193 79 174 110 56 114
59 317 99 321 82 243 167 127 140 252
251 291 178 276 139 151 298 219 108 40
181 188 109 81 240 237 237 300 195 98
56 296 232 281 313 118 186 11 282 80
160 280 84 155 305 16 290 290 161 41
205 220 123 127 180 88 280 38 47 102
160 101 213 89 122 298 49 244 190 298
174 201 56 153 235 163 189 317 276 79
270 330 120 27 293 20 291 187 211 79
194 138 79 231 85 107 137 40 322 212
307 43 223 256 81 28 302 174 247 315
68 112 185 307 157 57 169 283 31 191
198 308 68 240 140 123 203 139 265 236
327 62 241 42 190 73 243 46 316 230
312 205 82 105 237 31 243 104 7 272
57 16 299 30 91 62 262 186 231 198
108 26 43 263 45 180 96 225 253 235
39 291 80 175 330 147 169 209 130 206
69 249 25 170 183 242 68 220 137 57
187 152 279 97 220 143 191 268 202 317
70 75 129 73 115 30 64 19 270 232
110 280 210 209 116 210 43 125 53 325
328 219 263 104 212 140 118 170 146 77
286 289 144 314 178 138 52 231 168 19
92 217 179 129 129 114 221 290 161 23
179 72 217 265 94 161 293 283 84 274
260 76 59 312 279 73 174 111 253 290
