10000000 10000000 10000000 10000000 10000000 10000000 10000000 10000000 10000000 10000000 10000000 10000000 10000000 10000000 10000000
184 258 147 159 196 126 230 285 66 279 55 116 292 15 78
229 279 97 24 12 278 165 43 154 148 133 48 169 73 307
126 45 186 175 88 285 142 318 296 8 55 239 45 184 322
79 155 32 327 48 223 37 96 197 247 286 81 216 272 120
225 40 263 254 9 292 314 51 153 128 277 180 251 52 8
166 28 319 92 20 137 302 263 139 150 58 40 282 98 16
181 99 26 163 173 328 111 53 268 16 41 318 189 180 176
115 159 129 281 143 55 205 274 99 129 310 296 206 274 77
257 146 286 243 100 264 159 241 207 162 110 314 168 196 234
302 243 191 268 9 191 201 105 220 257 243 166 250 119 41
247 31 16 125 26 141 125 196 90 283 273 160 230 51 242
208 191 179 257 13 182 261 132 190 51 76 63 80 249 110
267 28 274 97 57 90 253 35 130 265 172 72 315 186 280
135 149 284 49 90 182 37 111 186 198 71 49 139 226 277
137 40 123 299 325 20 329 250 62 274 27 11 104 149 200
65 125 132 316 252 154 81 87 188 331 206 109 253 135 288
140 203 19 62 92 165 322 211 141 197 255 271 33 306 131
102 103 120 31 326 278 164 180 254 190 197 166 69 52 208
273 319 94 126 158 240 197 116 211 200 96 123 287 213 330
212 329 302 245 209 264 299 317 306 226 218 292 81 55 205
331 167 277 191 224 218 169 221 107 327 241 69 244 279 253
221 271 248 42 292 183 92 158 182 298 135 220 286 122 242
18 79 138 265 202 316 102 290 45 277 323 257 125 247 242
236 261 104 218 53 208 222 307 223 289 104 168 71 263 85
163 286 216 195 18 83 282 293 209 219 217 11 218 74 221
161 40 198 259 178 182 265 275 49 161 322 151 203 224 173
132 290 44 107 11 184 243 40 52 137 261 244 113 154 7
76 116 38 158 317 81 121 266 50 245 183 76 73 133 35
98 197 77 203 267 229 185 232 79 189 90 103 132 25 321
266 110 105 152 228 126 79 26 142 88 248 41 308 143 63
171 253 80 34 249 159 93 19 19 122 329 132 114 301 154
271 149 176 55 136 271 206 135 273 10 258 240 309 10 131
21 170 263 55 108 180 120 90 215 247 312 92 326 290 255
322 55 282 109 131 122 49 108 242 60 48 87 299 40 158
158 173 310 12 85 256 92 268 274 136 49 329 144 46 278
233 299 312 194 162 326 65 288 259 230 9 263 16 308 121
169 181 56 66 94 300 250 322 278 190 25 203 150 129 126
158 68 326 49 153 196 261 183 141 260 222 60 271 254 216
10000000 10000000 10000000 10000000 10000000 10000000 10000000 10000000 10000000 10000000 10000000 10000000 10000000 10000000 10000000
47 170 174 198 327 274 133 80 23 327 40 142 290 232 157
148 78 120 215 140 184 128 324 127 112 28 143 237 320 266
185 189 20 177 261 123 22 212 169 171 146 132 19 312 272
233 20 67 15 293 19 65 110 264 171 276 108 98 11 263
286 305 298 306 207 59 324 51 282 109 101 155 260 205 120
224 210 41 225 51 30 201 29 245 17 63 72 129 115 139
286 29 300 271 207 96 190 126 298 275 233 281 62 196 324
269 271 87 62 80 127 18 208 313 301 241 220 193 277 127
293 285 237 105 308 142 160 43 261 283 143 290 175 110 222
197 311 175 286 93 103 261 94 144 99 69 321 110 21 53
31 50 134 224 304 93 107 158 325 194 108 234 59 127 134
83 41 183 229 142 68 142 87 177 210 158 222 129 49 70
112 27 275 306 123 231 38 239 312 115 80 85 323 303 223
31 14 48 211 161 219 25 288 148 293 19 308 227 73 323
260 7 165 272 238 140 170 325 175 222 89 274 156 7 47
233 189 212 278 197 15 99 159 26 297 73 183 252 167 130
263 153 294 173 33 138 277 180 180 305 291 297 70 129 22
16 227 7 120 294 276 45 153 163 326 41 141 272 52 239
260 279 279 308 248 10 90 9 271 135 68 92 310 154 63
196 288 266 306 20 233 188 14 154 24 70 179 305 217 265
313 116 243 140 35 206 99 223 175 32 210 136 93 80 238
204 326 186 182 69 221 226 87 117 132 76 154 13 263 60
273 114 78 115 72 234 211 263 72 230 164 267 57 230 117
24 202 17 34 225 26 77 166 28 108 315 236 153 12 131
272 132 103 248 87 95 11 7 74 279 242 127 247 22 311
26 16 104 278 262 7 28 260 270 185 148 74 118 299 106
115 179 264 297 141 246 140 50 326 24 110 292 250 131 211
149 288 290 46 117 259 216 70 207 67 206 167 119 64 280
292 89 320 223 11 20 216 160 51 49 329 128 326 58 107
219 257 147 28 67 22 97 10 229 29 118 251 218 183 272
106 58 185 92 54 257 38 42 246 310 41 318 115 277 253
227 91 284 62 230 124 266 115 177 174 240 193 153 270 166
100 321 212 278 325 248 55 189 151 296 236 149 196 289 292
268 304 14 36 272 112 52 25 309 74 318 104 324 13 96
50 152 121 319 262 188 163 232 171 154 47 222 278 321 51
89 292 291 311 326 158 200 138 98 77 237 264 138 187 242
298 91 286 269 51 15 63 248 28 234 245 232 131 58 252
190 147 14 21 49 205 294 79 153 302 150 116 124 308 131
10000000 10000000 10000000 10000000 10000000 10000000 10000000 10000000 10000000 10000000 10000000 10000000 10000000 10000000 10000000
41 289 182 262 98 41 159 278 63 265 204 75 205 92 59
108 282 68 61 207 301 285 238 162 12 230 78 133 276 181
281 18 114 50 121 155 183 319 144 110 79 269 129 30 238
78 159 241 300 142 264 240 96 87 273 186 98 117 48 295
319 31 136 93 267 18 9 277 86 123 11 16 166 20 92
199 37 43 229 204 56 104 195 256 244 194 316 299 304 214
322 243 285 158 159 318 265 241 255 180 202 325 187 57 236
322 260 256 171 36 254 170 179 74 141 78 208 154 240 134
70 256 286 19 163 97 15 210 156 209 161 74 249 46 297
208 278 238 159 80 127 181 89 313 281 169 178 135 98 17
270 245 285 221 135 191 87 131 192 299 246 178 156 84 66
78 146 105 41 275 248 231 60 49 87 235 29 70 17 122
92 108 309 143 201 160 325 57 205 124 251 292 34 257 276
72 260 153 259 116 62 267 14 54 26 16 134 296 185 127
245 76 46 170 320 199 244 67 187 76 217 201 33 211 221
313 301 60 250 308 147 147 163 211 254 33 70 13 150 171
221 184 124 268 124 260 192 44 238 300 40 195 316 329 52
215 39 94 197 178 192 298 28 289 109 45 111 231 218 125
81 175 180 69 137 269 278 281 143 195 137 123 167 302 57
245 132 230 263 74 247 325 90 81 145 257 215 248 126 145
25 34 136 22 138 140 169 98 176 22 216 270 168 152 195
150 239 297 194 93 110 52 286 134 219 75 295 253 323 244
257 164 184 63 160 113 88 100 272 225 228 191 317 265 143
219 147 302 86 89 328 184 259 255 16 186 8 101 288 144
268 66 163 303 296 41 112 198 67 54 79 182 79 41 256
149 234 327 86 148 326 16 9 183 255 273 201 286 84 259
188 296 166 273 197 156 178 49 24 185 139 331 303 141 66
175 114 286 130 324 79 71 193 97 193 269 324 80 30 222
128 159 160 277 245 217 276 306 312 331 298 326 23 202 124
93 328 331 161 67 282 79 116 30 56 71 14 244 41 160
330 33 178 176 284 93 305 322 215 77 120 121 252 257 183
308 271 117 78 281 290 11 271 277 173 154 22 270 134 204
195 52 187 220 253 83 242 72 187 261 256 13 137 36 20
220 92 262 81 211 56 245 139 201 230 137 108 96 193 211
139 148 209 104 137 76 262 293 98 252 124 129 43 27 137
234 87 281 178 192 203 143 71 20 168 309 279 246 250 291
125 272 159 12 100 330 150 310 30 23 162 178 187 139 227
165 127 325 150 249 201 25 35 271 65 107 113 100 233 239
10000000 10000000 10000000 10000000 10000000 10000000 10000000 10000000 10000000 10000000 10000000 10000000 10000000 10000000 10000000
319 126 49 194 135 296 180 62 154 224 58 86 33 313 185
216 307 242 8 59 324 266 27 24 330 138 128 317 158 166
102 314 250 168 21 20 285 33 189 38 43 242 15 197 187
137 35 91 84 316 273 37 214 24 197 143 20 158 41 184
134 101 135 164 21 314 60 39 106 31 114 223 10 25 62
165 88 191 135 242 162 34 212 122 97 49 14 26 187 269
302 57 198 227 300 264 74 29 200 199 193 71 190 304 137
28 101 99 205 265 288 245 162 181 233 234 146 198 240 35
149 245 55 257 142 158 35 264 37 303 96 100 77 247 43
28 143 98 262 247 78 311 61 328 226 138 7 114 280 71
304 47 127 293 127 90 305 68 110 95 70 149 310 317 149
261 237 289 125 137 68 274 128 23 324 126 130 311 213 213
325 331 130 68 189 60 39 126 73 298 242 152 307 224 253
58 276 195 85 273 178 247 277 16 330 81 127 275 298 309
58 262 171 78 96 50 141 59 253 231 179 196 232 133 314
307 249 267 305 64 301 321 90 286 110 176 249 122 40 34
206 187 16 260 233 271 146 47 298 270 265 28 37 90 122
114 92 290 163 113 187 75 48 92 236 265 293 46 268 301
156 271 20 230 254 319 153 173 320 267 222 216 65 78 66
154 249 284 224 270 275 8 157 75 107 57 184 311 46 241
226 123 103 13 173 269 170 98 168 87 312 313 215 116 219
31 29 73 30 55 307 264 185 7 63 209 22 232 188 110
59 180 165 68 282 320 320 122 97 329 131 250 47 21 78
72 293 40 51 290 153 133 203 161 35 202 315 230 157 78
142 282 173 271 92 107 86 188 64 297 294 265 105 276 216
136 131 112 147 330 106 44 185 128 256 61 29 266 272 303
167 148 120 52 40 153 159 199 146 33 209 64 143 248 121
77 151 127 208 259 212 168 120 183 287 293 283 180 23 225
308 108 290 101 12 292 133 214 55 270 53 214 158 29 149
62 73 15 290 39 263 33 155 188 103 206 227 270 224 180
145 176 245 215 238 329 237 212 258 264 221 282 185 8 248
255 91 191 17 244 17 135 165 57 120 279 242 307 17 262
81 63 19 118 120 27 298 309 82 294 274 109 293 100 97
17 297 128 57 204 16 219 13 22 323 302 216 137 14 76
61 60 83 49 213 234 37 175 124 185 36 275 330 157 279
283 108 266 307 12 245 276 265 292 154 157 186 28 277 211
137 325 28 181 52 82 262 163 111 139 159 41 117 235 152
323 7 83 22 92 59 150 263 276 114 50 274 167 215 223
10000000 10000000 10000000 10000000 10000000 10000000 10000000 10000000 10000000 10000000 10000000 10000000 10000000 10000000 10000000
299 288 110 212 76 196 75 104 297 91 235 331 176 109 161
66 55 113 206 8 221 22 263 134 124 282 135 121 258 80
314 328 205 22 212 328 235 223 254 225 83 199 93 61 205
50 17 209 109 174 325 103 105 46 100 53 185 44 74 160
89 277 125 325 182 147 141 240 16 231 54 35 68 331 129
193 67 12 310 30 109 87 23 155 328 60 211 109 267 254
120 248 143 213 292 9 199 323 259 204 86 197 23 80 193
150 176 166 294 142 217 66 296 43 65 228 30 135 120 57
43 280 10 285 293 167 292 166 292 181 106 131 34 27 50
76 295 132 123 22 252 56 128 111 220 25 120 72 10 294
171 176 57 93 230 237 38 26 192 323 96 98 74 130 63
195 104 297 84 155 61 113 305 253 8 221 219 27 209 28
320 297 12 50 281 108 265 179 35 72 10 243 326 287 145
277 281 305 259 37 186 226 23 236 188 139 289 174 17 280
89 231 231 173 237 244 140 226 286 106 295 18 207 58 60
189 210 114 43 237 263 290 299 284 98 193 127 118 323 181
62 67 43 331 312 203 20 305 218 42 290 188 169 330 310
23 195 60 136 305 184 287 70 262 297 23 249 173 138 163
254 241 329 252 244 319 20 324 243 102 106 302 268 277 64
211 160 257 327 168 10 207 305 154 191 208 156 190 273 47
158 137 219 225 324 176 91 277 189 9 26 94 129 69 286
189 119 80 194 299 80 243 256 80 249 186 189 250 208 71
261 313 247 74 164 58 196 65 133 324 20 21 226 19 181
212 94 142 279 319 97 275 88 254 13 301 75 24 303 235
228 67 51 249 71 261 168 154 117 327 100 38 149 159 233
76 23 294 171 258 109 31 104 20 12 90 184 58 192 30
216 75 202 132 188 169 127 259 107 234 268 129 151 158 105
184 321 284 201 244 330 231 24 321 296 231 103 124 20 270
207 326 253 175 68 65 158 259 48 27 176 277 30 170 188
142 32 161 15 255 302 107 207 222 316 101 253 146 131 134
143 156 104 251 283 13 12 59 279 185 314 35 43 216 35
321 56 174 243 222 233 77 100 203 42 114 270 79 290 76
225 144 207 311 148 125 323 155 295 331 107 210 297 44 101
190 186 68 255 152 202 268 195 58 217 275 290 162 271 179
261 151 128 48 104 126 169 283 46 142 146 203 261 298 119
12 283 240 165 24 188 147 42 149 266 317 89 159 22 264
296 304 111 235 61 270 217 100 16 216 220 293 146 48 52
204 79 266 30 16 84 123 201 29 304 172 146 85 311 307
10000000 10000000 10000000 10000000 10000000 10000000 10000000 10000000 10000000 10000000 10000000 10000000 10000000 10000000 10000000
52 20 117 137 196 55 28 168 71 129 205 151 133 321 206
239 108 262 208 137 178 210 168 108 241 90 201 209 212 87
249 164 111 106 62 84 112 281 239 230 243 325 148 277 246
234 164 113 156 223 282 160 31 125 9 86 270 120 191 169
17 107 327 83 261 223 244 150 67 171 46 299 245 93 100
59 97 273 327 175 328 215 141 268 166 208 155 67 68 122
289 157 39 78 292 235 154 307 326 264 208 204 177 154 223
73 23 180 202 313 304 147 37 204 107 45 115 298 234 241
85 306 163 237 190 232 219 276 246 120 197 136 111 251 292
185 250 76 70 84 246 182 139 314 290 324 141 58 261 263
205 328 235 116 139 88 137 200 308 281 63 196 268 173 26
170 166 111 239 102 225 199 310 149 50 73 261 279 88 94
32 34 72 216 102 200 173 305 90 212 221 247 21 42 193
19 9 316 15 106 306 137 295 118 171 322 265 39 242 123
109 70 116 300 114 299 168 95 285 309 92 266 29 226 299
119 62 123 114 98 73 299 33 158 226 261 203 7 175 122
244 112 179 195 327 123 241 230 164 289 171 299 174 312 9
221 160 292 313 214 36 284 294 306 122 91 49 134 125 219
264 113 28 48 168 249 298 150 159 281 315 312 217 246 273
220 113 108 57 247 65 264 23 181 144 174 192 310 148 279
26 76 100 14 325 183 244 204 146 314 154 66 184 138 113
76 105 199 181 172 294 37 177 87 166 95 171 75 244 276
64 77 216 122 297 120 171 61 162 180 256 55 84 7 35
82 226 58 302 64 10 179 59 171 198 89 303 13 158 299
206 75 223 7 318 211 303 186 79 284 149 8 147 313 91
204 269 42 138 310 251 230 11 238 230 125 30 16 222 299
213 129 145 296 127 9 139 256 203 124 208 321 101 109 56
129 211 164 195 95 90 302 160 315 61 43 44 286 142 18
245 76 70 294 38 210 330 319 113 113 328 55 55 325 259
148 269 314 11 218 52 297 46 115 281 310 196 93 273 306
266 319 100 305 159 166 257 174 229 186 117 225 240 258 35
104 85 268 249 174 172 212 71 167 236 221 103 269 188 247
198 252 124 104 106 288 133 222 152 139 307 21 297 118 207
59 175 64 18 287 312 242 113 122 36 242 111 279 328 20
331 124 163 153 270 304 143 62 140 32 181 152 119 34 88
230 53 293 290 273 160 318 300 82 132 54 32 268 220 261
142 56 58 326 141 203 288 270 316 289 12 135 184 42 116
65 202 261 184 122 329 215 29 244 97 240 20 131 12 253
10000000 10000000 10000000 10000000 10000000 10000000 10000000 10000000 10000000 10000000 10000000 10000000 10000000 10000000 10000000
10 325 297 279 16 258 276 28 257 298 76 56 331 126 24
24 109 52 66 253 171 22 184 295 171 320 100 149 140 32
59 248 151 46 217 64 134 187 89 322 79 222 304 282 13
323 61 103 305 10 202 114 23 31 184 185 309 121 321 185
53 146 277 277 225 147 16 133 176 326 99 90 103 131 285
175 128 23 271 58 35 162 285 139 107 29 79 15 302 165
194 303 270 46 50 43 57 308 62 181 184 23 324 117 328
69 125 190 219 32 162 141 106 246 131 70 190 288 235 101
284 86 283 195 186 246 277 43 252 137 125 104 42 32 202
239 96 135 329 184 53 249 150 114 118 218 272 60 19 311
106 191 112 124 57 68 100 152 81 303 326 95 235 61 307
295 311 297 13 223 255 214 114 135 209 209 271 126 248 129
38 68 170 8 58 294 305 119 265 203 103 48 127 161 260
228 191 133 81 241 44 216 214 36 21 155 276 275 287 123
120 167 257 219 41 216 250 203 15 146 254 284 152 269 130
329 217 251 301 35 68 295 240 290 171 200 129 102 256 321
210 277 19 318 160 326 22 95 108 269 322 200 194 138 87
84 99 8 128 269 231 283 72 228 66 267 322 306 15 177
70 178 213 308 261 102 105 194 22 183 275 253 293 39 204
214 139 247 103 126 266 119 166 107 193 75 180 34 245 288
10 141 146 135 266 325 143 165 47 302 286 208 33 171 182
43 75 188 165 329 99 144 138 94 161 56 103 63 93 221
133 229 273 29 219 104 81 280 271 38 68 256 212 262 11
140 132 327 92 62 232 200 324 166 302 312 195 173 22 140
303 294 178 96 206 143 34 123 287 262 222 125 241 315 288
229 34 16 148 137 278 165 317 252 139 108 192 105 139 156
291 288 248 35 191 111 303 109 24 65 285 100 138 100 67
287 85 74 153 165 209 191 121 235 22 134 95 259 92 284
196 32 81 211 188 322 303 327 12 316 186 202 274 81 229
211 264 12 250 111 143 150 72 256 293 42 286 11 104 110
153 317 329 24 289 253 104 88 112 160 115 27 331 315 259
189 123 295 17 280 28 281 50 324 15 298 229 296 94 234
112 322 203 198 256 330 234 129 128 73 231 180 50 326 145
330 254 137 308 283 46 269 204 181 122 158 79 315 24 125
71 91 189 278 142 306 68 201 242 179 45 282 304 66 293
154 136 25 218 87 221 265 155 212 210 140 196 309 201 216
88 62 309 44 123 200 47 108 240 237 40 192 124 15 267
303 263 135 107 14 101 14 259 275 143 77 58 183 186 78
10000000 10000000 10000000 10000000 10000000 10000000 10000000 10000000 10000000 10000000 10000000 10000000 10000000 10000000 10000000
196 293 73 158 101 246 99 127 286 8 113 284 15 21 283
42 183 71 326 228 226 183 203 230 272 58 288 204 309 266
236 284 9 230 170 177 53 15 264 228 190 41 318 228 195
42 21 226 289 171 9 123 290 232 157 35 192 47 236 44
165 153 12 268 300 195 184 125 193 144 137 152 269 51 88
246 7 150 257 158 83 281 266 44 274 321 138 75 51 171
227 141 231 289 168 106 167 149 64 83 253 190 110 88 114
123 108 19 28 307 81 249 275 59 136 153 25 197 64 181
236 80 199 135 80 184 241 287 38 43 165 49 316 237 282
184 273 20 90 229 213 61 327 311 298 210 69 131 27 259
17 73 285 122 95 236 146 277 150 273 97 92 324 43 81
110 190 66 323 10 144 61 216 219 305 23 126 38 223 260
289 235 47 311 47 150 39 319 126 276 48 213 86 146 175
206 121 167 74 251 153 203 189 294 313 12 267 7 291 229
46 97 325 183 227 172 142 146 82 43 256 277 327 117 114
157 134 14 8 22 194 285 153 84 22 85 208 68 176 138
152 43 282 117 130 45 173 219 171 70 69 38 321 222 205
183 120 204 213 93 31 152 280 94 173 324 74 210 236 41
269 27 209 27 185 140 137 33 323 203 209 242 262 100 136
49 263 150 308 88 267 217 291 290 163 272 18 292 145 80
281 222 299 124 267 7 18 201 292 294 153 181 164 62 61
33 214 143 289 80 20 226 140 95 41 290 136 100 190 294
134 145 312 271 7 277 184 143 156 15 218 31 260 18 197
92 206 261 104 33 298 185 173 297 115 75 249 114 89 217
240 44 214 314 238 181 101 171 169 71 65 150 200 249 112
204 122 118 134 169 157 173 273 320 252 328 41 204 55 165
84 149 105 130 229 254 19 230 250 204 298 183 96 69 287
66 305 325 224 214 308 43 323 277 211 245 183 71 128 300
308 90 278 136 103 258 99 122 44 211 151 306 141 112 155
162 26 303 80 147 164 119 61 120 77 43 225 253 232 262
190 288 315 28 41 40 35 117 100 20 227 104 176 175 252
57 188 257 129 224 301 253 104 222 219 74 193 318 210 161
204 213 210 57 70 83 294 10 96 248 280 299 113 185 290
148 104 105 226 77 235 245 185 224 17 306 330 249 86 10
244 280 217 246 234 97 251 65 37 280 67 208 310 8 45
243 169 230 44 168 264 282 212 78 231 51 20 310 9 115
215 48 190 295 13 190 196 209 85 317 29 39 247 31 200
203 115 214 67 22 138 311 106 86 70 230 323 267 23 270
10000000 10000000 10000000 10000000 10000000 10000000 10000000 10000000 10000000 10000000 10000000 10000000 10000000 10000000 10000000
205 48 274 251 309 319 181 283 285 331 184 131 169 47 181
256 224 217 140 306 307 79 84 134 30 257 277 241 259 97
284 328 52 138 272 181 294 238 66 122 100 149 72 78 231
249 29 314 53 24 177 299 142 64 90 28 171 194 208 20
138 88 315 45 320 7 274 124 71 146 251 57 146 203 175
225 289 326 215 21 331 192 315 141 75 155 315 79 80 132
71 100 66 267 152 211 191 186 95 292 267 231 148 248 145
112 312 82 116 151 115 69 233 171 264 323 121 123 152 59
185 208 228 154 219 328 15 278 26 194 317 198 230 29 35
182 89 227 116 219 326 166 48 161 153 280 117 314 108 173
134 106 253 158 186 229 112 160 316 269 77 329 287 286 10
134 169 59 56 159 97 226 96 324 287 44 85 12 89 149
226 148 260 282 230 119 58 255 41 29 309 57 63 288 109
177 36 170 294 226 179 88 191 302 211 85 307 313 321 240
291 36 311 95 254 159 104 194 49 57 171 233 148 206 181
316 167 305 61 188 70 32 253 134 272 40 139 303 249 54
105 158 292 76 60 24 113 280 300 306 225 236 259 307 147
163 101 247 219 89 179 136 44 98 241 304 23 289 189 246
99 266 125 50 329 274 167 329 67 165 274 52 213 284 251
72 256 205 166 66 69 330 127 156 121 152 37 183 330 246
132 93 48 157 224 123 210 137 12 62 23 95 141 160 214
115 26 174 90 155 327 289 46 114 72 184 158 184 86 203
222 218 263 155 263 86 44 94 302 187 241 231 255 328 215
140 77 262 173 98 9 245 251 121 152 218 83 179 203 171
138 133 88 300 294 331 180 133 143 28 190 131 151 108 49
220 39 31 224 137 253 163 56 46 304 158 202 153 92 112
247 222 138 34 146 51 259 22 194 224 227 270 47 90 106
114 199 92 284 151 111 214 117 90 291 236 289 70 273 36
9 53 94 236 111 281 20 303 248 281 142 214 169 40 202
121 71 298 142 152 240 167 232 290 36 192 198 250 263 107
143 126 42 252 273 249 62 249 142 207 98 37 319 302 117
224 321 193 101 192 62 100 14 214 269 252 129 268 316 12
23 58 146 41 303 50 177 119 111 124 30 140 289 295 237
218 322 29 294 318 183 239 92 106 11 192 147 325 172 138
283 115 21 211 248 53 312 196 241 77 131 226 142 247 291
57 142 308 168 321 74 47 44 118 79 222 281 140 203 140
107 310 82 97 129 167 135 51 213 247 52 311 120 281 145
110 245 315 10 161 187 256 151 39 314 288 113 251 143 167
10000000 10000000 10000000 10000000 10000000 10000000 10000000 10000000 10000000 10000000 10000000 10000000 10000000 10000000 10000000
200 149 130 66 49 143 246 295 300 263 78 311 207 57 330
210 88 133 22 146 19 218 324 306 314 166 36 213 75 86
190 262 160 203 256 186 81 315 241 16 210 263 297 12 258
294 318 166 31 187 166 41 188 220 9 84 169 258 31 59
246 145 31 135 170 151 222 101 55 303 153 250 73 186 75
139 191 50 286 230 90 187 217 324 276 115 44 194 155 188
7 211 171 161 134 94 329 230 138 65 28 199 137 43 170
27 234 298 159 113 43 127 38 127 203 195 301 189 50 124
214 121 76 297 191 140 60 262 164 216 126 190 234 287 11
287 157 252 74 33 61 98 105 237 140 230 185 205 197 159
249 300 315 270 154 125 329 113 119 322 31 82 254 177 23
253 80 146 169 315 324 318 190 312 54 30 155 109 167 262
271 177 85 144 248 42 180 175 117 227 208 234 191 102 109
40 288 258 159 246 295 188 130 274 65 247 132 232 271 187
31 64 66 280 207 164 134 224 38 15 34 45 48 197 66
54 244 141 220 228 253 206 26 69 283 302 77 86 310 118
128 269 304 142 295 246 310 306 226 183 244 14 311 91 87
141 113 245 48 86 300 263 287 114 236 137 323 71 213 163
232 229 140 137 331 280 281 107 57 77 244 178 263 151 227
265 22 49 256 278 176 184 37 82 238 11 53 56 180 23
286 145 57 13 249 264 295 235 329 310 34 156 59 192 271
70 62 77 193 11 56 92 115 192 9 262 323 280 258 41
59 108 102 17 234 84 267 181 37 109 56 91 127 312 315
255 266 214 76 182 34 74 198 33 257 64 39 27 307 152
273 97 156 245 180 142 278 152 267 192 159 35 156 192 15
76 58 227 25 159 90 105 311 12 190 87 270 203 190 25
74 200 204 26 238 9 116 161 203 159 188 189 75 78 178
306 25 108 111 121 279 306 43 241 220 318 267 204 264 173
252 322 95 311 178 7 190 43 82 83 76 47 138 310 318
105 109 32 93 25 317 60 27 279 35 174 17 218 306 224
309 202 54 263 55 273 225 41 17 26 289 191 10 91 195
191 146 98 251 74 169 67 39 75 43 81 233 262 310 80
288 102 191 257 97 43 278 162 142 41 304 221 78 216 15
108 273 83 191 62 297 270 275 146 21 294 264 80 93 187
298 57 284 64 59 88 107 163 216 21 119 196 31 108 11
292 268 86 307 98 159 228 84 189 60 270 230 117 32 147
23 54 124 187 53 215 284 231 295 253 291 31 156 133 155
181 319 277 274 311 265 249 146 85 144 314 260 247 122 55
10000000 10000000 10000000 10000000 10000000 10000000 10000000 10000000 10000000 10000000 10000000 10000000 10000000 10000000 10000000
14 41 43 77 326 262 296 231 59 286 277 14 99 49 33
290 326 54 320 123 251 257 264 126 246 38 160 282 14 295
115 182 35 287 290 175 214 292 101 124 106 84 250 295 122
304 104 298 190 215 112 126 132 87 175 193 141 235 212 187
45 200 226 318 202 116 314 258 56 283 159 190 194 25 18
60 121 316 19 50 318 15 214 246 180 205 267 311 57 106
12 131 91 319 45 232 17 132 101 309 124 212 98 155 315
215 233 73 224 216 271 253 171 49 174 82 185 131 91 313
277 28 82 126 230 238 319 330 262 25 43 162 19 293 142
39 281 277 230 202 187 42 248 62 45 253 121 185 142 66
175 273 197 258 257 65 205 186 242 95 30 169 282 263 14
63 316 174 237 93 306 285 180 168 272 286 74 140 322 117
207 37 328 185 241 12 224 8 80 170 313 8 122 21 21
111 203 154 192 256 98 137 67 71 118 121 169 189 245 289
35 176 125 15 75 90 330 201 83 261 313 195 151 189 8
172 273 145 143 149 97 209 141 142 65 256 236 238 18 160
287 15 176 177 111 82 240 195 193 176 143 109 295 310 207
253 32 95 82 27 274 116 267 127 166 139 249 90 216 222
90 68 70 320 325 216 84 219 177 45 184 274 230 268 265
330 161 308 185 128 146 56 102 9 215 91 240 172 330 63
72 28 274 209 52 166 129 292 180 115 197 60 176 188 100
237 33 66 95 22 237 81 180 115 23 26 263 45 207 254
11 269 137 272 301 232 234 216 96 294 45 56 189 79 73
319 63 311 55 251 325 40 300 18 65 301 212 186 39 36
162 256 303 299 116 202 71 192 121 205 318 15 161 95 126
126 167 295 134 164 36 67 317 87 185 157 211 45 222 122
38 237 47 287 200 35 268 287 314 269 198 47 88 107 185
42 75 167 286 222 100 140 147 133 306 188 24 44 261 230
315 47 263 294 139 203 83 84 8 96 276 305 66 201 277
40 315 56 208 313 230 266 276 116 165 43 29 97 201 143
324 21 88 323 316 310 311 262 128 28 30 186 329 93 29
76 30 304 284 256 272 294 296 38 28 212 296 192 251 151
75 280 48 144 257 111 315 170 310 58 119 211 278 37 21
185 184 112 19 200 184 46 240 110 161 246 87 16 75 198
235 245 83 238 171 192 148 101 179 85 129 93 20 195 80
44 304 183 137 70 76 228 178 54 155 90 95 113 331 139
241 127 159 22 231 122 330 11 143 270 60 288 267 177 278
161 143 10 62 257 150 9 34 38 84 270 204 121 265 260
