10000000 10000000 10000000 10000000 10000000 10000000 10000000 10000000 10000000 10000000 10000000 10000000 10000000 10000000 10000000 10000000 10000000 10000000 10000000 10000000
44 213 114 130 286 71 194 117 89 76 91 42 32 82 110 174 129 129 98 274
27 327 119 31 267 143 272 174 212 325 284 89 65 160 177 207 84 277 242 292
192 180 178 235 312 179 180 132 212 325 239 29 304 266 41 207 158 270 106 24
36 244 305 34 213 94 46 119 256 256 310 56 252 116 273 199 32 274 128 294
212 62 147 208 153 111 312 144 142 302 84 172 130 73 15 258 88 79 158 183
317 198 197 189 183 217 308 107 328 254 184 61 43 23 227 170 171 203 81 137
115 184 324 198 180 114 247 279 155 296 125 155 58 239 232 13 132 146 63 66
182 145 292 128 66 196 211 149 255 268 16 39 190 228 145 266 128 7 41 29
24 287 66 285 307 302 206 246 228 179 177 265 171 294 297 61 203 195 222 209
210 12 193 65 213 265 178 238 144 64 300 40 322 285 169 137 319 80 128 86
122 174 12 323 329 257 243 291 197 198 198 94 9 42 117 331 293 244 242 204
58 7 230 313 295 315 24 258 327 72 277 269 54 195 134 185 115 84 173 101
135 233 91 219 280 96 311 237 102 184 109 234 183 181 34 169 188 74 67 231
285 16 105 326 216 7 129 127 132 84 180 216 299 144 16 133 216 291 114 288
26 256 54 123 116 234 262 229 51 317 322 73 103 87 106 120 303 132 326 129
28 109 70 129 179 109 322 52 50 313 193 204 124 149 184 328 186 94 187 194
222 229 98 92 135 113 185 205 220 82 42 60 325 44 38 179 160 45 169 276
209 324 39 45 213 59 218 284 27 101 235 305 185 240 214 282 154 218 155 285
131 153 80 75 283 299 42 29 87 62 46 154 297 159 328 28 301 110 179 162
135 292 329 62 237 76 108 179 53 112 190 124 170 97 318 271 8 92 188 252
13 31 179 268 287 182 116 88 143 188 109 73 313 328 47 50 127 144 76 328
175 251 232 66 237 275 175 290 251 275 323 194 247 329 328 110 278 266 46 98
43 290 126 281 98 140 162 26 326 42 58 143 102 192 254 237 255 85 294 246
259 54 166 172 91 134 177 178 185 277 289 152 213 113 114 233 238 151 24 191
195 285 49 205 172 148 223 272 10 198 8 22 143 130 252 158 200 137 161 58
113 242 203 41 93 245 315 62 302 42 107 108 165 78 303 50 184 113 93 139
149 289 262 250 17 96 216 161 315 115 224 17 269 297 288 173 60 196 118 29
210 95 69 100 210 159 179 86 85 206 41 222 189 206 120 114 238 292 41 144
272 108 95 17 49 152 254 330 121 199 219 58 41 290 180 152 197 269 52 178
173 305 23 211 103 240 322 229 62 69 42 178 9 185 31 144 37 58 138 115
317 199 119 318 218 207 156 287 150 9 215 206 265 51 314 161 65 41 197 163
24 148 29 320 158 255 313 9 181 88 145 284 261 28 82 124 310 85 36 73
63 202 148 103 56 140 240 315 60 310 168 314 279 11 85 76 74 23 46 35
173 106 140 287 50 93 239 191 189 296 26 264 136 114 71 181 164 46 289 308
55 131 290 211 229 99 198 208 102 87 70 322 128 295 140 73 310 70 195 136
213 10 186 122 114 261 273 96 68 71 313 86 144 126 58 30 263 116 278 30
99 172 118 171 108 138 261 136 214 37 21 106 248 61 25 257 209 319 139 254
15 246 110 113 105 15 94 162 9 269 83 271 139 104 187 327 319 53 109 266
77 16 178 7 144 277 330 249 219 51 204 298 307 196 237 64 265 121 226 91
123 283 26 8 140 58 309 61 220 228 230 19 189 176 80 28 213 158 121 190
214 216 62 250 209 57 105 284 30 329 252 260 203 82 266 188 112 42 222 131
297 87 28 185 200 166 276 57 248 192 296 94 219 67 201 221 158 57 280 265
52 118 119 163 320 278 41 248 256 59 89 101 55 8 179 202 236 166 285 163
71 306 108 163 214 269 127 132 235 71 318 37 60 293 268 81 264 105 197 169
10000000 10000000 10000000 10000000 10000000 10000000 10000000 10000000 10000000 10000000 10000000 10000000 10000000 10000000 10000000 10000000 10000000 10000000 10000000 10000000
79 155 268 156 102 119 312 35 94 286 33 224 326 92 277 314 155 225 205 178
43 219 314 282 231 13 213 251 198 294 301 120 174 46 16 223 68 190 304 307
85 122 171 321 115 197 314 164 29 326 215 109 7 214 180 255 209 115 261 182
236 292 43 278 198 16 171 161 281 162 297 116 163 218 97 261 241 119 49 70
60 263 272 139 282 78 169 140 112 65 277 321 251 227 64 249 122 56 136 95
53 211 148 127 132 56 219 227 102 214 300 159 206 61 207 197 66 144 298 268
258 169 105 82 71 80 43 64 108 129 170 120 109 25 101 46 287 189 62 235
231 147 75 222 57 198 8 282 306 229 19 319 272 191 283 100 132 200 47 46
187 85 24 104 213 15 323 59 195 202 131 96 266 247 11 44 261 193 217 175
218 200 102 78 206 273 246 63 170 91 86 322 130 263 141 302 293 207 295 159
112 206 37 144 153 222 191 261 317 199 260 180 190 160 36 21 96 284 25 316
156 174 28 99 323 292 293 293 99 88 181 240 213 331 48 278 68 76 193 274
144 13 250 127 19 238 312 39 223 207 220 232 297 272 204 86 227 29 294 314
207 294 103 287 298 100 263 327 109 287 45 29 171 197 29 309 316 14 146 253
49 228 67 23 115 91 283 98 50 131 99 289 161 128 191 52 150 290 18 214
213 52 227 200 73 87 101 251 162 266 42 29 19 47 26 82 326 111 184 185
70 300 71 264 168 242 104 35 321 50 109 107 137 240 101 71 125 293 211 96
276 270 14 136 71 40 154 320 65 178 235 187 127 305 132 118 330 302 146 298
79 214 291 220 77 316 118 327 198 112 99 10 331 51 277 126 256 119 119 295
21 132 312 263 154 99 210 288 144 33 130 260 239 54 51 161 309 253 119 79
207 24 24 310 15 283 70 118 86 264 139 145 112 192 174 71 248 221 57 253
163 80 22 298 141 258 258 190 108 133 215 64 75 132 246 54 232 133 324 20
27 208 325 313 330 315 191 50 288 299 301 127 246 316 201 19 211 194 294 112
183 32 139 102 166 284 218 197 275 276 31 178 227 304 69 91 226 52 305 129
94 88 197 43 105 164 129 81 198 78 156 237 250 226 103 45 129 96 178 143
142 254 62 9 9 238 228 118 108 118 99 212 238 330 275 89 39 258 33 44
123 280 203 305 15 28 231 39 116 205 266 233 198 28 201 170 274 290 173 108
164 201 178 283 89 309 52 80 250 120 314 200 29 126 58 127 51 204 308 12
251 30 175 299 49 233 310 181 57 106 201 174 262 175 223 172 12 310 219 129
282 170 107 217 10 230 26 308 329 112 254 153 72 168 138 32 95 51 322 289
78 147 119 193 283 329 95 236 143 180 237 315 268 327 267 240 228 46 148 16
195 329 189 166 271 283 286 220 312 188 77 278 224 217 211 323 134 185 56 97
87 298 294 133 83 90 217 23 247 189 291 196 57 116 325 39 163 117 282 319
45 208 75 7 95 164 173 120 169 183 280 300 130 65 259 142 175 292 79 205
180 212 159 282 149 202 52 173 330 247 323 221 205 249 98 175 210 7 64 121
207 62 301 134 184 89 292 266 115 62 305 199 271 316 31 330 256 327 163 220
177 12 294 65 152 195 7 189 45 46 24 176 22 283 170 306 227 74 329 128
317 11 288 290 328 293 244 64 297 130 295 30 249 99 272 327 323 218 258 52
296 261 259 148 141 300 72 264 93 157 248 108 23 318 245 237 327 257 13 296
250 184 225 184 135 86 270 80 300 156 19 93 312 129 70 202 92 218 290 226
96 190 195 104 181 329 285 36 237 242 89 320 254 286 236 83 150 142 317 229
91 192 283 121 290 319 38 271 110 235 107 43 14 82 162 286 29 126 269 239
96 36 245 93 92 52 188 9 208 113 299 203 202 158 153 329 233 312 20 318
30 247 155 10 264 75 269 106 79 93 273 79 317 277 227 206 108 19 60 241
10000000 10000000 10000000 10000000 10000000 10000000 10000000 10000000 10000000 10000000 10000000 10000000 10000000 10000000 10000000 10000000 10000000 10000000 10000000 10000000
47 45 51 42 263 20 308 301 121 253 188 277 282 78 34 312 162 236 289 97
45 284 95 126 239 190 77 54 48 20 306 285 308 26 95 303 172 43 157 308
20 86 221 140 161 154 86 266 74 299 217 173 180 95 263 243 136 56 240 55
267 127 169 278 154 57 219 86 242 277 217 170 243 191 88 11 153 130 169 177
246 193 191 101 295 255 302 283 143 157 298 225 138 295 200 101 229 175 231 120
162 74 304 143 98 65 232 309 327 99 104 59 95 80 9 135 238 321 115 111
172 37 260 210 150 121 56 139 153 49 36 61 128 188 34 43 33 90 77 189
81 45 233 118 132 162 77 305 149 57 134 112 239 26 80 70 253 263 302 46
29 126 288 322 330 19 286 165 153 205 234 286 144 198 190 81 226 113 43 51
28 119 275 51 155 47 106 121 277 240 79 251 194 51 271 96 139 88 152 92
264 89 281 275 279 37 227 25 323 276 140 147 36 296 265 234 292 171 277 121
298 286 17 285 175 127 132 79 327 45 19 233 35 69 285 83 236 73 301 302
294 237 117 139 53 187 143 293 39 305 48 71 97 145 34 319 20 132 240 84
46 94 172 244 213 143 233 118 122 145 309 191 156 80 63 90 189 76 157 118
162 174 296 266 95 92 64 250 161 41 120 287 250 117 23 39 147 303 135 31
318 331 60 88 300 113 218 234 14 98 125 75 210 155 125 230 324 308 138 250
139 210 308 297 293 300 220 36 57 259 180 159 257 79 163 115 62 153 247 176
141 114 267 239 140 187 330 247 313 306 68 194 171 77 241 315 228 106 199 275
234 53 258 250 150 288 59 125 308 170 107 150 326 317 185 25 34 138 191 32
166 219 294 110 48 14 65 104 153 53 118 14 248 316 313 314 180 220 196 89
225 315 260 232 308 199 49 252 66 28 239 98 234 196 50 192 282 89 174 23
210 214 70 147 330 57 252 177 275 257 267 104 281 140 216 93 239 325 298 194
180 152 54 147 294 109 295 309 18 65 161 32 297 92 275 191 43 306 210 231
92 128 153 119 213 298 206 282 277 214 258 160 113 249 214 265 175 52 228 256
52 174 95 106 284 248 312 91 38 323 204 150 299 219 285 156 38 302 58 45
204 33 129 148 319 253 54 123 226 220 168 320 45 38 82 287 69 36 119 71
292 152 66 264 59 165 308 137 67 121 44 12 59 141 299 144 269 329 249 9
9 134 204 261 246 190 134 303 184 217 247 215 71 240 27 266 212 17 189 127
186 73 44 230 164 84 32 330 320 209 213 169 38 46 79 160 203 63 306 145
181 150 137 223 307 169 58 177 96 206 38 203 58 137 65 311 174 250 93 64
222 277 61 151 216 37 155 177 112 115 149 218 96 60 93 49 269 248 92 83
44 206 119 208 204 120 262 178 219 35 67 94 159 128 185 201 115 241 193 125
318 186 115 189 127 63 252 58 235 327 212 273 267 122 24 47 141 9 234 102
26 176 59 178 109 139 71 89 32 223 134 242 202 59 192 303 103 87 143 247
295 314 71 248 41 206 124 175 184 299 103 120 136 177 167 105 69 67 8 182
246 157 314 36 249 79 176 287 219 31 80 23 226 299 221 289 7 29 55 280
327 239 144 192 25 242 255 313 256 310 68 281 85 228 190 8 184 236 300 82
248 161 108 243 49 294 178 15 195 200 27 311 231 327 115 256 207 165 37 127
310 280 62 111 150 147 327 318 185 116 60 63 54 288 303 230 303 164 163 172
173 172 190 125 197 223 75 169 180 63 62 47 40 304 166 184 219 7 125 233
248 38 147 150 114 267 118 144 302 153 284 160 132 22 95 199 78 231 311 222
11 94 147 53 164 26 45 38 68 209 163 59 319 307 33 148 182 17 68 91
304 36 79 188 309 55 197 106 182 207 156 164 116 77 71 29 108 45 17 263
301 280 263 160 117 287 104 181 45 201 323 100 322 109 248 222 196 279 238 201
10000000 10000000 10000000 10000000 10000000 10000000 10000000 10000000 10000000 10000000 10000000 10000000 10000000 10000000 10000000 10000000 10000000 10000000 10000000 10000000
129 282 217 325 265 296 227 322 220 214 137 42 226 86 95 86 116 22 158 129
198 274 88 325 322 167 47 179 293 60 87 175 179 176 281 21 239 137 244 326
154 161 31 211 155 197 267 193 71 273 123 236 158 74 248 252 88 238 8 283
319 256 174 189 328 85 292 167 113 101 320 169 86 36 108 317 105 40 263 64
167 106 219 32 94 38 201 86 299 190 297 196 310 51 139 233 64 300 268 216
121 316 153 90 131 222 259 190 222 60 238 168 113 121 75 78 17 34 268 319
82 13 175 33 154 173 327 327 209 132 320 54 243 178 261 299 304 30 312 133
271 98 77 186 288 96 178 83 217 190 319 255 261 265 157 319 304 279 64 154
261 11 238 258 297 42 296 149 155 10 236 76 21 178 128 278 130 243 244 305
153 111 316 282 31 233 146 69 201 40 325 51 34 59 118 285 165 251 222 320
214 76 96 152 104 137 276 318 107 280 196 78 240 259 177 240 82 285 316 61
30 281 293 121 284 319 128 149 32 161 288 324 326 291 76 52 178 7 182 149
79 121 26 102 264 87 147 107 122 146 197 51 26 281 248 141 47 283 125 315
56 149 245 152 66 255 213 192 32 23 213 287 170 310 203 276 108 86 302 141
320 192 310 274 114 119 42 204 130 224 284 216 157 178 29 279 164 234 75 18
219 137 132 203 129 150 243 272 48 52 181 43 21 8 81 199 81 303 307 152
12 16 15 293 230 180 32 133 30 207 281 155 17 50 92 21 221 126 83 91
223 292 255 267 85 269 204 227 257 131 317 7 111 103 295 124 115 191 200 61
270 119 21 21 246 145 164 183 258 285 330 115 32 201 172 285 276 140 161 169
308 252 313 265 133 152 235 202 72 142 106 41 176 12 47 127 118 239 78 69
317 228 201 207 30 221 11 252 163 265 64 64 189 151 44 49 142 162 87 126
150 84 254 123 323 162 240 23 180 315 215 214 198 111 17 30 37 140 287 79
201 327 288 111 10 245 216 66 90 325 22 216 78 250 147 113 155 103 54 52
70 152 33 231 76 269 305 30 131 57 298 266 105 151 126 264 278 180 49 191
182 111 211 183 286 297 130 98 65 247 26 43 300 33 254 170 82 174 198 91
153 19 325 92 265 301 188 31 195 114 142 269 251 261 67 258 177 233 56 245
246 147 323 248 324 99 99 278 222 180 106 318 68 66 67 177 213 21 175 172
197 96 277 119 286 289 236 172 240 154 215 138 153 103 82 167 58 158 28 226
302 178 122 234 174 45 292 207 295 196 241 187 43 270 133 78 138 92 202 69
291 73 296 58 212 272 210 121 159 203 52 209 316 141 52 283 193 297 80 169
125 204 318 22 154 301 236 295 166 270 98 115 223 52 142 211 153 68 244 193
306 186 176 272 252 316 165 233 324 295 49 89 75 24 232 240 64 62 218 259
287 236 42 140 63 243 98 51 171 295 185 104 273 108 171 200 99 309 13 8
297 304 43 322 144 14 283 232 247 70 160 28 92 296 175 239 124 114 62 204
288 314 10 308 286 276 257 150 315 40 250 148 298 223 222 311 110 287 155 44
247 26 181 154 12 293 9 145 311 9 144 290 288 291 208 173 157 192 176 316
50 66 309 277 129 137 113 107 157 201 275 243 301 207 44 229 8 164 298 249
91 135 285 199 28 92 121 257 297 257 203 167 21 44 256 272 79 155 129 174
218 110 120 309 201 268 232 38 59 175 278 61 244 182 74 125 182 190 285 223
95 274 95 102 98 23 189 281 304 212 144 300 254 287 44 205 312 286 328 117
29 163 331 61 116 153 138 108 236 186 70 244 107 327 12 18 246 28 15 133
7 106 279 269 47 83 190 215 96 324 32 206 59 231 311 241 26 75 148 245
201 31 190 323 188 261 298 250 320 61 33 275 319 118 266 211 16 229 177 143
117 120 58 60 180 33 259 20 41 238 65 120 94 22 34 94 10 14 180 143
10000000 10000000 10000000 10000000 10000000 10000000 10000000 10000000 10000000 10000000 10000000 10000000 10000000 10000000 10000000 10000000 10000000 10000000 10000000 10000000
232 125 319 211 136 128 250 89 134 162 41 283 308 53 232 310 175 268 290 285
108 238 200 262 103 176 233 214 325 210 112 295 275 290 141 294 116 19 190 26
246 232 159 248 20 77 294 287 193 241 14 219 211 160 234 125 184 56 179 306
69 247 293 27 281 19 161 187 9 329 36 187 102 183 151 66 61 46 270 81
320 167 300 241 119 166 212 164 277 219 146 271 222 154 152 232 30 11 266 54
311 136 248 228 189 88 197 142 141 9 172 48 89 181 115 148 144 130 145 40
27 269 23 262 221 190 265 96 87 201 305 275 9 313 245 84 193 31 85 93
134 284 27 35 268 156 109 174 257 232 307 113 232 251 290 50 185 266 46 229
224 254 259 108 141 18 109 142 155 146 234 93 28 116 157 50 89 175 282 169
80 231 213 99 173 168 189 41 195 233 280 215 68 89 25 282 295 72 227 84
242 54 90 217 129 67 174 158 141 157 50 330 81 264 168 200 78 65 30 159
230 21 16 67 17 20 107 12 326 183 196 116 73 107 209 295 194 17 252 159
230 274 53 316 203 261 298 311 99 119 39 194 172 140 187 267 242 242 200 216
328 270 289 181 222 44 301 88 273 174 32 128 116 272 222 331 112 121 68 13
165 62 62 157 289 263 125 237 87 193 184 294 85 209 84 137 73 280 254 109
322 286 89 198 157 279 52 73 149 283 15 183 228 120 54 88 256 88 130 51
308 201 23 283 203 147 167 28 134 203 324 243 164 129 180 291 100 241 225 254
73 9 93 125 252 291 47 158 30 230 237 69 182 65 50 280 207 260 147 274
186 144 234 223 288 301 72 125 105 217 85 46 232 142 135 198 18 81 236 301
320 24 179 254 277 327 222 105 73 307 290 59 297 287 178 237 103 118 188 180
290 303 102 235 95 24 119 172 263 87 248 292 35 112 129 29 52 134 104 122
221 206 246 48 106 108 234 114 47 139 54 318 24 45 95 151 130 19 50 88
108 193 198 91 245 140 27 28 16 27 133 150 190 270 176 41 66 99 329 133
54 293 298 73 120 164 46 85 45 32 69 259 313 249 80 329 325 148 275 274
20 81 293 118 323 44 111 81 184 199 49 225 116 229 139 251 259 155 288 26
74 240 31 39 128 173 327 88 211 209 268 158 281 141 121 197 23 131 307 147
101 153 185 220 197 317 137 308 15 292 91 33 101 320 92 26 244 278 176 281
325 291 170 306 296 118 110 165 329 72 314 153 30 27 244 160 111 136 95 33
149 25 151 100 42 83 311 153 137 231 272 89 98 23 217 142 114 155 232 201
183 106 296 241 269 312 176 144 18 207 141 124 110 82 271 221 212 62 96 9
48 228 244 176 154 246 325 12 224 192 297 9 30 141 109 178 39 304 275 177
33 308 47 248 8 67 317 199 112 325 157 193 288 58 280 288 235 217 10 188
144 323 285 232 88 193 68 266 113 260 292 238 312 12 149 244 230 160 190 327
282 271 40 205 295 30 240 162 226 187 284 204 160 160 235 267 318 166 296 228
215 12 79 116 67 21 51 301 149 109 51 235 60 167 110 272 102 176 183 185
193 264 272 226 31 198 239 227 256 308 265 30 177 65 154 44 222 75 331 165
243 64 159 165 276 322 160 43 201 284 43 241 131 32 179 166 223 52 162 76
191 191 116 42 57 120 184 134 24 91 239 67 284 83 241 43 309 59 245 138
239 180 67 248 89 229 256 39 42 145 264 86 38 154 313 106 22 199 330 301
170 215 195 34 85 280 326 87 63 155 120 150 9 51 80 79 153 126 190 32
226 308 317 249 177 142 35 216 126 280 228 162 226 298 66 163 253 47 50 204
305 184 48 273 230 236 175 180 234 310 157 154 289 138 110 95 91 103 89 179
204 253 92 262 194 209 11 137 295 281 99 299 279 163 279 62 239 93 182 42
238 78 271 83 134 74 157 269 265 203 170 208 281 63 174 91 250 278 129 207
10000000 10000000 10000000 10000000 10000000 10000000 10000000 10000000 10000000 10000000 10000000 10000000 10000000 10000000 10000000 10000000 10000000 10000000 10000000 10000000
58 287 262 165 31 281 296 235 69 129 311 286 182 99 32 195 101 82 227 40
273 254 320 190 51 10 117 160 48 297 20 7 264 24 197 247 216 292 42 321
169 178 161 152 129 105 117 293 148 43 121 235 63 251 297 40 292 175 71 320
125 65 137 201 190 103 113 212 255 187 19 247 251 23 282 161 24 217 90 91
294 124 167 253 43 13 92 151 84 258 204 43 71 40 23 267 34 103 166 43
45 221 63 16 221 37 163 136 70 304 26 199 301 191 271 256 168 104 28 127
124 16 152 284 253 241 41 142 279 170 110 176 131 58 247 254 197 177 88 126
86 182 305 173 243 209 143 209 130 317 32 9 256 23 318 321 260 259 301 45
245 47 328 180 195 41 15 84 230 168 17 65 88 203 196 164 62 88 267 209
53 87 77 102 52 278 175 144 108 126 12 10 36 232 315 235 62 47 195 139
38 249 312 107 38 204 297 155 221 252 275 298 188 13 206 39 134 214 41 290
265 257 27 46 138 194 90 190 22 230 52 328 163 229 200 127 138 111 24 135
142 55 330 44 177 110 103 127 25 234 285 273 291 84 90 74 271 211 191 31
234 18 265 243 192 292 72 178 141 167 181 244 177 221 227 207 78 195 107 257
243 38 118 322 282 194 162 256 27 102 291 251 271 328 209 91 134 44 210 286
229 251 95 311 71 58 136 282 100 88 197 248 276 18 107 104 147 174 55 96
169 90 213 331 209 278 292 159 316 175 326 153 265 18 153 227 261 90 196 33
174 115 108 10 299 276 92 168 218 110 204 42 21 238 281 89 239 153 166 51
262 62 221 25 110 156 177 54 286 45 14 44 215 86 130 310 284 92 284 151
13 286 219 30 225 212 51 98 27 28 267 223 105 208 214 122 324 40 40 161
135 238 289 286 285 66 142 270 108 196 282 95 140 85 124 268 17 156 221 128
48 253 46 135 149 60 89 230 202 182 297 167 280 125 187 198 290 285 278 182
328 115 56 67 272 158 189 296 179 330 326 57 102 296 319 103 128 77 52 236
311 22 199 231 276 331 175 35 47 254 276 203 278 246 322 108 289 16 149 204
130 90 70 73 165 109 288 79 211 307 94 138 9 169 16 122 217 15 264 289
101 51 70 227 21 49 308 77 323 302 268 309 283 105 314 310 323 162 115 136
192 160 297 222 153 313 178 208 261 275 239 65 259 182 258 216 130 295 288 69
165 30 118 158 25 31 247 42 11 181 266 50 163 58 277 126 190 150 316 290
313 62 203 29 318 317 72 272 145 323 126 153 277 282 38 117 215 248 321 39
61 249 204 29 65 300 26 94 255 114 152 169 124 133 272 76 61 55 175 48
40 326 148 176 61 83 70 112 187 55 209 321 166 292 159 9 61 52 196 153
93 266 39 151 108 127 285 121 223 48 210 298 237 136 75 7 89 156 41 193
282 130 293 135 219 182 126 319 255 198 289 213 9 49 315 109 139 142 159 65
316 163 119 174 179 124 91 61 185 253 133 92 122 115 291 58 250 49 258 268
202 314 254 74 188 27 314 197 87 315 97 190 38 100 22 170 323 218 234 111
23 264 210 288 149 237 156 96 179 56 231 331 312 115 65 122 182 285 71 35
206 58 30 169 246 86 9 47 7 205 65 164 223 297 10 38 152 290 265 100
288 268 160 268 295 314 294 66 258 73 217 223 98 209 206 61 8 162 126 114
160 118 266 130 310 301 228 283 44 7 10 236 37 223 209 261 14 26 154 152
247 170 161 131 110 189 107 323 242 20 186 195 17 224 71 269 330 312 130 159
22 290 63 249 33 215 214 153 82 298 20 131 286 318 97 239 238 273 298 47
210 73 75 39 231 262 81 130 40 251 230 177 97 247 212 255 103 117 79 39
270 183 119 330 111 159 290 217 19 70 98 227 267 19 178 50 169 299 263 256
200 237 172 293 198 292 123 132 40 245 33 320 140 163 7 195 20 160 309 80
10000000 10000000 10000000 10000000 10000000 10000000 10000000 10000000 10000000 10000000 10000000 10000000 10000000 10000000 10000000 10000000 10000000 10000000 10000000 10000000
22 318 19 316 31 92 144 166 54 109 236 250 151 119 294 189 211 126 313 250
199 123 60 256 306 110 160 191 52 279 26 133 9 52 226 233 93 318 177 253
111 82 27 317 33 311 23 58 206 303 306 78 139 28 79 140 261 244 50 226
230 316 308 189 257 89 246 50 325 225 68 215 204 301 48 220 22 69 135 199
268 301 190 91 278 151 270 303 135 308 292 276 120 130 64 290 187 243 257 257
260 123 34 214 320 257 323 318 276 260 159 250 161 99 225 32 170 71 70 151
207 264 195 70 7 205 95 199 179 60 181 146 134 85 226 121 37 236 23 92
315 275 198 57 250 275 78 156 40 326 157 311 215 235 127 177 158 104 56 127
323 287 269 255 151 176 132 274 66 129 63 110 303 124 312 226 109 143 107 33
214 78 13 75 27 188 61 237 169 233 278 23 305 161 24 298 39 293 123 135
293 193 325 222 285 8 114 325 89 116 92 65 96 278 276 81 42 194 239 263
195 46 61 330 115 162 16 162 181 288 158 102 101 190 109 296 88 126 263 131
138 155 115 199 159 199 243 328 218 188 237 243 207 316 81 299 327 285 175 42
233 199 59 210 227 87 293 70 53 96 40 245 169 159 217 312 75 19 88 272
127 38 299 150 137 54 148 156 68 184 295 164 135 15 11 212 257 127 165 134
240 118 143 71 237 290 112 269 110 20 117 194 223 7 185 120 236 77 263 270
165 21 229 175 191 221 156 307 34 98 137 208 173 152 247 109 214 306 219 260
208 127 166 112 99 79 34 49 184 207 69 9 281 74 21 255 52 49 97 291
137 259 194 30 312 176 211 121 179 281 224 310 278 272 318 62 137 65 86 113
258 103 317 159 212 135 277 122 139 193 147 248 207 220 191 283 293 244 253 315
131 284 287 237 137 251 143 304 285 52 12 181 110 23 98 318 204 14 17 174
201 63 206 278 46 77 22 313 124 200 316 46 233 316 90 274 232 104 206 55
170 55 296 147 8 148 290 146 84 97 140 289 329 32 11 194 289 89 100 278
304 266 174 26 89 306 89 331 217 64 95 287 222 154 169 128 272 195 12 204
281 138 134 76 93 179 143 20 97 133 260 184 280 261 23 275 80 76 89 319
194 66 74 173 75 158 36 62 86 95 319 160 300 113 17 310 119 229 91 291
104 46 310 20 162 71 72 31 137 137 150 154 258 30 172 125 60 127 230 251
153 155 294 311 261 313 219 112 39 187 101 200 317 293 208 224 9 223 229 190
256 291 146 302 280 183 232 9 190 87 196 119 301 115 237 271 313 61 229 93
257 314 241 120 139 30 180 321 19 61 38 122 174 235 278 268 142 14 32 296
229 201 23 194 7 28 211 248 218 38 183 148 207 111 97 325 245 209 330 300
136 108 294 243 188 277 51 209 163 193 278 150 224 251 89 297 8 256 195 209
157 10 287 234 305 174 191 115 186 101 102 312 59 80 199 217 61 264 138 294
269 85 288 242 298 59 158 121 121 222 325 49 108 172 186 92 140 221 130 191
123 213 285 22 167 199 215 227 251 263 323 32 43 62 290 106 262 36 37 132
67 245 238 89 120 283 254 219 165 272 216 292 234 142 270 118 127 198 175 255
253 146 235 114 58 300 211 215 168 13 93 112 310 60 55 31 193 150 303 149
326 83 90 138 132 86 317 324 123 239 145 156 56 229 49 17 158 170 49 226
187 135 215 211 96 264 135 268 286 16 266 200 206 105 141 184 101 118 189 256
64 133 326 304 271 286 326 150 150 50 299 254 193 23 239 287 213 210 125 11
326 185 304 179 219 294 53 188 10 174 266 160 317 58 296 11 268 127 82 101
9 217 75 83 314 191 236 174 321 122 313 305 95 156 14 14 92 256 25 228
156 29 206 70 184 78 305 261 249 48 171 98 106 102 303 92 36 129 330 48
306 17 303 152 111 209 319 192 69 182 165 297 188 283 149 303 127 150 158 193
10000000 10000000 10000000 10000000 10000000 10000000 10000000 10000000 10000000 10000000 10000000 10000000 10000000 10000000 10000000 10000000 10000000 10000000 10000000 10000000
287 211 35 276 84 14 293 57 116 25 179 217 264 241 190 217 65 62 273 61
224 274 302 40 7 224 51 246 156 163 307 284 31 310 129 210 173 134 247 292
51 313 186 11 107 296 206 157 143 7 173 145 27 118 234 95 151 10 180 26
58 191 212 57 57 270 234 238 207 143 225 32 223 46 203 247 245 76 175 246
81 252 253 131 143 311 84 176 233 259 301 331 106 189 150 68 315 132 143 163
282 206 176 62 15 67 266 110 200 129 81 84 306 316 182 57 51 160 240 173
85 119 117 80 110 100 262 237 151 139 42 63 259 211 60 295 150 215 117 38
281 80 222 180 127 237 68 317 178 224 8 264 260 143 297 289 56 16 156 130
128 297 117 238 10 222 121 262 259 315 211 232 273 232 312 90 177 40 235 37
45 42 51 139 305 153 179 158 206 116 30 9 208 201 279 16 252 36 92 213
242 31 164 124 107 16 37 181 109 26 75 253 163 204 281 139 108 171 169 139
187 168 63 181 98 174 149 179 164 35 183 195 72 43 278 102 64 89 300 125
137 50 236 260 319 8 38 301 53 207 148 279 312 254 55 37 263 210 262 13
245 150 60 11 302 36 117 60 113 132 215 203 177 210 43 219 315 130 217 18
323 7 325 60 222 185 17 293 87 119 106 290 163 72 77 26 72 126 323 150
271 87 321 211 74 327 63 34 156 288 324 79 121 105 8 25 315 85 132 162
39 314 157 278 140 325 57 190 148 283 143 217 56 273 96 152 77 21 194 27
166 289 13 167 198 93 164 95 43 145 284 118 218 90 13 177 224 94 146 237
311 214 122 90 259 201 220 53 177 259 259 182 79 111 13 270 293 303 27 54
153 184 98 175 190 279 294 291 40 194 13 195 29 254 272 55 146 80 169 119
217 43 205 37 275 183 8 94 85 190 155 22 167 284 277 273 80 218 38 92
282 38 330 233 280 64 216 80 188 247 61 121 44 37 127 54 265 75 312 289
21 161 135 104 212 322 14 299 272 308 274 69 161 141 251 90 262 185 297 72
70 67 88 187 268 18 26 242 331 290 248 80 134 74 325 316 210 233 270 137
289 227 249 95 286 45 311 221 300 226 59 116 199 75 203 331 96 219 13 35
197 221 270 204 286 164 84 254 28 236 187 119 172 37 310 255 112 297 24 285
176 24 87 89 135 198 223 131 164 301 157 223 294 327 116 155 145 25 51 233
14 29 247 151 33 30 302 262 141 58 274 70 109 90 53 52 228 57 125 79
160 326 180 157 102 182 73 328 112 154 89 252 210 321 192 56 301 309 81 200
24 242 91 108 141 248 263 227 278 183 145 103 250 146 329 221 134 142 236 127
231 45 252 257 179 77 26 242 196 86 273 204 44 106 246 205 36 115 54 256
168 61 225 235 21 20 100 139 186 255 237 180 136 264 131 242 328 192 204 294
220 7 303 70 324 123 175 174 219 146 116 276 287 116 322 130 286 105 324 23
174 276 125 224 94 241 154 139 149 258 201 250 232 28 25 287 287 46 255 189
10 142 312 142 264 327 141 258 154 185 72 77 31 22 152 140 35 233 196 11
314 164 28 233 38 157 329 298 298 154 47 68 124 26 169 217 115 161 313 18
219 47 149 312 159 251 82 158 192 298 87 272 106 321 106 287 217 260 320 322
145 123 140 146 309 148 102 218 303 173 54 52 301 68 56 209 129 102 280 191
71 118 86 19 262 138 269 12 309 105 57 275 57 86 267 162 71 212 249 162
294 123 52 312 53 51 16 154 86 91 83 80 22 189 301 310 140 314 142 309
204 232 264 194 243 66 193 113 310 97 253 50 91 181 55 289 197 20 270 25
133 215 76 281 331 79 325 70 31 136 219 218 19 129 232 134 256 139 260 87
15 117 161 64 311 100 43 257 272 182 159 211 288 126 190 132 228 37 154 56
208 245 274 170 29 46 136 80 21 155 320 152 310 256 22 72 14 296 111 289
10000000 10000000 10000000 10000000 10000000 10000000 10000000 10000000 10000000 10000000 10000000 10000000 10000000 10000000 10000000 10000000 10000000 10000000 10000000 10000000
302 228 231 200 195 54 233 238 133 116 247 285 251 153 166 72 153 312 307 172
277 200 271 126 95 219 88 197 32 214 54 320 327 230 136 223 54 134 309 118
294 114 229 85 187 151 82 156 304 232 236 148 16 290 183 25 88 106 190 151
178 181 122 196 182 270 10 26 168 77 21 324 254 148 37 110 120 256 67 40
249 209 264 72 182 76 308 227 316 75 152 245 188 263 273 47 146 12 134 17
42 124 130 199 58 22 208 170 316 285 225 160 151 120 258 55 273 279 170 93
100 265 54 43 86 273 154 74 277 55 192 175 23 67 331 153 260 13 61 223
191 53 76 266 104 295 78 196 310 259 296 216 126 327 191 194 329 159 240 280
190 312 125 142 63 250 108 89 226 256 145 65 49 61 330 35 276 149 130 325
106 191 65 303 213 48 221 179 180 185 308 289 109 63 260 297 266 43 93 128
52 94 304 249 293 183 124 92 122 268 35 191 177 223 265 11 22 277 229 33
167 114 99 283 311 269 279 259 102 19 139 271 84 49 36 70 49 174 211 121
18 78 304 90 271 273 222 195 138 202 68 207 117 61 266 206 331 214 166 153
49 71 56 198 245 304 109 249 62 127 146 276 135 40 40 127 218 120 26 199
149 282 276 251 200 48 139 196 133 311 30 228 272 314 183 202 238 43 210 40
201 144 30 240 239 322 117 185 161 192 107 92 117 55 142 201 65 260 280 198
164 197 154 177 54 13 270 76 290 213 121 73 202 102 193 313 236 211 66 113
251 159 194 155 211 230 312 210 224 321 125 147 141 27 271 162 27 204 73 216
214 168 58 34 26 219 308 316 248 254 284 95 139 93 202 79 275 24 232 49
124 267 246 211 282 249 148 94 104 61 12 32 324 288 18 70 116 329 103 284
160 252 185 28 271 305 77 234 58 168 238 115 280 295 227 25 68 209 187 181
107 319 329 80 246 118 238 281 264 158 28 265 219 48 268 245 163 25 296 176
121 53 313 301 109 179 194 40 88 206 229 257 229 81 263 207 270 326 178 111
241 189 17 95 138 100 64 195 153 132 28 48 301 78 243 155 127 299 261 135
297 181 131 257 54 140 159 218 273 29 194 15 290 230 321 10 90 30 68 7
50 285 280 228 15 40 160 243 106 279 78 45 60 280 36 127 120 236 233 62
253 292 207 151 159 120 70 142 125 319 190 327 142 201 147 28 294 320 8 236
297 131 287 217 93 303 18 329 7 163 112 149 105 209 238 172 264 32 68 125
158 322 255 90 20 273 164 33 280 233 105 46 36 296 277 21 12 120 306 293
63 55 17 35 19 183 314 186 245 264 283 278 284 212 245 214 191 312 76 232
90 223 160 203 124 262 8 311 280 193 111 244 234 100 143 113 56 110 80 229
180 53 282 57 304 154 252 49 88 88 280 76 243 331 254 198 274 89 123 26
81 328 324 278 249 220 21 136 39 306 120 213 121 305 297 329 83 8 233 141
289 311 81 184 75 29 299 179 9 289 261 258 149 90 320 187 61 205 186 72
185 137 110 205 147 27 175 241 200 275 31 196 198 245 197 163 60 244 151 257
126 289 190 259 134 94 326 22 11 27 227 125 322 287 319 55 213 256 144 163
19 215 139 73 246 30 228 54 128 209 235 321 273 191 59 14 199 104 70 105
169 197 100 165 259 84 329 91 71 117 11 201 38 99 50 240 16 105 37 29
230 32 170 280 44 69 96 62 297 170 60 72 76 20 239 85 282 215 238 228
167 226 249 78 97 13 260 22 175 112 209 33 152 155 67 131 72 152 217 136
244 321 204 172 269 294 156 137 52 45 278 51 84 224 331 180 242 274 231 320
164 207 232 148 255 248 152 23 23 114 252 196 118 48 181 94 277 185 195 202
119 22 17 261 178 49 96 298 206 115 213 97 88 258 182 109 297 237 207 133
323 111 186 133 152 165 113 260 140 203 136 226 304 103 170 124 150 144 228 88
10000000 10000000 10000000 10000000 10000000 10000000 10000000 10000000 10000000 10000000 10000000 10000000 10000000 10000000 10000000 10000000 10000000 10000000 10000000 10000000
226 135 105 116 238 69 222 141 290 316 87 172 294 187 212 28 179 100 97 21
64 88 319 277 241 103 36 125 84 321 255 152 170 244 225 83 207 299 103 96
158 106 56 289 110 87 270 170 229 190 225 240 156 237 159 145 155 141 53 281
48 121 263 245 108 65 144 153 328 185 173 327 238 288 54 131 124 262 308 62
78 25 314 236 286 295 186 16 209 322 151 26 59 32 320 246 11 125 30 8
301 131 222 120 154 243 222 123 197 138 250 35 103 208 187 219 160 120 320 125
62 278 28 73 137 26 235 233 90 250 260 213 138 59 185 123 290 206 29 215
150 290 146 183 52 265 182 171 283 307 189 49 77 231 85 293 176 142 199 75
35 266 11 86 311 237 171 152 197 45 204 284 193 213 230 70 11 308 94 56
84 19 233 201 226 282 276 225 110 318 67 62 8 243 161 30 187 243 289 286
329 287 250 206 263 261 62 161 82 54 115 15 202 161 253 41 47 330 92 277
295 218 217 274 192 221 29 42 293 269 170 249 94 323 330 201 90 88 98 160
198 93 152 94 195 262 212 85 177 197 34 116 105 123 88 104 144 113 104 99
152 207 264 232 227 99 330 166 330 165 79 281 133 266 202 241 221 40 21 51
179 232 99 127 189 197 17 253 294 330 206 210 107 100 62 154 174 90 304 8
233 56 237 232 103 223 240 172 12 87 118 49 279 186 45 58 191 26 316 89
256 137 317 307 34 203 291 100 59 188 307 54 104 44 25 165 116 265 328 98
325 87 260 208 102 312 61 177 151 283 157 62 291 216 91 328 242 162 294 53
286 269 223 73 164 99 232 180 171 182 58 182 278 127 78 151 29 314 104 201
59 139 25 8 176 229 180 239 272 158 31 117 68 205 126 230 65 331 326 136
15 260 187 55 112 311 263 258 74 91 19 135 152 212 252 235 60 92 212 215
178 160 330 25 132 261 218 9 262 317 222 279 146 291 268 218 150 64 318 185
152 72 198 176 192 85 295 238 296 286 47 203 264 31 211 268 15 151 208 291
49 118 208 91 200 98 317 221 38 148 311 90 233 30 264 29 321 298 102 290
167 273 273 240 19 261 227 202 151 104 139 178 144 214 71 138 320 129 63 97
57 325 239 39 270 103 326 317 226 46 67 111 268 289 7 205 13 113 95 30
10 104 32 44 78 276 278 266 274 17 85 329 197 163 325 10 27 319 288 202
52 256 136 97 138 161 116 160 71 48 110 252 98 300 115 65 56 96 104 60
61 65 239 304 326 41 216 187 81 242 329 153 104 298 220 54 293 266 101 245
195 261 22 67 41 37 56 235 76 296 67 23 252 22 145 42 128 153 157 86
327 22 211 263 43 173 239 193 63 197 243 218 37 152 157 7 83 77 293 142
167 104 109 134 189 287 69 97 176 299 141 208 139 21 145 300 68 220 294 117
263 297 272 189 86 143 148 325 298 259 213 247 260 156 70 123 49 309 217 327
242 151 252 83 257 160 276 323 152 316 10 222 88 205 328 281 250 141 326 300
231 256 270 179 304 10 23 264 180 91 67 51 58 198 120 51 41 63 244 309
330 84 236 203 228 121 94 331 127 92 330 263 321 150 221 199 30 120 90 32
311 12 255 290 17 242 202 328 221 308 21 260 118 139 151 163 221 276 128 24
278 211 316 95 259 66 41 114 161 293 249 276 18 257 306 175 24 209 219 297
166 245 194 152 208 78 124 195 295 130 7 154 187 174 85 102 308 196 162 238
51 289 222 158 181 14 300 154 15 9 313 42 162 119 188 230 24 278 235 168
133 95 87 135 12 287 20 170 108 307 25 233 135 11 311 213 326 210 111 331
248 37 70 87 160 196 105 196 226 280 233 225 173 220 251 218 229 202 190 54
72 82 242 88 221 55 320 215 304 214 318 312 268 138 13 65 18 185 301 177
79 116 130 75 175 145 100 126 196 86 82 192 24 323 180 58 228 124 196 284
10000000 10000000 10000000 10000000 10000000 10000000 10000000 10000000 10000000 10000000 10000000 10000000 10000000 10000000 10000000 10000000 10000000 10000000 10000000 10000000
266 286 138 160 292 236 291 267 243 147 131 247 49 277 167 103 29 208 192 66
249 40 197 77 281 218 22 39 206 198 63 62 100 214 93 148 286 136 237 291
280 189 145 106 133 272 250 246 39 261 317 201 120 254 38 259 256 245 88 145
8 249 276 121 266 146 299 159 191 266 84 203 172 316 84 160 328 307 272 211
175 23 288 299 117 167 295 71 256 228 179 135 263 52 269 12 216 269 95 133
172 260 274 232 157 76 193 204 296 209 18 100 116 65 246 167 249 138 187 73
330 172 13 24 130 148 99 174 260 74 50 47 42 262 297 237 10 260 31 183
83 194 75 162 81 72 189 104 87 284 157 167 195 143 238 197 107 149 94 145
330 58 241 168 224 15 144 179 229 244 129 37 317 314 60 314 228 117 176 84
198 150 246 252 17 296 292 114 330 329 69 211 328 323 224 232 289 201 256 181
51 143 166 114 176 272 305 290 48 71 174 98 28 255 159 167 34 276 223 305
76 252 210 86 283 9 326 215 329 101 35 261 331 273 98 100 119 313 22 118
126 71 18 161 214 200 210 122 259 37 10 185 31 55 62 185 297 168 160 151
331 218 142 51 201 120 325 49 208 19 305 238 35 27 64 284 223 309 139 297
266 45 60 194 222 54 115 319 263 70 248 103 74 311 13 116 285 155 288 139
137 66 11 71 225 293 145 272 130 207 191 51 108 134 183 24 200 90 22 25
327 193 93 92 267 248 222 148 307 316 120 119 189 158 264 12 281 151 107 185
55 135 108 216 26 8 292 263 116 51 56 125 162 300 244 76 38 83 144 234
257 88 11 49 288 313 34 270 8 130 253 248 129 237 126 107 58 282 57 150
35 196 207 224 53 288 24 113 268 103 72 111 184 100 317 74 173 302 139 298
60 47 120 73 35 165 67 162 256 315 196 292 149 84 211 176 52 324 273 184
89 263 320 288 261 204 82 263 259 107 70 269 153 283 150 22 104 318 180 229
40 300 223 63 28 172 106 81 207 150 145 35 19 293 306 204 317 148 166 236
39 126 9 233 114 88 173 50 117 310 129 257 310 311 47 205 209 224 316 40
212 141 15 309 199 36 107 205 136 218 200 46 114 225 247 9 153 43 290 16
221 201 8 65 101 238 310 265 114 265 329 38 30 152 71 194 252 15 135 237
257 180 264 255 22 162 179 154 208 238 14 59 53 48 146 79 7 206 20 314
60 77 58 26 315 101 12 41 237 17 306 166 278 8 163 179 309 51 101 205
24 59 218 331 311 42 61 109 154 34 20 205 286 132 250 123 291 311 228 75
273 219 312 144 270 13 224 310 190 150 76 104 211 26 120 110 186 290 154 222
41 232 277 280 299 293 298 29 156 174 276 222 330 18 16 43 81 25 179 165
60 50 185 113 240 293 148 141 23 123 117 60 282 52 247 180 180 19 105 171
23 321 238 244 207 79 66 190 251 216 79 285 225 11 59 35 13 72 225 200
197 321 153 280 248 121 145 323 308 235 34 270 167 150 94 43 81 251 183 125
102 173 124 278 50 43 126 271 166 288 206 81 296 54 206 301 217 46 17 47
241 325 261 90 23 256 87 280 210 239 198 104 161 250 227 319 175 321 305 314
315 330 296 189 52 87 193 89 125 72 266 149 97 84 310 38 205 84 183 140
192 279 316 92 306 239 187 225 124 76 20 324 40 57 64 167 223 80 146 221
256 63 110 272 331 251 151 242 117 164 223 51 46 93 251 303 250 10 10 176
106 53 184 208 239 25 150 79 35 22 13 22 135 117 330 89 158 88 242 71
67 251 242 245 278 175 236 14 255 331 39 87 267 215 172 44 263 80 144 292
274 297 150 215 317 251 120 273 15 161 123 55 84 241 50 122 195 86 80 48
104 264 215 95 36 200 99 121 104 56 167 250 159 219 22 131 34 226 47 37
232 91 326 57 72 211 48 126 126 250 78 108 138 237 191 241 329 13 209 225
10000000 10000000 10000000 10000000 10000000 10000000 10000000 10000000 10000000 10000000 10000000 10000000 10000000 10000000 10000000 10000000 10000000 10000000 10000000 10000000
53 157 324 247 191 187 35 21 67 133 51 116 136 180 295 95 305 82 181 9
203 240 117 310 232 263 308 218 207 295 138 197 203 241 310 65 214 61 44 21
187 9 320 33 331 55 209 29 153 130 93 128 254 264 220 23 131 317 115 121
114 327 67 315 202 254 158 319 224 74 206 259 96 213 64 121 250 31 316 255
105 128 69 81 331 293 160 201 162 315 265 132 280 263 88 231 326 8 289 153
97 227 60 170 165 173 179 150 292 98 303 55 205 87 218 115 216 132 178 134
289 21 214 135 293 74 25 25 102 18 319 34 211 25 175 183 114 153 195 105
143 199 155 69 63 59 219 321 293 90 96 178 26 46 153 165 318 84 44 162
228 155 192 293 275 121 103 80 301 145 113 317 255 25 37 203 78 173 145 96
173 197 109 188 244 263 199 285 305 48 255 129 91 326 151 209 254 227 24 57
196 303 197 285 54 25 158 184 59 7 258 194 190 21 262 295 205 116 51 114
154 243 236 297 220 210 178 31 265 157 171 312 78 308 26 19 180 110 38 169
52 9 234 292 27 303 83 182 78 250 120 120 87 236 262 187 21 184 202 106
256 110 236 127 294 222 263 104 87 107 173 114 140 303 95 209 19 265 169 153
131 117 126 155 214 263 287 101 199 145 157 136 84 93 162 308 22 276 132 314
248 54 140 202 166 147 61 47 246 273 173 270 270 135 129 99 258 208 18 151
76 197 159 34 37 237 170 213 87 243 119 267 161 285 122 216 39 244 55 86
145 109 194 331 98 51 86 256 124 188 194 184 116 21 251 85 266 56 55 323
75 185 291 119 165 215 186 192 87 102 325 224 139 134 120 229 204 82 172 309
268 174 331 242 272 164 313 280 241 198 80 297 213 325 92 43 251 207 262 113
218 163 146 123 214 68 284 253 116 165 202 302 188 270 279 18 286 172 315 94
106 104 85 107 254 264 292 207 123 97 74 76 7 305 323 233 283 237 38 172
274 182 55 285 219 166 182 108 305 104 26 89 162 256 94 74 220 215 241 70
179 324 10 123 269 155 70 261 296 157 221 214 143 50 108 208 163 221 255 209
61 216 139 110 161 200 85 266 189 158 228 195 91 81 192 186 329 264 164 256
121 141 162 286 118 290 153 227 266 64 284 275 277 236 307 117 78 234 60 37
116 294 111 287 321 239 289 117 117 131 69 178 45 298 252 197 8 168 71 228
153 144 89 40 9 207 323 11 251 112 169 324 211 312 293 97 183 251 109 204
62 97 17 54 297 300 249 265 130 252 56 210 166 121 247 128 120 265 111 70
281 40 317 225 271 225 67 171 241 79 235 62 12 38 37 178 69 220 311 109
136 164 64 181 20 279 127 142 167 45 273 7 81 229 212 304 42 166 39 236
99 261 200 180 168 143 80 79 26 288 56 74 64 52 151 100 123 86 93 237
172 147 91 168 218 326 260 269 265 119 82 196 138 140 9 162 290 261 289 75
151 173 110 14 234 37 46 164 102 94 69 135 256 204 217 27 317 293 324 317
296 57 86 301 112 213 245 183 11 139 26 243 185 81 211 312 30 100 136 128
315 41 283 293 61 23 326 106 8 229 252 8 227 176 235 197 151 14 150 218
165 253 117 305 72 218 49 176 139 67 330 183 60 330 219 56 106 38 24 35
29 121 52 152 167 91 205 37 145 114 8 153 111 27 179 104 299 260 316 117
324 39 211 194 152 85 182 249 189 209 73 72 317 298 310 123 179 311 144 66
327 157 94 215 26 251 153 56 130 219 163 195 48 7 104 86 122 63 223 34
235 65 164 197 211 55 48 198 292 101 295 301 227 199 183 7 99 148 169 144
266 146 27 160 281 303 122 234 298 256 229 256 281 284 100 67 45 202 293 107
313 214 142 230 144 234 30 30 179 84 15 61 160 122 109 182 321 242 281 130
64 7 218 131 278 269 304 96 33 106 153 303 200 179 301 18 183 115 43 215
10000000 10000000 10000000 10000000 10000000 10000000 10000000 10000000 10000000 10000000 10000000 10000000 10000000 10000000 10000000 10000000 10000000 10000000 10000000 10000000
190 321 35 223 257 303 314 98 31 130 158 28 227 32 103 209 169 305 33 166
327 147 238 265 130 16 107 331 84 42 313 8 128 93 222 117 233 299 203 234
256 54 201 56 221 227 229 85 309 209 259 137 65 104 66 212 42 267 266 264
281 248 119 175 291 165 280 264 198 93 27 325 147 60 224 64 292 114 74 209
65 179 47 141 171 241 316 98 102 304 44 83 201 143 304 154 251 325 274 200
220 227 218 39 67 217 244 117 170 204 36 184 123 245 90 299 215 43 279 288
248 12 255 306 242 168 185 290 232 8 19 54 255 301 208 225 67 330 318 27
126 234 293 296 47 165 211 101 161 233 280 67 169 247 86 38 327 131 310 244
121 194 219 290 81 77 44 293 56 16 180 122 137 119 9 228 22 317 98 48
55 23 58 269 7 290 156 103 186 288 88 215 40 253 329 153 248 216 322 233
34 16 207 248 304 183 232 182 107 87 73 51 147 16 218 174 282 251 89 51
287 112 277 305 226 119 284 34 90 44 325 323 179 138 178 319 82 47 165 291
227 322 277 117 248 199 299 165 179 72 279 62 11 115 247 168 29 69 321 105
65 300 57 228 203 72 252 115 325 105 298 95 279 21 18 219 10 220 101 238
95 167 219 42 77 184 218 192 233 267 102 157 177 313 76 139 115 120 181 313
179 241 87 247 51 157 119 184 89 175 116 40 186 142 331 160 163 141 160 28
250 164 21 274 242 124 204 285 137 236 199 61 154 126 76 21 312 64 324 95
176 104 195 314 325 331 175 59 43 253 156 28 118 300 330 17 130 257 322 128
38 35 166 298 105 257 202 189 237 50 153 82 97 94 180 302 187 73 199 163
107 257 85 92 184 136 263 178 44 234 233 65 80 196 144 289 219 296 197 205
177 212 163 180 81 77 184 208 230 120 279 59 59 65 170 140 295 113 265 233
239 33 212 168 111 21 259 96 260 10 274 129 36 31 29 224 311 73 212 314
124 298 136 240 275 187 145 255 310 237 129 139 162 56 51 161 78 261 22 89
140 170 71 61 10 166 301 150 318 212 32 268 229 284 255 266 260 290 256 135
157 148 295 144 303 237 133 155 48 11 91 269 105 327 181 330 124 166 41 77
292 163 269 227 323 210 73 283 57 243 180 140 119 38 31 220 22 241 210 222
248 211 112 169 222 170 13 177 274 123 67 174 215 119 97 278 283 331 124 230
70 29 28 293 84 217 112 269 271 56 71 65 305 197 192 226 300 34 76 104
183 144 111 182 311 222 71 155 182 325 180 87 67 282 114 309 118 104 54 96
127 229 224 242 159 275 317 291 172 149 188 230 41 146 177 120 245 165 234 289
142 311 266 325 181 52 127 300 113 33 90 25 42 233 19 304 94 319 320 179
218 278 103 104 249 94 284 188 93 319 305 215 177 259 290 100 321 315 199 91
34 94 331 46 140 328 139 126 238 14 72 55 39 40 68 277 88 285 174 317
200 231 86 252 157 129 212 120 131 88 10 236 248 33 202 199 218 85 324 220
175 298 197 24 188 15 195 252 103 304 226 221 54 331 227 196 23 300 249 156
13 242 306 134 256 274 155 151 87 192 45 133 253 261 55 88 202 207 200 328
242 18 12 126 275 103 325 237 127 180 81 312 104 120 228 179 244 185 145 326
246 257 132 189 223 115 249 308 40 177 55 180 293 262 301 212 35 7 292 148
158 169 78 206 20 29 153 268 111 31 43 91 95 97 238 118 286 273 292 138
289 144 170 263 27 38 235 121 324 70 88 12 180 36 125 237 278 291 259 282
277 128 112 40 213 320 164 295 251 161 170 235 20 45 171 119 128 76 81 326
316 33 193 324 132 216 220 296 55 53 10 234 214 70 72 96 277 247 9 155
130 320 220 224 73 67 250 307 310 75 262 81 43 105 309 241 187 101 124 52
33 305 76 271 97 75 54 60 312 36 42 97 320 228 14 232 240 143 292 130
