10000000 10000000 10000000 10000000 10000000
414 315 329 1177 472
1413 1730 1430 1320 1438
1733 1522 1145 1737 446
1494 1215 1806 838 922
506 1123 128 255 218
1450 1153 1467 564 1327
1270 1815 647 1304 831
1374 1285 1394 372 945
333 215 456 1588 181
47 384 1504 1823 627
763 501 1419 586 1690
1589 1354 227 1518 1685
47 1573 822 254 1180
706 1377 471 608 1014
1022 368 1332 167 438
1399 104 831 741 1494
1576 1832 428 1565 246
761 255 101 437 1452
595 1101 1391 208 849
676 776 522 1271 1566
165 1445 1271 1249 678
1808 562 1802 1555 1457
385 927 1178 867 1648
558 1720 479 914 1054
640 596 1657 323 85
838 947 1779 788 112
670 449 1050 1135 953
1113 498 32 504 683
966 860 1736 761 577
218 1359 486 727 40
1241 1625 68 1111 926
919 966 942 142 1547
1798 665 52 494 1543
203 218 1033 603 1658
536 1661 1630 1711 625
351 1221 1583 1529 1590
1598 874 1388 1676 1084
116 1714 413 1220 302
277 1355 1297 758 289
286 1206 481 439 58
756 810 909 159 1364
1026 1721 1343 523 1291
256 351 48 1641 749
1161 960 719 286 1360
1524 742 1342 1645 1266
372 503 1044 987 1762
74 163 830 926 378
1189 351 208 1117 328
1682 1681 1774 1142 1211
1565 52 1777 894 1543
1082 1739 1606 1645 1347
276 358 940 772 504
10000000 10000000 10000000 10000000 10000000
1531 1451 1690 1524 1381
1005 770 1164 1030 1338
595 510 1740 130 665
608 273 561 1239 1040
1012 1828 259 1014 783
343 681 1583 916 932
128 995 999 1569 844
1462 1359 969 711 586
330 593 1505 1239 1593
1213 1419 812 1612 393
1472 782 503 653 1298
58 566 1543 1270 1181
1371 994 479 654 987
931 678 1516 1828 915
1621 740 1605 1269 1612
1788 311 1071 1238 494
410 105 247 329 114
453 556 1690 450 492
305 503 411 1653 170
969 951 1196 445 904
426 1622 1724 707 1752
908 48 1153 1330 295
794 410 815 244 618
473 131 801 1707 679
45 1638 1496 1419 117
1170 211 1697 1265 1151
644 1284 1729 558 37
1400 1206 1399 1724 636
642 578 1324 466 446
1550 47 857 864 203
778 1459 1408 1227 1340
247 260 1601 227 1086
933 529 1328 279 1583
561 671 35 916 683
26 305 343 897 1111
536 1742 632 596 465
1762 796 660 174 206
1262 776 1557 1384 320
851 102 1432 264 202
971 1180 241 1424 1302
1367 1791 337 1269 1504
292 1440 557 247 297
377 532 656 1333 379
491 1020 34 88 174
414 1514 1134 708 1563
646 957 519 645 340
118 1807 305 212 1247
1059 1010 1048 1603 770
131 293 1198 780 316
1683 930 1231 1643 159
307 1813 380 991 255
456 693 71 439 621
10000000 10000000 10000000 10000000 10000000
463 725 1140 1353 1671
872 442 419 685 683
1520 1269 1489 78 616
1386 1448 1173 764 1792
1616 1422 1532 852 501
1102 1220 1459 1210 1290
183 1099 1337 712 1368
688 112 1819 1662 1221
811 1330 846 1505 1401
661 512 247 121 1691
129 1504 28 454 1239
1630 142 571 1244 288
1147 576 435 878 255
1484 1501 693 473 932
1134 55 991 1166 516
815 514 184 622 49
1776 1666 287 1008 1500
1568 1529 1250 844 235
426 1147 1573 683 1143
1067 1431 1407 801 46
565 863 1515 1365 1140
254 1349 1679 1520 1631
1557 1455 1151 842 1644
302 742 417 586 1460
1164 188 165 1710 1556
1134 283 814 1098 41
1732 1192 586 538 1713
619 987 398 909 1193
1322 699 1464 784 904
1584 1117 192 718 431
173 1457 923 1334 1115
409 1376 1011 1569 1202
1748 687 1087 74 1833
391 1713 1577 1777 718
1632 1304 707 1395 257
1754 1016 500 114 327
287 1506 1687 804 926
50 1449 126 912 1771
737 201 1457 537 1295
1029 708 1392 1070 1103
1320 1276 510 1806 1493
1295 1171 1538 452 620
1163 329 1353 42 25
1718 1211 965 583 835
42 377 679 156 224
1064 722 613 494 859
187 1500 1116 1114 791
765 399 81 1530 1236
482 72 1343 1364 1006
1727 1487 46 918 1093
1402 836 728 1170 704
334 753 459 1077 1295
10000000 10000000 10000000 10000000 10000000
162 1829 1701 847 314
1130 700 347 961 1160
313 185 1813 180 1826
288 953 925 161 1813
600 665 1330 951 216
24 447 445 1252 1423
899 1810 1040 1001 1604
792 1243 1517 73 1238
1530 1602 923 1172 1293
63 512 745 1162 1063
1190 874 1480 395 1613
376 1253 1691 471 1211
289 539 860 100 707
825 141 39 1207 141
1579 480 1394 450 345
860 1315 1016 731 1502
539 980 187 294 550
818 452 463 67 849
1717 674 1373 1245 1153
1100 1307 523 430 936
1350 1767 1067 1792 130
267 1295 1455 253 1307
925 959 1215 310 772
842 1012 1603 1681 1329
311 346 205 1148 976
395 437 108 1499 872
640 1227 621 1100 1123
1503 705 553 554 1775
223 149 1600 811 1339
1783 1556 345 118 1046
949 356 1416 367 407
1328 1505 777 98 247
1095 570 1532 139 347
1697 1422 158 670 1671
163 810 267 1778 1715
521 1786 1147 1271 146
1436 102 959 1592 216
1098 962 1327 1602 22
1483 666 196 1090 1003
1387 790 461 1578 1637
988 1121 363 878 599
156 805 473 429 563
95 1768 264 655 111
883 1286 402 571 769
1048 240 1234 86 1493
454 649 198 1795 546
1079 1002 1430 1775 1166
1389 1568 1579 1119 1261
552 1649 109 962 61
1018 324 711 1224 1262
887 593 303 431 259
283 430 197 1346 1721
10000000 10000000 10000000 10000000 10000000
1030 1354 900 1001 1749
1163 1136 1292 660 184
422 399 634 1756 1182
779 1557 1238 221 1806
882 1578 1239 796 105
1537 1163 1528 1794 1560
1708 1701 1311 1316 877
378 459 1413 1802 1039
1223 1696 1476 371 700
1399 1584 63 1199 1631
1335 768 824 130 1798
311 1412 786 1353 301
1809 446 68 1441 748
1808 1804 1246 1518 1573
1347 602 114 516 269
1151 89 837 409 262
1302 1329 959 515 192
1245 1343 379 1226 122
123 791 1596 1067 1141
1647 225 985 234 219
833 1445 1013 846 1549
22 1483 1015 858 1474
136 224 737 194 1109
1317 946 1815 27 863
1289 87 947 128 1244
223 587 1420 1425 1398
402 1425 1801 810 150
1671 1689 568 1127 86
1337 1083 344 656 1253
1635 1205 1309 1110 591
1492 770 1782 1749 137
1073 1293 543 636 1399
717 245 36 274 357
653 1404 1383 796 408
1746 515 114 1479 1481
1764 543 599 1804 1469
374 944 290 206 837
1036 559 1622 1557 542
452 1026 964 1507 1704
684 715 302 1059 1219
240 1646 1628 860 787
1562 1403 973 681 641
1806 1062 1316 1761 384
1457 545 387 323 1418
1345 638 808 1621 1022
1482 646 551 1714 916
1539 1322 354 875 1766
1306 665 1060 82 698
307 1418 242 881 230
1804 1071 809 156 683
245 486 316 868 295
344 486 40 591 1049
10000000 10000000 10000000 10000000 10000000
1069 1530 1664 142 78
1140 1711 763 712 319
300 659 1012 1362 1033
1347 1486 55 952 833
1282 216 829 126 1399
532 1669 505 1263 275
1148 382 1335 1354 952
624 1384 1697 670 1391
1400 1412 450 266 297
1773 858 1661 188 1770
136 1722 1358 123 1709
1692 1364 274 1006 1512
1634 1346 601 1328 1389
1309 1778 386 1661 374
1333 1690 613 1470 573
888 1356 666 108 68
1020 1426 463 154 1104
1056 96 671 201 1663
584 1822 1323 532 1085
1671 964 792 505 1056
255 1811 429 825 751
1216 1166 83 1083 852
743 60 1362 855 1186
258 1330 899 1344 1371
945 1374 496 93 1831
1272 1545 1755 462 1441
722 205 91 289 469
1027 1385 714 852 1270
1553 43 1358 36 1691
142 147 1044 756 1152
499 810 28 1568 257
422 397 1504 1812 184
381 791 816 980 1673
34 153 1040 1028 120
851 1363 267 612 1571
756 47 1033 189 195
598 167 588 1782 601
1227 1782 328 503 621
1412 672 1071 1097 1492
398 290 1123 114 1601
1138 1390 905 1221 1791
651 1737 1750 881 1140
1770 1185 1030 999 1480
275 161 69 1413 373
1573 198 128 676 1430
478 1061 1633 827 882
864 768 1557 379 1631
1172 204 1078 622 1516
1031 801 1589 1503 395
571 552 588 272 971
73 936 665 175 1011
1776 414 1388 245 1065
10000000 10000000 10000000 10000000 10000000
1049 636 829 496 557
1113 213 977 956 120
916 70 248 294 355
1459 1435 698 1443 522
1566 187 72 465 1675
846 1520 198 429 267
501 1198 1824 1201 1045
754 457 427 840 1651
76 516 529 335 787
846 418 194 1452 311
1206 24 1134 325 968
1683 1372 738 337 1716
1069 653 728 938 372
63 1485 880 756 407
1188 47 1256 124 733
1428 1564 183 1505 1419
107 1508 272 681 46
1098 474 1691 259 661
387 1573 338 1258 1034
156 1745 441 538 326
1093 1324 1383 268 1207
1350 1616 394 622 22
941 951 1438 1628 1091
1200 1321 259 355 1766
324 324 760 1122 1215
1274 816 880 1082 1599
524 1120 1583 1423 521
62 1290 1671 1744 770
472 804 186 169 1574
1821 1336 286 517 598
715 177 913 1283 1033
932 699 1455 1813 558
924 1032 414 332 1400
1258 414 647 672 814
910 211 198 1485 78
28 487 742 129 33
1406 1130 86 108 1793
1487 1092 1220 259 1062
1044 94 289 1174 1640
626 317 1021 1774 135
1032 549 383 1079 1044
229 1129 76 440 1566
691 254 1815 1674 896
1397 1634 499 1125 1568
871 1559 1242 218 1216
679 128 603 374 1676
1815 556 646 899 144
570 1805 1813 977 1791
1069 172 1818 614 759
847 734 548 85 1495
1234 480 651 765 1150
650 1551 978 508 506
10000000 10000000 10000000 10000000 10000000
1722 1565 300 352 1418
1777 1185 46 1805 1160
554 1012 1295 908 1153
1706 1579 1796 1825 63
703 67 1770 1360 1374
1509 521 1376 916 1558
424 1186 1491 1176 785
1215 1639 166 1100 1682
979 395 1701 1802 1102
1080 122 1240 667 875
1121 915 1217 604 639
914 44 361 1662 825
565 311 580 1815 1658
749 1218 253 340 1525
202 1024 322 171 1300
1549 1775 1632 1402 622
520 1802 1226 1448 1245
167 289 241 717 45
1038 1282 1469 271 490
788 1019 459 1488 1781
1449 207 1170 1650 178
1768 530 784 1656 875
938 871 1345 514 636
394 283 1629 144 1772
36 605 786 829 1138
90 405 552 1061 1560
1716 631 478 1467 1410
845 403 1311 1368 1138
42 141 1125 1238 354
385 868 924 965 107
671 1267 1304 1123 1138
1625 655 1139 1735 149
461 637 838 1702 530
142 1791 1032 708 992
51 763 191 1559 1818
1784 407 1622 1006 659
1086 492 1198 1187 789
922 1305 98 615 604
81 99 1092 648 1190
122 646 1240 643 1309
1180 1502 1276 1609 312
278 1266 345 1366 1210
1244 253 262 354 818
784 1544 1508 1165 1474
1764 41 1692 498 303
1701 744 779 1223 1467
1206 698 648 1667 208
1527 1721 86 1537 760
536 63 1829 125 260
730 364 1296 408 1435
1380 1655 1738 1435 60
878 1320 500 364 1007
10000000 10000000 10000000 10000000 10000000
696 1716 533 421 288
140 1452 1475 317 1646
929 387 81 1405 34
887 906 321 1572 766
1373 683 563 681 1448
1476 205 1612 526 956
744 1586 23 530 655
1202 643 788 1433 1034
1295 316 1534 780 1744
1548 124 1071 1833 1213
681 1464 820 741 401
251 313 1468 875 174
878 1006 615 196 501
355 472 1023 1442 1657
1719 972 279 916 860
1382 881 1058 506 1763
642 1080 311 316 852
57 364 644 1259 978
317 1199 142 228 199
1365 511 1345 1062 382
1156 1503 1712 151 1307
1286 290 1247 493 546
1632 1830 52 535 1828
665 501 1430 651 545
1194 438 415 727 523
702 1737 287 1672 1246
1095 838 1320 667 1688
45 219 597 1818 1149
1442 133 1594 349 476
35 1383 1654 748 419
1443 1163 246 474 1422
172 373 1252 662 1235
1303 1256 96 196 933
423 1106 608 1076 310
679 194 1715 102 287
1801 1398 1460 824 866
1508 544 746 1004 43
510 300 308 922 348
1365 1733 1385 1344 451
1301 1463 975 1642 257
1511 1811 1168 146 313
186 1766 1347 1799 265
552 650 406 540 1130
819 842 773 892 1411
1268 896 1697 399 79
1592 1003 49 286 1518
732 1018 1812 1523 1037
1757 123 1701 714 1121
970 1294 170 866 1545
826 973 1518 1435 893
1497 868 1484 1744 1538
1520 122 621 94 29
10000000 10000000 10000000 10000000 10000000
1462 944 1115 275 950
348 998 702 1593 296
1833 887 1677 403 1379
816 1016 1721 268 678
1672 827 131 1599 456
61 679 833 1075 657
1169 1734 1591 1145 1665
1194 24 1557 671 918
1827 1765 1712 250 1777
1611 25 923 375 1660
1730 1245 221 1067 32
811 1463 353 1355 1468
1705 190 763 594 804
632 187 1547 1794 192
1064 1373 1008 856 1171
252 178 1370 1072 1557
1073 139 952 665 1488
1490 1632 1433 25 1025
917 552 68 897 39
966 1063 1199 1533 1828
36 159 1057 1093 1623
829 773 1580 864 1456
1055 116 1529 448 502
541 283 1826 727 1155
239 1774 1616 1711 454
1627 87 1485 227 1399
1750 155 951 872 351
545 858 517 1487 706
1677 332 796 231 941
649 1476 1168 849 1630
1766 296 1800 1298 638
1061 1058 274 898 1164
136 154 430 1205 1620
924 510 1071 1108 321
780 1317 416 530 445
151 1317 678 151 577
1105 1681 859 493 1127
486 903 1413 1291 1696
632 539 179 1534 1520
71 869 310 1390 1695
115 32 1479 523 1785
1049 317 1413 657 715
259 1794 21 1298 99
1090 1489 1147 823 1622
1168 1175 1651 1735 1202
337 847 499 1185 188
428 216 1504 1629 551
756 840 366 336 777
1461 45 143 1505 794
599 1505 958 413 1363
1110 1052 1827 936 442
495 1371 1680 971 1472
10000000 10000000 10000000 10000000 10000000
1040 616 562 1275 234
728 1263 592 1561 802
1723 1552 1231 865 1818
852 1167 663 1445 1445
689 1556 481 674 1713
763 1612 1802 1343 1625
1528 1684 1214 1085 1426
1700 608 25 60 932
461 1116 950 135 864
1620 652 1614 766 105
1713 1775 1032 278 260
64 21 782 55 495
589 536 542 139 1404
914 94 1425 809 811
1138 410 861 1195 563
201 839 701 492 871
1366 1061 1772 1151 1645
1422 488 1017 1344 143
1602 945 1080 761 1121
237 466 703 587 1026
95 966 495 928 269
1178 86 1359 482 1138
498 1081 1534 1492 954
420 660 1285 690 1153
346 1341 1746 1613 694
1194 1475 283 1640 1463
1203 1559 528 319 570
53 1133 102 837 337
809 1448 531 1815 669
1762 786 1386 236 110
790 395 1803 643 1286
1281 880 221 1568 224
1545 1374 1408 333 1292
49 658 1411 518 47
482 1271 1608 1564 981
753 1319 708 185 278
1406 1132 392 580 893
547 1795 132 1359 610
544 403 1245 1475 1017
141 1565 905 567 1109
1218 1081 776 66 1639
1439 76 1797 1430 1271
1740 905 940 1811 932
1792 771 191 164 324
1190 200 669 1400 894
422 1497 1092 392 149
987 566 1198 1204 1368
636 1203 1643 1413 441
914 602 146 1616 765
934 1172 1485 672 1380
1599 484 566 1035 1045
695 1043 1649 1673 658
10000000 10000000 10000000 10000000 10000000
1255 623 250 784 1116
1586 154 1451 1328 440
1059 845 826 195 1096
1635 328 236 1762 1536
68 1729 58 1190 1244
1747 775 1300 77 1684
701 1337 134 1162 1628
1634 285 1412 1438 28
1779 1491 553 1802 315
998 1657 144 708 498
61 992 330 1368 1670
1365 1258 644 1380 764
433 1660 727 1010 1689
1169 713 342 761 845
1599 46 767 512 1820
525 1554 468 923 155
1509 667 1199 584 1388
903 483 1580 1276 952
1310 1274 848 1047 1495
1579 1601 282 1404 990
1631 279 177 749 297
1724 1784 657 365 550
307 1165 151 518 184
1007 1795 543 999 226
884 961 609 576 603
709 682 729 355 1143
1649 1778 826 908 1087
423 116 1177 877 1156
1683 1534 743 493 592
1425 1194 261 833 380
531 1745 773 396 510
807 1059 1105 1695 897
1688 1729 480 584 1200
1081 667 1592 502 1811
1356 1551 1177 1526 948
334 1810 962 1356 1089
1053 1024 1312 1413 266
1035 1438 226 1384 1008
173 1044 721 1751 1562
1749 1151 168 928 284
1629 397 309 641 41
1149 36 254 1609 184
1649 1553 731 1720 529
641 987 782 306 162
1453 906 856 1401 917
1011 1764 1196 596 1792
1781 1651 677 353 507
1629 1109 1189 1432 323
1558 1666 194 56 1665
644 940 847 560 980
139 448 131 507 1832
1573 573 497 1612 926
10000000 10000000 10000000 10000000 10000000
1194 1384 984 654 442
1396 239 1027 980 33
1736 1071 189 1423 1466
772 862 349 52 685
654 1583 196 1074 1282
1717 337 37 800 1806
956 555 1798 1225 369
313 1213 43 738 1684
898 1009 429 1530 442
1095 1489 1383 862 600
532 425 1020 1142 1170
1007 1576 1813 1204 1453
1338 743 664 1620 608
856 323 269 51 799
901 163 42 968 802
1757 712 1663 928 1644
371 90 232 1488 978
360 945 916 768 1783
1317 410 1434 362 1261
442 1143 1571 1110 1820
490 647 1377 784 1023
374 1646 1223 809 1436
401 338 1590 937 595
836 1600 1105 511 983
153 1194 923 1413 1675
59 429 467 1228 1067
1427 780 116 423 139
1069 1380 776 323 64
1140 613 141 318 267
1168 151 68 1815 1644
1176 78 306 1425 1822
886 1769 424 1496 1596
1238 589 1681 1186 958
924 1233 730 1031 698
1765 165 1516 612 602
658 798 1453 1595 472
394 1735 70 451 1238
1257 1385 876 1742 1661
760 1058 343 1043 768
1238 436 27 991 1663
1568 373 1734 1649 1616
643 1365 671 1450 906
1064 1702 666 725 609
1343 94 1142 361 435
1822 1474 770 107 1811
1695 743 351 1094 630
521 1437 354 1263 1829
984 1799 1315 1027 78
1165 779 830 546 1338
548 933 363 159 1493
1553 410 533 206 1009
118 744 889 1515 1424
10000000 10000000 10000000 10000000 10000000
1463 1627 32 1509 1639
1039 1408 1634 1589 368
1120 1465 1409 611 451
1131 702 604 1394 621
852 1162 278 275 1782
1307 1101 725 1217 411
1308 721 196 591 630
800 914 1068 1177 652
851 234 1699 1221 331
1004 837 111 664 708
1043 909 629 176 163
633 712 745 189 1303
1652 405 530 569 1223
1797 358 1820 1378 707
1535 212 1425 1233 161
1404 392 476 690 1084
557 1480 548 825 372
393 696 1615 60 193
274 1226 1758 234 1422
1470 199 1172 1664 1619
713 1765 917 781 1283
1661 1266 1166 40 1506
1653 554 1585 956 273
877 321 508 980 282
124 1313 1588 87 340
1708 422 923 1027 485
63 705 282 651 662
1462 1717 1403 493 877
709 1590 880 188 877
378 1260 446 1580 1500
1632 1260 807 193 245
123 461 1699 696 1738
1235 823 152 264 435
1746 407 1645 1314 658
391 1558 347 1623 1566
582 312 920 1702 1803
602 261 644 1199 1504
1289 424 1234 285 1309
1775 1297 1488 387 74
625 1771 343 794 336
444 370 1439 1364 1711
44 136 1798 587 931
1579 1361 517 187 695
450 473 1024 1145 1097
715 582 471 1799 897
1646 227 486 114 1291
623 736 805 461 1673
173 953 1499 1143 1559
1616 1652 572 1713 1103
1132 1736 819 889 1717
1635 340 760 1217 882
1249 1666 323 1050 865
10000000 10000000 10000000 10000000 10000000
1662 1008 1312 1515 337
668 94 698 1390 1545
1600 451 693 1704 454
416 702 456 1081 1135
1109 617 1034 616 683
358 1385 515 1780 89
456 836 1175 852 1245
869 1124 277 1394 1416
542 856 1772 1048 181
361 980 72 797 198
709 1350 24 948 371
1259 1543 884 849 522
210 902 696 782 1200
1288 1682 1440 352 182
112 1043 1138 852 36
375 810 1776 958 222
141 201 378 1306 1554
676 856 950 665 688
1715 1394 376 259 290
380 995 1248 861 1726
473 1093 1389 782 520
916 431 851 76 1001
1788 761 832 1764 830
1548 1606 1493 705 472
369 169 253 657 1687
1107 1437 954 1349 414
466 29 286 880 1644
1271 868 713 1543 1257
1457 871 1074 28 1686
154 1388 1514 1072 725
392 879 259 608 611
129 979 511 549 1204
723 1472 1115 1421 134
1059 870 1303 855 1766
1465 569 136 799 410
1480 1490 1346 1821 1742
971 46 164 905 1795
1572 428 672 1133 665
668 1665 599 142 1719
1340 428 1394 1275 1643
248 854 112 1333 1669
1655 1580 1270 1658 1671
63 329 864 1371 888
617 1747 1089 236 1594
1621 1448 1662 346 1481
1541 873 73 1775 1053
390 948 1304 1562 1314
1705 641 1282 267 62
989 1316 413 1737 1423
776 414 667 1830 80
508 200 851 1503 534
125 451 990 610 1015
