0 0 0 0 0 0 0 0 0 0 0 0 0 0 0
44 92 63 131 46 54 72 110 130 138 33 33 56 124 49
142 110 69 64 47 42 17 144 24 41 53 53 57 90 16
89 125 55 57 21 46 101 131 24 46 103 109 108 70 19
55 54 38 121 102 99 65 58 16 68 34 61 76 17 147
16 59 44 134 44 42 80 80 132 134 47 20 31 87 103
104 32 117 113 53 74 99 101 68 89 22 144 48 135 112
88 36 12 116 79 121 63 30 145 30 137 137 47 34 141
65 43 19 111 27 80 86 114 54 115 18 145 52 138 25
135 57 111 137 96 57 76 81 98 92 10 115 113 18 135
18 107 36 142 49 17 37 67 30 141 145 102 50 115 75
99 26 130 100 94 111 38 147 28 110 121 37 61 88 106
104 123 87 118 58 68 109 78 34 47 70 61 122 124 17
79 148 126 51 29 132 98 104 42 129 33 40 52 104 146
89 82 61 85 145 82 25 90 27 122 32 46 82 32 92
67 147 54 12 36 76 27 126 24 49 109 115 129 135 112
87 123 87 114 61 24 58 87 85 62 88 16 84 120 84
