0 0 0 0 0 0 0 0 0 0
104 38 17 113 110 121 46 43 51 49
65 60 41 115 70 133 37 120 53 59
58 49 101 56 31 96 130 130 66 37
144 144 17 29 149 23 71 95 66 112
117 109 137 138 88 74 84 35 84 71
100 84 65 92 121 53 16 127 110 56
129 91 144 57 47 115 51 88 54 131
35 130 107 83 38 62 16 60 86 11
72 135 97 116 117 68 127 32 122 95
121 138 96 26 87 103 116 32 99 15
107 66 102 108 115 88 67 131 67 108
126 136 111 21 117 115 111 60 14 12
21 146 143 55 17 34 97 32 142 37
148 64 139 75 100 94 50 146 104 63
120 77 79 124 98 84 25 94 119 39
77 149 31 134 57 84 93 116 64 31
