0 0 0 0 0 0 0 0 0 0 0 0 0 0 0 0 0 0 0 0
31 125 122 13 133 17 51 39 115 15 93 99 137 18 80 65 68 63 112 48
60 45 139 26 60 65 88 68 81 42 97 147 57 29 56 123 20 19 111 114
106 44 122 31 56 91 79 53 121 143 121 93 47 76 63 10 128 119 20 23
34 17 78 12 80 103 80 72 73 137 73 86 113 104 18 56 52 80 89 77
135 72 133 24 93 64 42 117 22 149 132 101 102 130 94 132 128 85 26 97
129 93 64 122 21 102 130 51 102 85 80 49 99 100 90 18 17 33 71 111
131 72 109 135 66 14 147 141 135 91 72 17 51 144 101 28 100 69 21 149
55 49 49 146 97 81 19 82 90 98 19 88 125 47 60 31 38 129 91 47
121 125 103 58 131 131 142 60 36 47 85 125 70 144 90 106 17 38 108 105
88 52 31 135 21 29 84 62 65 121 130 100 15 134 59 56 63 79 123 24
103 135 64 28 18 61 61 91 91 43 102 34 39 13 141 66 65 129 83 15
10 28 116 132 26 66 147 102 18 82 14 118 30 79 133 30 58 21 114 103
129 34 42 142 70 117 149 22 146 120 68 50 104 143 89 19 102 11 23 39
68 146 36 136 17 73 54 75 68 21 91 102 45 16 38 111 38 16 111 108
76 142 46 29 67 146 94 148 118 22 139 34 103 97 85 85 114 89 50 34
128 130 90 115 47 41 146 131 92 19 124 44 44 34 96 84 87 115 123 108
143 47 14 46 82 72 74 109 136 39 113 22 142 14 149 27 37 80 106 90
45 117 144 136 89 110 127 74 135 31 142 56 123 118 56 97 87 54 56 24
83 143 119 83 130 116 148 28 101 17 80 55 105 96 23 85 18 71 92 128
48 97 76 58 102 88 141 94 18 79 39 124 69 78 50 114 138 18 50 55
113 53 127 136 68 90 43 35 59 146 108 53 88 33 18 35 104 96 102 88
35 43 117 117 89 91 81 30 118 88 68 87 106 25 57 120 10 83 50 46
76 126 118 95 138 41 37 84 90 126 36 124 105 51 90 80 105 30 78 31
58 77 78 74 124 88 63 19 35 140 142 149 10 131 15 72 106 21 111 141
99 96 45 145 83 57 97 18 133 87 33 113 44 130 14 122 39 81 49 89
132 132 131 61 127 46 105 68 116 85 69 87 22 105 136 76 69 111 45 10
147 110 27 96 29 62 93 52 20 59 113 46 145 91 16 48 21 123 117 137
136 64 139 104 110 16 114 54 48 57 10 55 132 147 43 37 76 126 74 101
91 125 72 21 105 101 106 53 116 117 84 57 133 126 18 131 11 114 37 86
54 43 31 131 21 141 55 78 110 65 45 127 123 132 60 100 124 49 52 90
65 45 11 19 12 33 89 46 131 146 22 126 123 45 57 91 52 42 26 121
88 124 94 30 44 25 39 83 62 132 74 84 59 116 143 105 129 49 83 133
99 96 122 11 31 143 148 74 47 93 84 56 109 41 69 145 73 76 106 21
48 16 69 51 19 98 137 40 106 101 20 11 134 50 18 122 81 101 147 89
85 72 135 55 111 37 111 93 35 119 13 48 37 30 92 132 66 73 98 76
123 119 63 25 28 72 42 10 125 118 80 138 80 93 101 139 27 15 24 148
83 16 52 92 35 22 110 48 24 36 106 53 124 116 30 15 35 60 93 117
136 93 67 56 44 91 87 80 50 20 18 37 20 102 49 60 48 110 46 46
36 66 33 101 132 136 144 27 69 22 80 77 46 67 48 122 49 130 99 24
112 85 137 146 84 103 113 105 47 96 108 77 47 119 82 25 82 101 29 49
94 61 53 106 75 144 52 97 43 37 80 46 26 125 90 147 38 19 116 101
93 103 148 41 31 106 24 19 20 142 44 70 15 125 143 85 115 76 71 99
54 43 124 142 61 79 12 46 82 19 84 94 72 79 131 29 24 44 111 123
88 116 92 114 98 130 59 49 87 121 106 90 55 73 131 131 35 41 127 82
86 46 19 54 36 143 80 129 147 130 117 95 22 38 15 68 149 31 87 28
66 51 93 68 97 20 37 37 73 102 42 137 144 77 55 106 15 52 75 75
114 76 33 57 26 27 73 59 31 121 36 109 124 94 43 97 114 103 62 124
136 146 52 72 99 26 124 60 46 17 133 127 26 10 91 106 91 26 26 59
47 106 103 72 23 86 49 21 44 129 81 110 69 34 44 143 89 100 16 44
12 40 101 53 40 124 95 85 18 62 103 30 18 121 70 35 40 78 63 105
77 57 89 131 113 63 73 19 19 45 47 33 84 140 148 11 138 37 42 10
13 134 51 81 39 119 37 33 62 114 66 42 146 147 101 146 23 102 139 147
