0 0 0 0 0 0 0 0 0 0
43 31 37 34 110 130 11 121 61 68
120 129 79 47 145 38 39 24 118 96
123 44 125 56 61 94 45 87 19 147
16 136 24 34 46 116 23 26 35 85
115 95 86 70 42 83 80 79 60 111
26 115 114 64 71 149 29 146 98 66
104 25 102 17 26 27 79 50 74 94
82 15 146 125 56 87 76 89 121 44
131 14 112 51 77 38 57 93 145 119
142 53 136 23 38 78 141 26 67 104
16 27 123 75 110 134 68 102 20 105
79 52 118 139 97 77 82 10 35 27
29 148 109 90 11 90 65 29 82 133
33 117 92 131 103 134 109 74 54 145
24 14 91 148 70 40 58 109 22 106
140 136 100 136 119 148 15 133 52 74
102 111 32 75 135 131 14 122 82 65
73 105 12 91 147 97 80 74 47 40
138 140 96 46 148 26 83 109 97 139
17 18 80 89 132 28 14 121 120 31
106 148 138 17 100 87 61 97 58 105
71 126 36 76 110 128 45 108 27 124
33 89 137 70 36 48 64 134 16 50
85 105 95 138 92 72 139 64 137 90
70 145 96 16 134 90 38 110 29 81
55 40 99 25 67 43 82 87 83 121
67 145 21 84 28 54 112 109 136 18
24 22 52 130 97 23 149 81 97 60
140 84 65 75 136 42 39 99 66 118
65 99 12 24 24 34 105 39 80 50
89 128 62 41 114 115 54 38 66 64
56 144 115 86 73 129 83 33 43 67
26 128 78 67 74 58 120 42 100 71
17 103 63 57 96 40 38 47 61 94
110 63 20 48 119 61 42 38 25 25
