0 0 0 0 0 0 0 0 0 0 0 0 0 0 0 0 0 0 0 0
114 128 99 15 135 26 29 65 123 30 131 42 45 122 70 14 137 31 132 134
17 14 31 54 124 68 130 65 75 116 18 117 27 31 143 33 55 137 108 13
50 125 68 47 52 99 105 53 70 35 136 23 85 65 127 115 20 32 78 62
27 75 42 77 137 27 149 123 54 57 113 59 139 110 70 127 122 93 39 124
42 102 107 70 107 87 73 26 39 76 103 54 135 91 70 100 20 131 80 40
66 44 30 112 37 67 84 66 119 119 78 119 11 19 61 45 120 64 131 102
115 20 45 95 78 143 38 90 87 65 90 141 34 120 56 125 78 56 120 58
131 101 51 62 11 83 120 51 104 56 67 24 143 121 31 77 111 83 125 92
97 144 116 108 75 14 142 100 77 16 146 104 24 133 67 42 16 107 35 55
63 57 138 68 145 73 48 79 32 31 67 21 135 46 80 130 48 86 88 114
108 63 132 40 31 68 62 74 96 35 74 145 14 136 146 105 79 10 140 136
138 107 75 137 60 96 125 117 44 113 91 71 51 104 48 109 65 124 75 39
70 85 80 47 119 147 25 33 74 44 121 110 19 83 120 10 27 117 33 61
90 84 89 140 64 128 82 142 107 62 25 45 85 59 58 51 34 101 32 141
128 142 20 69 94 129 59 111 94 48 80 118 122 147 125 123 20 102 27 123
146 10 49 79 118 37 32 130 74 65 62 26 11 53 66 72 24 111 24 52
54 60 135 28 78 125 128 76 111 31 90 140 101 48 45 141 113 67 102 66
18 87 11 97 140 132 148 14 20 145 144 63 106 147 147 59 123 82 91 78
79 32 106 67 138 149 93 27 94 95 117 104 45 56 16 134 82 60 59 142
13 43 149 55 87 112 43 66 142 67 28 25 77 60 39 110 148 84 25 59
10 144 57 118 33 138 27 21 122 85 107 33 74 72 109 109 29 118 123 105
127 56 87 142 79 82 87 137 63 79 39 42 20 115 113 139 149 60 146 131
144 49 88 89 107 115 149 121 123 71 115 129 64 43 121 14 103 33 113 24
39 147 16 65 50 28 67 120 80 65 76 65 55 68 16 96 147 80 89 85
57 48 52 123 98 32 44 87 51 54 90 149 123 131 113 99 26 130 77 74
10 135 137 94 133 104 144 92 106 107 56 136 127 145 98 38 95 79 124 55
130 136 15 19 44 130 64 51 110 14 120 116 110 29 138 35 38 26 47 12
64 27 16 55 143 103 143 149 57 26 30 13 121 120 83 48 125 41 74 29
32 36 110 127 120 48 70 23 67 47 54 77 85 135 48 145 102 60 99 30
50 20 90 59 102 11 103 21 113 139 81 43 10 26 66 69 53 145 89 101
67 28 25 102 29 81 27 13 61 12 97 92 19 38 94 70 90 66 88 53
79 38 37 27 84 54 149 56 66 118 91 91 83 43 71 134 47 33 109 49
11 145 26 47 115 64 85 104 119 78 19 32 43 148 10 47 113 34 76 81
15 124 117 98 91 15 33 51 145 73 86 130 68 33 107 99 145 82 10 24
82 46 44 136 30 99 26 69 57 113 80 125 125 51 98 139 116 50 53 21
34 144 10 140 12 51 42 16 140 58 140 101 59 26 135 88 85 62 120 16
49 14 18 74 78 79 74 123 62 147 82 43 69 73 117 50 136 85 52 116
22 141 133 114 62 13 96 74 60 87 85 118 18 125 142 25 146 36 78 95
12 68 72 41 104 96 109 21 74 128 143 120 76 11 74 122 57 29 139 62
145 140 25 105 93 76 133 124 22 61 82 74 34 90 110 74 76 126 118 93
107 94 149 119 29 115 118 91 108 42 57 98 101 59 70 71 131 101 102 94
83 40 60 145 97 92 59 131 50 142 66 42 94 125 110 67 52 20 81 134
86 141 83 77 27 106 140 130 137 14 115 66 44 78 93 73 119 128 112 89
111 77 41 98 48 56 144 146 90 124 31 58 115 133 124 136 138 108 58 47
21 61 41 142 132 49 72 24 77 109 32 24 148 45 80 65 145 35 98 38
119 25 116 38 121 44 126 34 83 121 125 94 22 40 148 76 56 134 106 59
134 23 60 103 86 99 24 108 145 39 27 63 81 102 96 11 132 21 22 86
128 47 112 130 62 123 67 22 35 61 132 145 37 104 57 70 115 116 43 84
20 104 35 18 30 35 57 41 37 76 92 70 26 84 76 58 124 54 148 47
38 117 45 21 103 65 134 121 99 34 145 111 80 51 116 148 75 71 10 104
117 64 26 128 40 67 67 149 56 18 115 60 30 68 48 134 141 72 33 38
134 142 98 72 88 131 23 101 22 124 27 146 112 114 62 96 37 140 12 108
125 82 67 38 94 36 144 65 137 132 149 88 33 77 21 70 149 87 126 89
64 41 124 49 24 102 62 49 109 120 13 38 122 53 146 44 80 84 20 122
77 139 139 33 19 41 113 135 95 88 20 14 75 118 137 73 76 115 16 71
99 23 101 70 88 12 103 77 85 66 21 34 21 142 49 98 118 25 54 89
125 111 115 133 136 144 70 76 147 126 78 19 134 101 129 33 71 138 140 98
103 31 27 85 34 82 94 13 76 63 106 78 91 87 85 32 21 53 15 19
74 39 117 77 108 142 89 39 97 58 11 97 76 42 97 57 32 16 35 53
125 46 92 114 108 53 85 121 82 63 95 72 16 143 133 132 114 55 126 91
125 22 52 114 28 88 47 143 120 85 118 84 64 67 55 19 48 45 106 66
18 129 144 44 80 20 106 30 131 23 97 34 138 108 90 100 98 53 60 66
140 21 39 74 90 19 124 147 122 111 116 54 10 92 25 77 121 60 37 106
92 86 115 128 23 147 82 130 88 101 41 148 90 128 70 131 85 89 18 76
71 58 45 68 42 111 119 67 139 107 143 16 66 64 34 58 91 133 90 12
30 41 12 52 71 135 97 53 108 20 136 124 28 114 125 17 77 44 127 141
141 41 78 79 112 102 84 73 122 102 12 39 97 146 60 134 98 13 121 141
143 78 48 105 123 87 48 34 99 10 129 12 57 12 42 31 131 82 94 48
75 31 134 31 21 31 148 116 128 20 136 143 53 47 73 138 21 42 81 79
29 29 29 54 35 15 39 53 147 40 33 89 41 111 66 127 110 116 64 29
35 102 136 112 113 123 33 89 51 39 136 140 16 112 62 108 118 122 26 56
66 64 126 127 35 91 128 133 48 83 39 113 110 62 104 46 139 57 15 147
130 125 100 53 114 87 123 128 108 125 149 95 139 96 137 125 17 55 149 125
68 110 39 147 30 111 25 91 48 127 77 116 86 65 147 136 81 112 111 136
57 147 54 143 115 10 89 55 54 125 146 137 112 106 76 22 52 69 145 104
21 88 19 103 100 108 124 99 52 20 56 125 32 38 128 48 79 47 107 107
108 127 119 116 25 121 99 71 111 106 121 23 54 44 35 54 85 127 31 134
87 134 103 88 57 25 98 48 13 120 104 94 24 41 138 75 134 146 86 137
95 86 67 26 49 23 108 20 126 21 94 27 45 47 103 82 134 63 29 76
106 52 53 103 89 60 73 115 76 74 77 113 100 14 108 99 99 52 145 62
138 59 30 108 75 145 34 28 99 111 130 94 23 16 126 20 19 89 82 64
122 84 32 118 96 68 133 33 27 40 111 79 124 95 148 34 68 66 40 91
41 100 43 15 66 46 85 118 13 128 49 101 89 142 104 85 75 90 48 62
107 45 82 126 54 70 147 112 62 75 56 15 33 54 42 124 31 27 26 22
67 99 130 117 104 105 71 78 128 29 145 144 76 90 97 32 26 70 88 55
82 83 26 123 66 34 83 135 28 76 85 28 96 49 76 57 74 121 132 59
42 20 55 53 120 52 45 145 120 127 137 26 19 46 56 10 115 101 116 37
50 127 109 66 147 98 109 50 148 34 67 52 130 87 145 125 24 58 94 45
50 46 42 63 73 137 146 72 63 49 68 21 140 55 139 11 77 44 69 42
74 48 41 43 72 117 133 106 62 144 122 48 113 112 71 140 123 71 99 10
63 122 134 112 54 94 15 131 84 17 114 141 142 38 111 133 68 139 125 75
70 79 80 60 96 45 19 105 66 20 112 98 24 59 75 120 116 105 59 49
59 90 15 139 71 54 143 72 125 48 132 134 61 142 83 24 82 59 49 45
45 45 34 67 79 111 122 37 63 120 10 58 86 52 43 105 77 147 100 36
42 120 14 30 129 70 78 111 31 111 22 80 113 49 94 23 111 58 56 14
113 124 61 35 144 129 129 141 27 118 37 17 115 55 102 101 25 44 13 66
28 139 81 104 37 127 76 28 122 69 32 38 29 145 111 45 117 11 122 48
87 34 11 107 54 26 85 93 107 111 103 66 78 33 24 53 23 100 19 90
97 27 78 101 54 82 59 136 127 73 54 102 71 126 146 55 54 23 133 15
136 66 31 36 21 96 20 124 67 116 116 147 111 102 120 114 127 66 83 62
71 86 130 13 84 52 78 57 132 135 32 90 113 51 125 118 134 78 66 107
77 111 60 137 105 70 28 42 93 76 22 95 92 118 87 17 93 138 104 105
95 12 23 110 14 39 74 115 29 76 54 19 135 144 61 61 142 25 88 47
51 33 10 121 94 60 112 22 78 147 92 33 86 74 111 110 52 17 120 132
53 47 115 25 127 63 137 143 69 101 70 66 101 118 17 37 106 89 128 135
112 144 141 106 116 13 30 86 90 13 128 67 130 143 141 31 42 118 148 104
53 87 148 37 29 65 50 55 43 82 54 146 103 76 77 135 80 96 28 16
27 85 49 27 55 89 113 109 113 27 58 41 116 145 22 102 41 146 31 12
111 100 134 13 138 109 48 25 119 80 134 10 67 139 114 73 122 119 46 65
79 131 106 27 133 120 131 101 106 77 110 78 34 75 11 110 58 92 13 33
65 50 61 129 148 102 17 114 84 86 76 37 144 49 77 121 91 87 92 126
142 115 122 143 63 20 68 86 74 141 122 77 46 93 81 121 136 91 125 81
105 17 14 31 99 108 79 66 42 140 27 114 81 122 87 145 80 75 87 144
80 69 138 53 44 68 52 29 51 98 93 14 68 138 53 16 80 149 15 54
141 94 10 53 22 91 12 99 79 101 70 46 110 38 30 37 31 53 135 79
88 53 15 17 128 101 141 17 120 83 100 19 31 52 80 52 76 80 76 82
131 147 46 67 37 16 144 117 79 133 129 133 146 129 62 101 22 79 140 66
19 62 87 111 88 53 113 130 10 47 37 103 138 133 40 102 66 96 135 93
121 59 21 102 136 13 104 37 96 147 63 91 19 73 12 71 36 16 81 52
17 47 54 115 53 73 138 50 85 42 112 132 108 33 46 15 41 116 27 101
87 62 131 34 57 101 148 81 129 85 32 91 130 22 146 10 68 146 113 133
30 80 59 16 29 89 81 24 102 114 59 89 57 25 24 110 95 132 145 114
115 59 26 15 110 60 84 20 78 131 23 135 71 66 78 47 14 62 136 54
69 147 110 57 45 43 148 90 35 93 62 131 42 99 84 55 118 37 53 84
43 80 105 110 108 98 109 86 117 37 63 40 34 49 107 13 75 37 98 90
29 148 59 27 87 82 106 113 54 113 129 23 124 35 67 70 83 117 20 103
135 22 100 113 54 51 105 51 138 136 73 135 26 40 24 104 90 57 127 91
120 140 135 11 56 134 95 80 131 77 132 66 51 92 32 146 144 86 61 131
65 120 58 125 141 15 67 52 13 41 147 81 83 41 90 133 136 136 38 72
118 101 140 84 110 46 18 77 129 139 109 14 43 100 112 22 112 99 55 80
119 34 52 110 122 94 142 134 76 67 56 43 25 72 15 141 76 116 88 85
73 31 108 132 85 55 127 80 34 77 92 63 143 112 43 149 83 132 69 133
74 66 56 46 77 85 90 128 25 117 66 71 51 101 79 149 21 89 99 111
27 124 63 132 131 79 131 52 79 56 65 103 140 70 130 93 56 48 115 134
118 124 12 113 82 100 30 36 144 58 80 129 77 115 51 89 125 54 118 49
43 137 77 119 133 100 110 59 83 44 70 111 88 79 137 96 144 55 51 127
40 13 81 133 95 37 47 34 22 43 104 110 41 44 75 135 78 49 18 140
15 41 61 128 57 130 65 84 94 89 27 55 148 12 146 13 133 120 11 14
54 93 89 84 114 67 136 73 92 76 113 64 128 24 63 142 133 139 99 42
12 70 34 131 147 29 53 61 86 24 99 65 138 121 84 138 61 102 33 136
83 89 70 141 86 11 141 97 72 83 141 104 100 91 15 144 140 15 85 118
103 114 121 145 81 76 43 22 133 28 129 83 140 64 133 96 11 41 57 96
147 105 142 114 69 143 149 102 49 115 44 56 119 15 97 76 82 100 24 22
122 87 112 90 14 140 57 56 32 20 81 115 114 63 95 26 87 30 82 129
145 63 120 60 99 25 52 123 133 126 104 110 92 145 78 42 126 93 22 70
68 68 98 140 35 58 107 85 38 139 112 81 47 132 146 70 129 73 67 38
42 111 141 16 146 46 79 10 60 58 116 73 127 84 100 134 68 106 75 86
106 21 11 70 42 144 141 73 40 25 43 53 129 31 64 80 99 28 14 73
116 75 67 83 63 141 10 42 76 39 48 42 146 126 98 34 82 23 74 125
145 18 90 35 103 65 63 142 112 117 120 46 37 69 44 111 22 142 112 147
