0 0 0 0 0 0 0 0 0 0
66 147 53 112 129 89 149 127 17 105
26 81 17 89 118 141 97 65 97 85
125 58 132 16 125 83 121 82 69 29
82 71 108 20 126 44 36 13 86 72
143 29 54 117 27 135 55 111 35 105
22 141 74 55 79 149 68 42 45 30
99 100 42 14 21 48 45 98 77 126
66 124 29 135 45 93 10 139 59 116
78 79 103 78 55 62 62 91 133 81
59 94 81 62 32 121 23 149 145 55
86 118 34 115 98 119 76 36 66 76
23 96 48 139 60 98 133 88 34 86
89 149 89 78 106 18 77 130 10 94
122 90 126 98 146 57 103 79 10 98
51 133 41 70 71 33 53 72 40 68
84 44 67 118 25 43 82 60 112 78
99 122 38 128 19 120 119 65 91 20
63 34 149 97 76 77 146 80 139 42
87 96 140 90 33 98 97 37 60 94
45 25 72 65 117 101 74 60 97 27
148 28 46 37 118 12 107 76 88 127
56 133 85 20 74 111 110 104 144 134
119 42 124 99 66 93 27 40 52 71
26 53 34 104 64 34 71 65 77 119
62 24 133 117 139 141 46 26 98 148
91 95 107 128 24 126 100 72 75 144
146 131 56 139 85 110 34 85 114 37
60 64 106 18 76 109 98 97 147 65
37 125 116 44 149 73 39 10 46 30
71 88 104 132 51 53 137 53 86 60
73 136 149 41 134 133 108 42 122 99
32 114 40 83 116 37 45 130 43 135
96 29 94 145 39 109 26 48 35 50
21 134 16 97 19 120 128 64 45 81
22 62 137 36 19 32 147 66 75 53
88 130 24 118 141 37 78 47 19 56
39 127 16 65 119 147 116 96 81 15
106 63 105 92 15 25 30 79 18 24
55 99 73 27 31 110 40 22 110 110
53 61 145 129 113 122 25 121 76 147
89 80 82 91 69 19 46 95 101 60
19 73 125 105 100 119 131 92 71 80
130 136 122 72 42 80 109 11 116 14
122 70 22 125 23 46 85 104 85 71
125 31 128 53 94 75 39 110 146 22
31 38 102 10 45 115 61 131 43 120
147 36 127 56 18 129 43 35 47 59
127 90 64 38 75 145 137 60 54 115
45 38 140 97 11 49 65 104 117 141
105 98 86 113 78 126 104 135 135 40
100 69 117 148 59 54 88 43 74 99
53 121 22 94 30 106 75 98 85 85
43 126 43 139 103 76 62 29 110 29
42 23 53 20 117 147 10 54 57 139
60 87 79 67 68 31 59 10 15 19
142 37 117 81 66 126 39 110 32 11
140 55 109 79 41 142 100 53 14 140
49 82 134 76 137 39 142 78 33 16
19 27 100 81 19 32 28 25 113 15
108 34 139 47 148 33 122 96 133 62
129 68 126 109 121 149 52 52 86 60
42 52 21 132 52 91 118 141 40 93
61 54 87 89 141 118 49 144 36 17
133 13 80 58 21 38 86 51 22 142
121 29 142 105 25 128 76 81 111 62
47 89 126 146 43 11 87 20 117 20
117 16 123 147 124 50 111 134 34 107
137 130 13 127 97 61 121 40 27 133
64 128 26 24 47 18 30 97 38 72
51 140 142 75 106 116 72 140 147 35
26 136 117 112 15 142 135 81 145 93
96 75 121 34 13 42 55 37 63 98
60 26 88 34 48 134 122 61 137 145
71 38 32 25 64 132 29 77 94 38
40 31 73 145 112 83 56 149 67 37
52 39 66 93 43 24 143 132 37 134
144 43 89 108 133 87 50 85 41 52
84 144 69 116 23 30 61 34 54 91
118 24 36 22 143 105 75 105 64 40
71 55 54 128 130 65 89 83 116 27
137 19 21 120 93 89 128 16 118 145
37 99 115 41 59 123 106 93 18 19
26 102 127 51 146 61 43 12 50 90
18 146 22 83 96 48 62 109 38 71
132 112 141 35 149 63 132 120 148 41
126 96 12 108 24 42 70 121 35 134
130 97 17 136 105 21 50 67 117 126
149 12 127 22 26 17 147 17 36 116
50 57 51 33 147 125 83 122 53 46
10 34 67 62 87 104 97 48 132 10
31 147 13 123 105 93 82 15 67 29
62 53 66 33 94 37 114 62 24 19
32 91 123 72 30 104 82 50 118 81
23 123 97 100 131 30 130 37 101 137
121 108 88 97 89 92 70 27 97 48
50 26 91 144 101 73 92 58 12 15
137 11 113 73 124 17 140 129 79 67
104 12 58 80 108 49 32 41 68 35
93 81 48 63 15 20 137 88 146 29
64 56 31 134 68 57 81 140 104 29
41 53 120 80 141 104 44 50 135 78
98 86 77 57 88 113 34 121 138 35
43 131 17 144 45 117 91 124 105 93
109 123 79 66 117 119 138 128 19 110
88 81 135 11 127 111 47 16 114 137
74 118 91 72 112 93 113 84 78 57
35 31 120 34 120 108 70 134 94 119
128 83 55 37 23 33 14 113 115 19
113 138 80 135 40 10 65 139 67 50
144 87 112 58 94 97 48 118 42 114
88 63 70 53 32 38 67 149 64 35
101 58 38 71 57 23 91 89 57 10
86 104 73 119 65 100 122 142 21 91
146 30 76 19 94 137 10 93 37 73
88 74 20 29 71 67 14 88 114 123
50 16 63 125 94 122 138 42 28 127
77 41 10 119 40 110 48 48 107 121
69 76 119 93 16 117 101 23 36 25
15 70 101 48 85 105 145 65 125 22
132 58 37 93 15 69 30 86 31 63
