0 0 0 0 0
25 13 131 83 146
43 58 122 24 111
139 41 89 76 50
89 38 62 37 35
40 142 81 38 134
67 131 118 92 36
40 117 28 50 89
75 80 61 116 140
100 126 114 38 78
52 109 134 53 110
40 80 24 80 109
87 82 129 65 37
52 90 13 33 91
47 141 116 70 29
107 143 78 44 16
23 89 139 14 99
77 67 27 124 20
134 138 63 14 56
105 138 51 87 17
104 61 138 18 128
89 55 70 12 54
128 34 121 80 73
32 111 40 106 51
103 132 96 41 124
50 26 44 55 104
58 20 102 108 117
79 70 102 43 44
145 38 42 135 89
119 121 40 44 23
126 135 110 140 46
143 90 78 128 110
144 19 129 121 37
80 62 99 42 19
61 97 141 122 21
63 14 138 18 79
65 105 128 60 52
147 46 84 91 132
121 109 25 122 115
45 120 97 128 136
56 23 22 111 73
147 40 80 131 10
85 72 41 66 99
56 57 132 43 108
80 117 96 124 66
97 143 108 114 134
41 25 68 111 25
142 92 89 36 92
66 47 32 87 147
122 132 148 67 50
129 29 118 53 134
136 135 81 143 58
87 79 17 80 119
24 62 121 100 10
12 104 135 118 141
147 30 47 108 103
11 33 89 89 119
17 38 51 80 119
55 104 139 30 117
128 35 130 22 124
40 113 76 38 10
103 37 38 59 114
69 116 69 100 81
133 17 41 131 106
45 120 48 136 59
53 58 124 52 50
98 112 106 47 130
46 99 63 42 42
18 34 93 61 18
121 11 97 39 60
84 44 32 62 86
135 39 27 73 15
120 128 43 123 58
39 112 69 97 46
12 65 108 114 121
113 26 19 13 17
99 56 91 57 42
71 75 18 78 73
52 141 11 65 53
135 19 58 68 24
149 37 118 35 43
39 86 58 76 36
128 113 145 136 137
25 116 60 33 41
128 93 33 118 79
63 64 34 28 97
14 131 149 67 31
110 38 80 28 88
141 68 80 38 18
34 76 57 35 108
91 112 14 39 141
