0 0 0 0 0 0 0 0 0 0 0 0 0 0 0
29 136 76 85 46 46 40 73 18 113 47 71 137 62 45
145 56 95 106 69 53 101 115 63 92 109 33 15 109 113
140 115 133 114 64 69 42 129 139 123 19 144 48 136 119
143 40 147 79 121 97 65 107 52 89 36 81 53 16 136
39 96 40 62 55 51 24 46 45 39 86 99 96 76 32
115 125 127 38 43 28 116 86 85 130 35 123 43 72 22
67 71 71 110 87 108 93 136 25 49 19 69 137 61 147
22 124 117 11 44 12 71 20 115 139 20 113 99 145 149
75 14 122 42 82 52 102 105 147 128 80 115 99 59 34
125 44 55 78 52 115 107 119 147 34 135 26 95 67 93
59 120 49 59 74 62 26 87 83 23 130 82 66 113 18
90 134 32 122 120 17 102 60 118 99 73 148 92 27 37
54 76 141 42 58 44 54 29 123 71 138 21 29 23 34
149 67 36 87 26 30 63 43 34 84 130 38 86 76 43
119 47 77 129 59 119 78 59 121 28 43 19 119 114 70
119 108 147 135 101 80 81 13 54 46 14 91 91 18 32
58 123 16 122 91 124 51 120 58 69 24 131 89 93 141
93 134 26 50 50 67 65 64 38 56 57 138 95 31 13
28 25 125 34 14 124 33 82 111 17 134 86 74 24 57
39 47 76 83 30 79 121 141 27 142 85 62 47 10 30
32 142 32 116 22 113 77 42 98 15 94 25 36 69 68
11 73 37 53 37 22 26 104 134 145 19 128 139 87 10
140 98 79 149 47 19 147 84 133 104 37 113 28 126 110
36 122 63 113 55 26 139 64 35 54 126 114 107 47 46
72 13 134 132 53 145 73 143 144 106 149 91 83 102 60
115 141 48 34 117 114 148 70 106 110 127 133 16 17 63
43 79 124 24 112 24 107 87 119 35 48 117 64 33 89
121 117 113 93 47 50 104 124 123 50 121 68 136 32 65
136 78 64 99 74 133 74 27 130 73 112 40 50 29 58
95 118 121 26 66 23 43 87 124 89 117 93 50 109 140
19 75 49 17 83 40 48 136 135 104 17 51 24 56 54
62 37 62 98 74 97 72 25 17 77 67 77 45 43 16
93 63 109 67 134 20 142 74 77 90 95 114 11 130 124
23 34 37 99 50 14 131 83 43 23 20 121 89 148 34
118 49 91 136 40 131 40 44 98 149 42 31 142 35 98
113 117 41 38 100 142 38 23 62 93 135 144 139 101 20
137 11 94 143 73 81 60 31 95 66 20 107 11 131 118
10 111 98 129 102 13 18 21 124 112 119 31 49 109 61
62 83 24 147 138 62 60 64 51 69 94 73 43 28 64
54 80 36 37 97 92 88 125 128 111 30 89 57 138 52
131 105 103 115 129 127 23 71 120 129 17 120 51 146 88
92 140 103 92 64 125 100 141 73 91 83 43 74 42 29
40 109 102 49 130 41 41 91 72 12 80 133 130 77 85
117 104 10 64 101 113 145 69 17 119 54 64 23 131 33
128 105 14 51 25 68 89 94 144 62 34 131 73 142 119
40 130 107 101 38 47 37 101 38 107 103 146 122 92 130
72 78 40 109 12 129 112 45 81 139 26 44 16 115 110
37 115 12 79 11 129 59 59 149 93 122 51 80 27 145
106 135 44 54 76 103 77 11 85 49 82 20 141 81 92
76 21 34 101 120 109 10 68 124 99 116 114 24 37 61
53 35 121 95 101 129 140 24 107 35 40 50 116 32 71
103 128 29 132 103 114 128 135 61 147 30 94 57 67 50
22 102 137 18 99 109 65 37 110 68 145 127 19 12 136
121 34 25 85 95 73 89 147 89 97 19 92 28 132 139
17 24 39 24 92 10 31 112 118 55 41 118 20 74 27
119 123 46 89 66 80 67 142 132 85 56 86 100 15 35
127 13 52 85 51 104 15 84 113 146 120 70 118 97 67
146 116 121 147 19 97 47 47 81 101 142 36 19 17 106
40 149 30 136 62 137 97 56 50 14 132 59 50 14 124
107 73 11 117 61 128 62 121 125 117 77 58 120 111 66
104 20 140 83 15 138 71 38 127 128 44 144 20 140 116
89 102 144 136 27 82 148 117 31 14 11 98 112 94 111
135 51 140 58 104 45 42 113 95 114 143 131 128 34 58
83 62 99 114 88 80 77 100 84 50 30 84 139 29 65
19 61 143 31 117 17 33 26 105 126 130 54 66 39 99
140 133 24 90 111 90 42 13 27 23 58 97 117 66 104
136 59 143 14 80 66 135 40 34 90 47 69 51 100 17
98 117 47 116 123 85 149 83 75 120 99 132 135 109 124
50 107 121 10 83 16 38 76 103 113 45 57 91 68 64
77 14 19 142 101 37 117 84 82 40 120 75 43 23 139
116 50 120 133 30 70 51 65 27 93 97 42 116 12 107
111 101 107 44 63 96 102 85 45 54 130 101 122 124 127
34 65 77 32 74 77 39 12 126 147 25 25 42 14 67
23 82 111 43 41 76 84 84 31 26 77 16 67 67 92
85 10 83 27 124 137 83 21 103 84 64 101 81 50 30
36 138 58 60 61 131 125 40 145 20 133 77 126 18 23
109 36 28 79 40 14 53 123 134 108 25 141 19 13 99
63 84 48 81 122 108 50 29 108 75 147 52 31 26 22
41 48 43 113 80 57 10 111 67 104 142 85 55 116 149
108 35 35 102 87 119 102 103 105 94 134 46 121 57 95
31 57 73 121 15 106 57 60 77 86 108 146 140 98 30
32 68 105 80 112 103 10 79 85 37 10 138 112 13 126
133 35 101 121 110 81 141 52 32 139 48 86 136 79 101
28 123 137 86 11 137 104 76 77 138 143 47 75 114 123
86 125 56 104 121 103 137 121 50 77 51 119 128 131 55
19 44 119 128 45 39 48 41 99 131 80 66 36 51 92
71 94 63 26 50 71 24 139 83 72 118 109 89 106 28
126 139 53 124 75 132 50 52 15 102 83 91 131 102 53
44 133 76 16 40 14 104 96 129 48 102 105 75 123 51
93 10 109 103 99 93 125 92 117 59 143 108 50 12 137
98 147 77 141 33 19 40 90 116 102 133 39 112 37 144
92 86 56 77 19 35 28 139 69 91 41 35 80 124 81
38 74 148 141 59 64 72 136 22 63 54 42 119 48 19
28 67 62 32 27 79 18 83 43 108 26 143 93 145 44
108 129 81 74 123 10 126 148 65 22 35 58 85 18 121
70 127 80 123 142 144 13 63 60 85 95 109 51 28 138
50 34 121 117 80 124 31 83 15 33 50 69 73 101 120
135 115 57 56 85 31 37 139 36 87 65 34 128 72 144
112 18 36 106 71 146 67 32 18 98 113 142 62 118 48
146 37 11 107 142 39 128 36 13 102 93 122 46 72 58
109 95 94 24 74 123 149 39 31 129 146 149 15 86 143
113 107 59 102 78 112 119 76 91 148 146 120 56 63 13
42 31 33 27 113 34 92 80 34 80 73 135 80 137 14
115 146 121 140 41 126 93 23 53 13 115 63 68 83 108
41 116 56 22 78 36 43 47 43 143 17 64 17 106 95
79 46 105 118 138 101 17 74 149 26 80 45 67 134 94
27 71 107 126 47 66 126 10 38 48 91 113 105 36 104
40 143 62 89 62 145 29 146 101 87 36 62 101 111 77
113 103 69 104 86 130 23 118 13 14 117 22 101 25 83
109 106 45 88 58 25 69 34 131 17 81 84 107 141 45
82 58 45 37 145 104 106 48 71 113 54 46 102 45 122
80 77 13 14 144 102 50 145 65 28 58 74 110 79 148
117 61 40 104 46 135 112 96 46 76 11 37 119 59 93
51 134 51 119 93 15 26 38 11 58 141 14 18 84 50
33 53 137 148 87 129 89 48 149 24 98 108 76 58 28
49 20 72 65 81 141 44 36 77 70 72 46 132 10 28
92 86 24 131 39 85 44 70 51 101 44 50 144 121 94
64 76 70 101 125 92 21 146 75 14 128 88 83 91 31
55 36 143 117 68 72 68 31 26 108 146 126 90 144 115
21 53 14 18 35 69 63 124 84 28 100 131 81 57 138
128 16 35 68 82 18 99 112 84 79 111 36 119 147 74
123 34 113 29 105 74 30 90 44 42 118 120 14 127 12
57 130 44 37 134 49 112 24 130 99 54 145 97 88 85
147 51 54 107 145 144 85 65 29 51 141 45 30 148 73
59 89 102 87 29 120 33 147 106 68 148 99 136 24 89
31 122 60 19 127 101 59 145 98 51 108 60 68 95 135
77 52 79 92 70 64 37 136 148 143 38 93 79 68 60
13 87 132 103 106 69 148 121 121 97 103 148 139 87 100
48 106 102 57 51 102 44 94 80 31 134 119 55 127 26
111 131 11 92 110 47 135 62 37 67 31 113 52 69 79
81 51 89 26 65 82 71 113 123 102 22 140 32 50 97
116 39 104 36 83 74 139 139 17 101 65 25 50 63 20
115 81 83 43 26 113 81 112 46 109 88 88 63 68 62
132 17 24 42 136 127 139 80 114 26 139 40 38 71 90
74 26 47 104 142 144 59 16 104 38 25 112 127 112 35
11 129 101 76 39 75 14 67 101 101 104 77 42 125 148
125 84 51 141 40 64 69 134 43 97 58 27 10 146 121
79 134 29 98 137 50 110 19 134 17 56 33 71 11 139
20 58 87 125 62 46 115 89 28 132 129 10 63 31 113
42 122 89 59 82 56 42 78 52 68 66 77 38 118 110
110 48 142 144 89 122 53 143 82 76 52 141 41 43 53
102 38 13 84 25 109 60 72 128 60 30 86 106 134 110
20 18 82 96 24 108 61 108 60 29 15 119 61 43 46
146 123 78 137 148 59 95 135 43 88 103 62 19 46 15
46 16 95 93 131 144 43 83 53 51 35 86 146 20 129
43 148 113 20 135 132 116 24 81 89 66 101 28 140 71
56 32 96 110 126 123 30 44 114 121 114 98 61 137 118
32 12 122 139 75 76 99 14 77 112 92 11 69 67 103
26 33 118 13 88 125 11 70 54 74 145 51 101 135 65
98 11 111 54 145 102 83 88 52 82 88 127 59 143 34
59 87 146 24 16 21 36 37 104 51 121 96 74 149 102
46 100 104 13 100 26 44 98 76 21 16 145 68 41 77
13 16 132 24 75 109 59 10 102 84 76 22 133 38 19
70 68 127 97 26 19 122 85 57 12 56 66 64 11 83
43 16 134 105 21 122 35 69 128 25 25 28 97 84 109
75 99 96 133 129 107 48 36 134 29 107 131 11 142 63
107 25 103 94 47 29 41 129 11 75 60 140 37 74 36
14 13 27 90 62 101 133 38 65 38 75 133 48 13 135
77 105 41 69 40 62 17 105 148 130 127 67 24 120 58
85 64 17 90 122 62 30 20 54 19 64 28 144 42 13
145 107 21 141 23 99 75 59 97 48 79 82 60 100 135
42 33 139 77 36 100 96 76 66 17 30 56 12 80 109
47 23 14 128 120 46 36 78 70 32 107 56 91 43 130
61 59 117 14 56 112 69 46 89 74 146 75 95 133 110
133 106 64 141 110 112 45 136 61 55 147 32 90 21 20
32 10 97 130 62 94 106 86 105 44 119 89 72 19 95
147 21 106 134 78 69 61 93 138 55 116 133 137 70 144
97 32 128 126 56 15 139 123 141 94 30 144 92 64 79
43 83 59 67 90 129 78 58 85 31 55 57 123 118 144
11 142 42 63 107 24 106 102 145 34 73 96 52 131 67
