0 0 0 0 0 0 0 0 0 0 0 0 0 0 0
58 16 130 53 74 114 134 55 80 148 39 17 10 28 88
112 43 95 80 116 47 84 23 12 120 100 139 123 32 144
107 55 112 83 131 138 25 30 111 124 38 112 147 104 79
33 134 94 138 124 49 43 35 103 24 72 90 114 96 11
38 52 48 68 118 78 29 39 31 74 82 57 58 27 135
50 137 14 29 144 72 86 74 92 110 73 143 117 112 31
104 10 114 43 29 20 60 91 89 141 139 12 126 144 132
40 136 50 60 122 65 25 20 146 74 55 10 25 112 57
25 46 19 71 15 123 66 107 43 111 75 43 64 86 92
113 93 95 102 79 39 69 44 94 66 26 32 29 107 144
121 123 79 141 27 58 15 52 19 42 145 143 65 19 30
49 14 141 64 20 41 65 59 80 35 23 52 81 62 124
82 90 52 64 145 40 37 63 87 127 82 51 26 135 77
45 76 128 112 113 29 109 59 44 134 28 33 102 44 128
128 87 143 118 138 138 135 62 140 43 137 63 48 37 86
72 75 84 103 55 122 31 128 145 131 72 48 13 30 105
88 64 115 137 64 58 39 118 120 100 73 81 54 21 102
86 43 93 139 89 145 27 121 135 70 121 60 118 145 139
39 129 66 144 23 96 82 77 40 18 12 52 125 62 65
41 48 93 26 66 55 14 112 11 98 147 60 82 26 43
33 64 87 30 125 56 115 14 61 104 141 19 80 19 77
98 56 16 81 111 147 141 99 28 119 71 118 36 82 110
64 37 60 148 90 103 131 55 109 22 149 43 70 144 149
148 78 47 80 47 83 121 67 56 45 140 108 90 142 51
49 138 28 97 132 15 102 38 139 95 114 38 92 147 131
123 34 14 124 100 41 45 48 139 147 10 46 34 92 126
71 38 49 88 128 93 57 114 20 71 103 125 97 69 68
23 99 81 90 73 19 68 67 75 76 99 68 76 19 43
105 38 35 45 76 100 25 112 98 37 67 68 144 69 82
145 23 133 19 132 55 111 10 58 23 112 49 99 131 93
37 35 143 46 113 57 13 14 132 45 100 126 69 45 74
25 61 38 82 136 28 115 118 10 128 103 149 100 141 101
80 73 95 100 58 142 38 67 67 40 119 52 20 83 27
39 141 133 63 11 54 142 81 111 59 62 143 76 77 10
93 70 98 66 10 97 26 13 109 69 16 37 81 13 58
78 106 43 22 106 79 58 143 30 46 33 92 137 76 110
60 74 42 141 12 25 112 139 120 88 119 30 89 17 115
80 38 145 72 121 83 67 82 113 57 11 54 54 137 106
