0 0 0 0 0 0 0 0 0 0
22 119 68 131 91 133 13 52 75 76
115 61 22 18 43 116 149 17 143 54
50 73 15 67 121 107 128 97 107 109
124 92 137 96 52 52 40 56 89 137
136 70 127 81 126 68 140 33 85 40
135 125 116 101 87 11 44 99 70 143
88 85 93 82 132 146 48 133 67 72
100 90 77 11 44 72 108 139 114 148
34 49 53 34 85 117 99 134 45 85
67 100 30 88 27 101 143 10 106 124
92 13 84 91 148 85 69 91 28 13
59 55 21 35 46 36 66 59 80 61
79 107 101 46 104 23 98 41 61 117
42 111 86 140 82 119 40 145 45 37
131 63 40 97 50 42 137 80 83 143
37 84 10 14 75 91 115 24 137 35
149 19 84 93 58 46 77 30 95 125
95 69 100 65 65 132 132 104 148 116
149 30 36 103 74 20 39 132 76 79
50 17 109 128 121 81 74 13 87 118
84 111 115 91 115 98 104 60 28 57
66 72 73 85 123 138 132 39 24 91
135 11 76 147 103 78 37 51 30 128
29 96 49 143 103 146 140 86 145 36
85 105 101 149 125 60 36 63 34 101
45 96 111 100 49 148 128 122 83 16
88 16 37 65 106 43 139 95 94 137
149 42 114 81 62 84 83 55 20 49
84 147 104 38 57 67 11 131 91 83
91 130 121 138 127 13 22 45 84 25
99 72 11 99 47 55 17 60 43 131
25 47 15 31 72 56 94 45 25 75
102 95 138 103 16 81 25 43 60 146
109 83 86 112 65 49 29 47 53 80
96 35 93 95 104 136 98 142 40 130
98 53 76 121 79 11 113 107 113 95
95 113 32 126 34 131 43 29 81 59
34 73 67 135 106 144 87 10 126 128
70 125 134 120 18 131 80 122 127 35
40 83 23 88 144 22 82 102 130 64
95 140 99 10 103 42 62 11 49 41
51 52 53 74 27 100 40 10 72 139
133 104 16 32 67 34 29 128 36 127
46 16 10 35 38 10 129 113 33 121
129 143 84 96 110 14 87 129 92 87
10 107 19 75 88 68 146 32 12 144
58 67 47 47 100 50 130 68 100 135
39 114 49 60 24 42 20 88 62 44
34 136 96 16 112 100 146 59 47 46
100 87 142 131 73 122 102 66 83 95
29 20 26 92 142 74 124 42 15 32
106 51 79 129 93 60 109 83 35 10
11 85 127 138 99 142 73 32 12 32
135 101 12 124 63 52 133 101 48 148
86 32 54 136 24 139 50 130 71 36
20 14 88 36 69 24 108 18 81 114
114 126 91 63 17 112 113 71 125 114
23 108 45 53 78 12 98 37 28 117
128 44 90 20 44 50 73 47 143 65
75 114 59 78 65 79 133 16 28 60
145 16 75 120 54 55 135 147 103 20
115 97 136 12 51 124 118 108 47 79
141 77 118 126 125 93 131 16 44 128
64 17 30 64 37 26 78 118 75 82
108 20 121 112 82 138 41 99 14 51
64 54 28 148 75 108 28 98 34 54
30 48 122 125 148 107 18 18 65 130
48 63 101 66 17 31 119 111 127 74
107 33 115 118 97 25 137 56 126 47
55 13 79 84 89 106 14 69 87 73
16 132 118 85 45 94 33 86 112 57
30 118 83 15 36 49 119 143 21 62
63 79 70 143 54 48 92 88 76 25
12 34 85 58 32 63 129 11 84 142
115 24 68 53 88 90 109 114 132 129
20 47 30 124 67 116 111 83 116 111
79 120 134 61 87 17 104 144 145 87
148 57 10 69 103 71 134 144 114 101
15 68 11 95 24 31 73 86 129 89
53 97 58 110 131 66 149 87 132 29
54 12 76 77 147 67 48 130 27 71
148 27 107 84 19 115 33 119 73 134
124 143 116 143 33 105 44 32 102 56
53 131 65 106 142 134 107 123 106 124
16 34 21 58 95 110 54 44 132 90
66 38 128 22 92 37 43 115 40 138
57 141 142 34 34 33 100 72 45 138
36 116 85 16 74 51 105 124 96 115
29 51 86 33 104 10 67 52 87 140
89 19 73 82 136 22 14 54 50 102
110 14 21 95 105 39 70 12 95 59
139 62 63 128 13 92 37 125 86 70
113 14 78 103 99 70 86 133 55 72
58 128 125 50 41 14 23 141 40 22
50 133 23 149 33 107 46 144 15 57
24 136 145 54 125 116 57 113 18 46
18 49 96 103 70 21 79 30 130 51
108 47 117 28 86 74 53 73 21 82
111 49 52 10 25 73 43 110 63 90
144 134 15 73 72 77 120 16 139 117
