0 0 0 0 0
83 57 10 18 140
118 53 11 12 105
116 71 86 120 142
28 20 138 108 142
50 72 136 22 25
101 48 46 17 128
101 28 50 137 76
58 87 14 82 56
83 119 17 116 40
108 87 124 108 49
116 99 94 14 143
19 134 78 134 149
131 128 34 87 84
117 74 65 146 52
108 113 144 17 67
73 40 79 27 148
58 81 91 25 29
49 46 10 107 16
95 53 46 26 105
115 11 81 133 74
78 137 64 96 125
29 35 36 18 86
109 129 142 48 107
17 28 129 105 142
134 43 125 75 23
78 66 53 50 100
43 60 108 114 50
75 27 127 110 91
50 119 26 126 108
15 142 98 13 122
80 17 149 123 79
32 47 134 38 46
75 123 104 30 137
30 24 39 10 102
128 140 129 25 118
22 24 36 30 72
109 10 36 44 118
146 27 124 133 83
147 41 36 52 101
113 83 46 93 85
33 121 143 66 110
53 107 21 85 139
74 133 44 39 97
20 106 56 18 134
