0 0 0 0 0 0 0 0 0 0 0 0 0 0 0 0 0 0 0 0
31 57 79 86 31 44 137 89 70 145 44 126 42 95 127 66 21 120 139 18
133 123 72 61 120 117 147 17 106 148 148 71 138 82 99 122 47 66 77 15
139 33 17 71 56 100 111 30 12 135 126 53 118 133 66 22 52 141 128 61
28 19 109 61 41 79 48 121 35 22 56 50 104 61 37 79 79 148 129 122
124 138 100 26 70 33 108 119 75 57 51 42 38 11 43 113 127 88 20 42
77 129 137 48 104 22 88 121 34 98 63 78 118 14 61 55 110 61 135 41
74 111 84 109 61 48 98 135 77 83 102 45 103 54 138 74 31 145 58 100
125 13 143 38 136 56 147 11 11 126 73 124 58 147 102 36 24 50 73 49
117 46 129 46 20 45 43 132 24 65 39 42 77 11 84 71 46 117 44 64
29 90 22 13 109 10 16 146 89 121 59 32 138 109 139 129 74 52 135 16
97 93 28 114 20 84 11 111 120 120 136 22 20 70 35 104 22 116 33 90
58 127 116 85 88 65 76 72 126 139 37 17 127 70 52 134 43 52 114 101
11 107 88 84 71 139 133 16 110 145 107 97 79 60 89 90 19 27 140 113
14 89 140 23 78 68 29 120 89 20 124 144 58 75 76 20 42 95 57 13
45 63 57 101 93 36 112 11 24 139 47 53 116 43 61 109 143 126 61 64
89 149 70 80 46 24 111 109 103 10 90 129 22 110 94 63 122 120 113 79
100 82 116 17 50 61 83 30 137 33 137 107 32 86 63 126 25 88 13 118
106 127 40 17 141 130 75 137 24 77 74 32 112 71 94 127 130 68 12 144
12 43 126 47 54 66 113 77 106 33 141 149 75 50 49 60 148 99 21 39
11 119 106 34 91 120 108 118 135 115 80 90 63 145 88 92 76 45 19 62
146 119 42 44 110 133 70 147 22 95 143 115 74 30 77 22 127 17 103 38
34 133 40 99 14 93 65 54 97 115 34 142 50 124 54 116 14 107 146 62
149 113 132 121 65 114 57 130 126 19 112 95 76 47 130 25 124 89 54 48
31 69 45 136 71 113 42 57 53 45 35 37 91 60 98 130 30 144 114 11
65 38 63 56 10 111 127 128 30 64 133 60 82 104 119 91 16 97 74 49
122 20 17 98 88 79 30 52 96 90 70 65 23 114 29 98 106 24 51 41
31 18 86 119 80 107 40 105 13 57 141 95 149 19 144 87 13 28 129 122
64 129 75 64 68 64 99 111 55 17 42 127 89 22 27 126 139 93 67 22
114 118 45 20 121 34 35 104 27 86 15 110 35 130 46 26 116 48 87 14
24 142 108 98 146 74 55 131 49 21 149 53 149 99 22 20 145 44 125 64
144 35 18 63 116 147 91 99 116 62 31 88 10 106 70 44 92 58 141 94
86 31 140 94 86 21 139 113 79 146 32 137 23 117 13 68 101 21 31 69
67 148 85 39 77 35 86 89 16 19 18 45 18 78 119 65 52 56 51 34
81 99 26 68 56 147 11 97 99 35 39 81 95 115 75 75 45 84 77 60
126 47 31 130 58 68 58 58 17 116 75 108 21 30 61 136 58 59 93 127
20 28 93 97 46 62 125 77 106 49 105 94 135 18 26 41 99 140 20 120
25 91 91 115 35 26 77 29 120 123 84 85 130 80 97 26 119 31 85 137
51 92 22 104 14 38 98 14 106 147 114 28 116 122 134 111 12 19 111 62
126 13 149 39 147 44 119 136 46 20 29 65 91 90 147 43 126 118 37 126
80 83 73 133 57 21 68 56 10 47 121 95 81 43 30 146 34 63 38 16
28 33 77 97 75 149 79 117 135 133 90 112 36 12 59 103 37 37 112 101
132 65 15 115 120 66 114 38 55 110 117 16 124 133 118 128 46 100 102 113
53 49 136 95 94 133 101 67 110 75 80 13 74 74 106 16 119 130 85 13
62 101 29 124 94 57 97 121 59 11 57 62 67 146 94 33 53 78 18 96
62 128 61 132 81 10 102 111 34 45 48 116 114 56 28 14 120 135 52 104
74 115 108 116 53 85 131 79 23 117 80 82 43 139 77 44 75 28 88 124
140 64 91 121 13 95 30 85 40 56 17 130 52 49 41 100 78 42 36 88
44 146 68 17 76 83 118 49 77 19 125 71 73 108 78 42 36 127 91 119
119 22 25 119 125 68 103 54 147 131 103 32 124 58 13 12 134 99 109 44
16 13 149 54 25 72 97 87 12 82 21 90 61 65 83 86 17 92 32 126
128 103 36 125 116 113 111 74 112 137 91 24 16 87 73 35 49 116 69 84
116 93 87 19 54 113 59 36 66 80 44 145 29 21 41 10 61 127 99 106
30 36 47 113 122 82 47 15 80 148 45 79 56 56 124 57 85 87 99 37
27 37 86 34 78 31 99 137 140 18 109 16 58 49 58 111 141 129 86 41
92 129 90 101 88 76 22 10 114 20 99 140 72 134 23 135 114 90 30 57
82 113 144 62 116 58 24 108 32 21 57 64 77 17 77 94 39 46 71 54
90 31 34 132 23 145 94 20 29 48 22 109 113 36 123 102 86 43 147 77
13 119 119 42 30 147 132 79 89 145 141 51 141 109 66 57 43 141 110 59
100 17 112 126 64 98 34 110 121 101 101 58 147 90 105 108 32 15 11 102
32 44 80 108 94 75 100 34 99 93 53 85 73 109 128 68 104 50 148 120
50 115 54 118 28 33 23 90 68 103 48 43 73 140 57 76 112 130 45 132
63 112 109 137 126 128 47 107 35 54 79 42 70 98 23 25 133 126 119 138
63 23 125 57 119 43 88 69 23 36 40 121 115 52 52 38 140 113 140 23
114 38 132 28 103 36 13 103 126 124 61 142 18 121 125 136 100 29 20 126
148 44 124 37 86 101 136 41 112 43 95 90 30 96 78 86 91 96 145 19
40 15 124 100 30 59 113 43 131 145 148 104 51 93 107 83 63 63 114 102
140 72 54 135 123 14 80 23 149 25 111 74 146 141 107 103 30 47 62 40
64 106 31 74 102 98 139 14 17 47 118 125 123 59 22 142 141 138 64 149
41 138 50 96 116 149 55 102 68 27 33 58 67 112 132 145 138 127 133 83
52 34 81 99 144 146 71 88 127 98 71 32 116 104 146 133 132 133 35 107
90 131 40 100 100 134 76 26 27 49 76 64 65 120 135 76 61 34 93 79
25 41 74 135 38 137 121 142 39 50 57 146 82 47 67 38 71 107 98 133
109 89 133 140 102 98 92 61 58 126 96 41 10 136 134 17 92 27 120 143
18 132 46 109 16 103 78 74 112 42 117 13 87 85 43 94 21 132 55 98
64 83 74 18 137 102 141 81 31 86 33 138 22 78 47 102 57 74 143 78
105 33 19 29 76 32 85 113 40 19 41 106 28 17 114 68 60 110 14 16
15 25 46 77 17 70 69 76 20 85 67 120 109 70 126 89 120 27 72 25
77 103 93 114 138 116 120 24 116 43 44 114 97 45 10 74 143 20 120 33
54 116 105 44 39 17 129 78 66 61 64 94 123 121 43 68 87 91 96 69
58 12 16 70 76 40 18 63 128 121 113 48 127 36 104 104 74 48 141 52
106 130 144 85 30 96 57 134 17 74 45 66 121 121 75 99 109 141 132 38
65 109 126 63 127 35 52 127 23 132 41 58 147 80 127 78 105 60 98 11
145 84 149 33 124 62 149 95 84 140 58 145 134 33 16 123 104 114 125 92
36 77 28 113 132 102 55 10 30 128 81 145 23 27 101 35 144 17 142 128
67 28 67 61 24 101 95 52 52 36 96 138 135 97 90 134 33 137 18 66
97 133 146 100 118 54 140 67 74 109 120 90 17 73 106 130 114 84 37 147
119 122 103 47 35 39 110 81 40 55 131 36 129 96 149 74 84 35 96 30
38 143 38 131 62 111 105 38 42 105 103 94 20 35 55 61 88 11 114 144
43 41 83 20 81 147 56 65 86 69 16 24 11 34 97 131 43 57 71 38
130 143 139 28 41 149 37 112 144 75 29 24 127 117 17 71 118 51 109 59
108 108 86 96 21 103 145 125 50 127 149 104 34 141 75 63 58 17 88 77
134 144 129 40 148 79 87 106 70 100 18 109 20 15 56 79 47 109 126 149
22 113 57 34 77 146 91 44 31 89 51 64 74 103 82 128 96 147 113 122
51 123 119 34 80 23 91 80 13 106 85 127 98 65 72 132 46 26 145 127
130 43 139 33 134 106 95 117 76 130 108 57 66 133 78 131 118 87 129 116
28 28 10 143 14 23 60 38 36 61 34 15 94 99 21 97 128 20 129 61
93 108 80 108 41 85 98 133 18 118 99 122 103 51 75 23 149 71 98 126
89 24 126 11 18 37 117 37 117 96 18 136 39 29 103 64 62 95 113 142
33 20 65 118 135 136 141 31 70 61 142 135 131 147 55 76 119 74 44 15
51 92 43 145 109 109 88 78 22 31 12 142 145 86 148 37 87 43 33 125
19 126 145 134 41 23 112 127 148 59 17 90 20 97 104 127 71 45 124 80
51 120 58 30 67 122 27 125 35 121 132 81 94 94 82 128 19 65 79 98
140 134 114 148 133 103 149 141 38 111 16 121 45 67 33 110 48 62 148 60
135 76 142 97 104 61 99 119 43 57 83 17 92 51 141 18 29 13 103 22
67 118 108 62 71 18 116 90 35 24 85 24 40 79 30 126 72 131 12 47
123 113 149 23 114 68 109 21 25 53 108 61 49 10 117 12 44 77 134 82
142 53 77 45 92 96 37 136 131 89 103 113 47 59 19 107 68 52 112 29
116 16 135 45 72 119 18 111 124 127 11 43 45 135 20 102 63 93 45 114
38 10 57 76 131 146 75 31 77 17 26 122 147 49 60 38 131 120 24 144
125 130 37 149 113 26 110 82 112 41 75 128 101 101 57 42 13 35 55 101
