0 0 0 0 0 0 0 0 0 0 0 0 0 0 0 0 0 0 0 0
137 109 32 146 21 139 84 77 12 69 100 132 124 143 117 56 118 119 118 83
140 116 22 93 36 63 44 115 79 60 145 35 20 78 28 11 59 97 125 139
123 32 78 126 57 48 37 41 104 131 39 78 24 56 117 45 100 116 106 139
43 28 128 139 51 13 108 24 131 74 90 120 49 143 106 108 110 70 62 18
111 138 142 52 105 13 128 121 91 134 17 61 149 125 34 67 79 47 107 128
35 48 29 73 22 96 132 115 64 140 23 37 23 11 12 37 42 125 42 135
62 88 36 34 133 58 59 63 133 112 131 88 53 141 63 13 87 80 25 114
131 80 118 39 149 69 114 15 24 57 147 131 146 108 97 144 102 89 97 40
49 86 39 142 128 32 92 46 15 96 56 78 106 72 69 73 82 57 134 122
38 112 65 88 122 116 78 107 19 47 99 58 137 42 75 144 44 51 137 130
133 78 122 134 22 57 92 115 82 58 127 121 41 102 118 79 103 52 45 73
118 39 45 84 78 98 79 37 40 56 36 143 101 135 22 78 129 109 77 115
115 48 77 13 94 12 37 17 136 13 80 41 99 79 62 69 11 113 82 31
52 22 146 134 149 148 132 78 37 124 21 31 133 58 82 103 84 90 113 138
103 139 59 55 97 39 113 145 63 56 121 12 26 52 66 89 11 76 31 34
132 82 140 59 63 39 122 146 14 49 63 28 37 46 132 42 139 147 137 106
69 103 149 52 121 80 82 106 60 131 65 128 25 116 55 42 142 93 135 41
119 13 60 29 97 42 54 122 149 10 114 64 135 44 130 110 111 147 12 44
16 149 25 34 80 129 41 62 63 79 98 104 74 126 97 102 13 145 128 139
118 90 26 34 18 128 121 134 41 97 118 82 98 84 89 13 96 64 136 108
120 68 135 110 39 105 89 147 68 81 114 26 101 15 20 85 25 146 137 148
62 49 73 17 143 61 140 80 128 37 62 149 90 147 27 63 55 25 39 95
11 99 20 77 50 94 87 98 17 46 114 77 28 14 84 113 118 12 71 68
137 12 137 11 133 100 96 80 41 51 76 68 47 19 13 146 104 25 94 105
16 145 25 47 116 109 128 148 91 76 68 142 22 80 41 144 71 125 110 23
111 44 35 135 144 137 82 76 66 75 75 32 58 141 110 45 88 70 15 61
113 38 106 23 77 15 133 136 142 40 142 81 117 107 92 114 140 149 38 108
95 61 129 89 114 33 140 94 78 56 75 121 85 96 133 70 27 45 125 75
60 96 149 22 72 25 58 52 119 124 147 66 24 65 67 128 60 134 146 18
22 65 14 35 18 28 98 113 91 121 55 52 97 54 20 52 65 30 50 149
67 29 143 129 117 114 74 17 31 107 36 53 69 107 104 93 131 86 82 102
124 118 14 38 110 36 65 134 45 59 71 40 89 136 87 99 91 101 148 50
129 45 142 91 102 10 23 141 95 77 64 78 50 96 137 138 13 72 50 113
25 60 70 22 63 66 131 29 113 21 27 115 93 50 96 79 91 84 114 63
121 103 11 63 97 54 139 140 95 139 149 101 90 112 122 49 31 84 53 27
32 60 73 140 135 58 42 38 127 27 134 62 37 67 83 39 25 119 65 147
128 137 17 132 35 72 37 140 28 40 130 27 111 40 68 98 32 59 14 22
29 105 101 141 66 136 128 11 110 42 93 22 24 104 79 146 60 106 147 79
131 18 36 92 106 115 79 87 40 73 104 55 34 62 62 121 108 130 115 20
63 147 46 106 145 123 113 24 31 122 11 120 101 138 133 99 52 62 36 126
82 21 77 98 136 148 97 128 134 149 42 84 109 62 32 17 141 35 117 109
93 60 112 96 45 11 126 97 102 106 119 117 60 145 32 141 56 31 145 79
140 51 109 27 99 126 16 121 110 113 75 34 132 26 18 45 69 56 67 86
74 86 41 105 109 115 93 61 70 66 138 122 22 63 25 99 141 20 114 14
27 71 60 104 105 78 20 119 36 142 43 142 72 132 26 24 61 24 83 139
76 52 79 43 111 73 67 97 104 94 85 132 96 49 59 42 46 11 126 95
84 95 142 114 115 15 148 140 138 133 21 97 11 92 63 23 28 106 11 149
34 77 23 138 24 70 148 129 64 123 13 66 94 110 20 128 130 30 13 126
45 21 149 40 109 132 48 60 113 52 80 58 30 47 141 62 85 135 73 15
123 63 89 101 77 55 136 111 56 30 11 96 91 113 115 85 125 105 105 64
105 147 63 10 27 118 49 70 29 63 40 74 84 137 135 144 66 53 65 132
24 139 102 49 37 105 77 46 52 74 58 136 13 119 118 32 94 94 35 149
16 14 92 34 142 62 37 85 26 23 104 42 97 140 97 11 92 45 77 111
149 10 49 74 103 149 116 24 138 132 92 123 71 91 54 109 112 12 96 124
103 107 69 45 55 58 125 28 10 82 133 25 141 119 130 113 26 92 101 16
70 140 74 12 38 89 59 129 48 131 39 117 123 29 137 57 22 57 142 131
56 94 35 129 32 106 83 140 29 74 90 46 82 108 13 80 141 118 142 26
113 76 39 134 36 16 34 22 130 74 130 77 121 53 51 38 140 58 111 42
50 56 123 34 123 118 67 41 145 91 16 76 38 71 19 101 16 66 103 94
142 13 114 15 72 121 56 59 62 146 29 75 43 56 137 148 73 145 92 143
138 30 58 128 129 64 63 97 94 84 63 132 68 39 143 134 87 70 104 81
115 130 43 126 13 19 71 130 13 133 44 122 85 139 24 25 100 141 67 131
101 108 58 121 26 12 110 130 138 73 102 111 15 115 60 89 45 20 142 27
17 113 135 83 133 24 34 50 124 112 145 31 48 118 48 134 128 31 40 36
63 28 148 91 69 67 100 71 77 47 130 91 37 20 24 83 81 142 36 90
12 30 27 122 120 45 111 146 10 109 126 106 64 10 105 46 129 92 67 134
69 89 114 63 47 87 118 33 50 63 112 57 119 72 63 140 88 103 109 33
53 39 75 74 139 113 98 78 29 107 89 22 18 39 15 124 27 111 133 121
19 84 81 87 33 105 49 130 50 79 113 47 125 131 75 145 73 42 128 77
143 136 98 147 101 46 108 35 111 147 21 44 33 19 67 118 139 40 57 28
122 97 111 47 25 20 67 29 79 12 99 72 14 147 74 44 124 132 28 117
39 30 111 112 55 90 23 144 49 51 48 13 133 31 50 122 137 142 60 98
66 49 135 79 123 117 126 58 49 141 140 113 45 64 27 17 25 144 90 47
115 46 101 44 86 143 26 123 74 11 80 18 30 51 146 123 47 58 54 78
123 19 112 89 108 137 22 124 76 114 44 40 69 84 89 11 129 70 65 26
132 29 89 72 33 41 124 37 131 82 52 42 67 132 112 36 64 69 115 85
122 26 136 99 47 98 107 138 25 94 119 141 85 49 45 60 102 141 104 88
66 21 107 13 28 144 95 96 117 115 91 84 108 27 129 80 98 136 15 145
128 55 58 98 40 126 95 73 139 90 30 10 129 145 23 102 17 46 123 22
74 32 57 140 147 62 104 64 51 16 93 36 22 45 90 69 35 110 144 30
105 41 122 24 120 115 20 117 102 80 68 64 128 61 107 46 127 46 126 81
69 23 39 102 116 29 99 133 61 26 122 88 100 147 50 36 93 35 138 130
91 33 52 75 125 55 55 69 112 11 90 139 90 56 146 89 40 121 17 107
130 96 100 140 78 21 111 48 148 129 50 14 95 98 51 10 77 146 120 68
34 128 88 87 50 90 62 85 79 52 113 130 49 121 13 20 50 135 77 49
95 15 58 54 141 145 100 130 68 35 97 96 59 67 107 49 112 113 35 36
115 63 26 23 129 98 147 14 72 143 134 85 20 143 17 123 27 51 89 13
72 79 112 139 93 133 115 119 30 80 20 135 54 73 40 87 15 120 51 87
144 44 16 144 54 38 147 18 45 51 109 94 22 123 114 93 45 115 128 75
97 67 136 41 75 31 130 10 29 131 99 46 14 109 21 92 135 69 52 16
28 130 134 133 66 57 53 88 114 31 19 110 97 18 93 11 29 89 85 77
31 36 137 87 76 66 116 22 63 91 137 132 114 60 38 137 40 49 130 25
79 85 105 74 19 45 139 57 73 99 131 101 106 112 73 11 24 28 109 88
11 95 60 82 60 118 10 105 121 145 140 115 109 139 10 77 74 116 128 101
20 102 30 136 35 65 26 34 15 68 76 94 46 116 48 89 23 115 17 92
149 42 90 142 110 108 84 31 140 64 77 97 26 49 44 25 125 103 51 10
61 87 106 95 136 83 100 11 85 15 119 88 131 102 55 33 146 108 56 28
52 87 73 10 58 21 41 44 97 127 83 10 45 12 12 41 86 116 140 119
127 94 85 144 125 35 55 138 144 46 99 145 89 126 120 45 76 91 61 103
22 24 11 108 37 71 146 89 55 74 144 132 32 64 111 111 145 121 103 77
89 52 78 96 146 103 79 22 45 135 113 79 56 124 97 140 47 40 79 34
39 75 28 42 96 31 35 41 115 31 137 101 71 81 127 127 111 102 71 80
130 127 133 148 76 41 94 94 125 58 28 46 101 47 44 45 112 19 99 106
138 126 102 49 28 12 85 31 143 130 72 38 75 13 132 120 149 32 18 115
100 110 91 97 106 138 13 142 82 146 64 129 71 43 15 134 69 110 125 105
58 36 49 66 109 66 67 16 118 80 85 84 15 55 139 109 75 33 52 70
47 23 79 35 115 133 37 121 68 127 35 149 50 80 45 51 55 130 54 51
44 122 114 39 64 103 17 61 120 91 81 52 73 73 39 77 111 33 28 98
76 138 148 144 65 75 14 93 45 39 121 105 125 128 145 119 122 98 62 124
61 61 139 11 109 13 75 114 24 123 116 85 137 138 87 97 35 56 52 120
115 35 131 50 148 30 90 24 46 148 123 81 44 97 56 149 136 81 95 18
141 125 71 137 138 38 74 80 60 37 28 101 51 57 39 23 28 76 123 128
58 57 118 42 148 36 74 118 100 85 54 54 82 124 146 77 77 139 94 48
15 112 52 134 137 36 129 84 128 94 136 65 95 111 115 92 80 122 88 51
84 46 97 113 81 108 68 149 10 111 73 28 127 71 12 16 29 87 76 41
98 45 102 108 68 11 75 12 110 89 23 135 45 42 76 36 124 52 14 139
85 118 78 97 103 100 55 123 116 145 78 66 11 94 131 110 68 20 144 115
64 138 135 96 40 79 111 96 89 46 86 108 118 123 18 94 18 35 131 120
95 146 50 108 72 26 103 38 107 68 118 124 69 60 63 136 85 42 116 50
21 116 59 57 122 105 61 130 104 23 44 34 40 85 148 92 64 58 139 51
122 130 76 129 80 103 61 109 32 131 122 65 66 77 137 139 139 126 43 110
123 147 142 100 140 53 28 69 115 75 39 66 94 107 44 99 43 134 61 83
18 23 36 127 26 112 136 15 62 43 79 104 79 75 123 37 130 29 125 103
132 92 147 94 56 121 125 62 33 72 126 114 34 72 59 116 96 21 116 83
38 12 124 68 42 116 131 10 148 141 95 136 148 64 127 53 90 24 113 68
103 24 91 137 65 124 76 135 138 106 89 86 130 78 124 80 56 36 58 18
69 101 65 81 123 139 93 118 24 53 98 135 109 18 80 81 38 12 49 110
146 68 60 40 88 77 29 110 14 65 114 126 98 38 30 105 113 76 78 58
20 10 147 119 74 134 146 120 20 114 29 55 105 100 95 147 149 95 40 50
56 91 39 31 141 108 51 93 76 44 46 124 13 146 29 31 32 51 87 82
119 107 142 69 130 106 75 42 33 80 10 145 56 139 34 52 73 28 93 92
48 72 71 51 24 108 71 69 131 62 92 58 90 82 142 81 52 117 17 47
16 40 132 63 134 127 130 47 60 114 21 35 124 88 128 149 88 142 67 56
70 30 31 72 48 119 111 91 128 118 130 48 18 126 117 140 103 128 117 107
109 43 57 28 81 129 11 64 44 36 74 116 105 130 131 23 143 44 74 87
46 45 60 40 51 21 42 127 81 63 103 147 133 53 83 134 37 100 132 64
70 58 112 42 84 27 15 64 66 18 147 74 84 131 134 138 46 60 62 104
22 49 28 89 130 129 27 12 65 52 91 81 81 17 64 118 126 139 68 71
101 146 111 89 115 74 146 141 105 71 72 77 39 132 35 90 43 57 85 85
48 100 26 140 40 53 94 62 17 72 69 103 18 25 24 95 104 49 149 61
100 90 63 55 103 106 58 114 109 113 128 32 101 121 149 135 101 142 93 120
116 39 13 31 112 110 99 93 74 124 52 138 93 131 137 90 25 75 49 19
89 89 16 32 20 82 20 120 120 126 117 99 113 71 122 138 60 68 82 62
143 38 107 23 107 14 144 91 92 50 146 100 62 83 67 34 117 103 72 141
85 64 72 85 88 108 148 23 50 136 81 144 25 12 142 116 30 61 55 90
23 120 77 102 51 72 116 109 96 125 45 134 50 74 68 50 110 120 113 44
68 56 99 80 145 22 76 28 109 134 115 97 87 43 75 143 110 43 74 53
119 16 45 50 65 72 129 120 11 113 109 113 19 90 142 102 71 21 148 85
103 114 47 11 66 59 120 61 86 123 57 90 146 103 78 22 90 27 130 41
87 106 11 36 75 142 83 27 124 56 47 94 40 122 14 101 56 25 50 145
37 115 30 73 17 89 143 55 55 13 86 71 68 26 31 77 72 76 75 68
26 111 117 60 103 78 135 55 137 33 51 77 110 90 14 64 28 68 85 61
35 14 80 67 143 110 58 145 23 47 108 138 106 75 57 69 131 130 73 40
117 43 78 85 56 49 119 44 68 61 144 126 60 36 25 104 149 24 88 67
109 131 16 42 71 143 31 41 90 37 96 99 21 98 95 106 10 112 107 49
141 73 34 58 133 45 67 50 13 26 56 57 12 47 40 26 132 78 87 131
29 114 51 134 95 76 50 61 99 82 127 81 15 34 99 76 90 10 18 44
36 80 38 59 56 99 30 55 47 31 92 105 115 115 81 32 127 67 39 42
73 77 35 54 94 138 139 27 39 116 96 19 108 56 146 118 126 143 96 52
14 76 124 142 129 59 47 15 117 55 58 77 99 107 81 88 35 113 146 37
