0 0 0 0 0 0 0 0 0 0 0 0 0 0 0 0 0 0 0 0
105 38 129 85 138 12 35 63 116 128 76 57 100 15 94 112 134 108 57 115
58 82 46 76 14 116 35 15 130 35 62 51 104 130 109 18 38 42 20 140
27 44 102 32 95 74 107 10 102 135 118 83 17 119 41 132 71 44 57 12
99 13 110 83 47 46 75 122 101 146 88 128 108 129 39 22 81 44 114 63
106 24 15 38 133 142 60 128 57 145 141 142 16 15 117 93 78 94 135 27
141 18 138 65 139 127 80 83 18 92 10 128 99 81 56 60 38 108 64 127
128 81 129 56 47 126 91 59 51 37 114 95 50 58 70 28 31 41 138 105
124 87 27 29 133 23 110 44 142 48 100 59 134 29 102 103 45 18 91 62
33 88 79 139 11 139 24 76 141 140 133 97 55 60 133 132 116 95 26 103
37 141 67 73 43 147 26 136 114 36 44 45 45 20 46 112 78 77 94 117
144 22 36 40 73 16 25 112 32 126 126 57 128 47 31 126 13 46 10 118
120 106 28 108 82 104 78 84 30 122 111 106 96 10 95 81 69 91 110 35
96 101 66 111 148 17 43 138 118 63 123 65 146 78 63 61 62 17 61 40
35 44 143 61 99 99 83 139 45 101 52 91 31 87 135 59 69 36 116 96
17 31 81 13 46 98 90 54 67 73 145 23 148 86 135 119 13 104 22 97
138 135 62 112 122 64 128 27 98 46 61 135 147 67 133 133 93 119 24 23
38 85 94 40 104 39 78 66 37 139 73 141 148 84 43 103 16 129 77 37
121 128 70 74 62 21 23 123 17 61 145 125 143 139 13 145 21 84 73 46
131 40 108 16 72 89 121 52 54 90 43 89 62 91 137 146 102 137 55 20
112 55 46 101 22 10 35 146 88 110 80 86 89 71 90 124 94 123 40 103
105 82 40 61 27 86 111 96 124 126 132 62 43 51 58 29 72 23 58 22
128 19 37 70 91 13 70 37 68 106 119 16 86 98 135 120 11 129 58 62
17 103 108 29 28 59 90 77 52 131 46 129 52 131 97 39 48 68 108 94
135 52 66 126 110 80 127 67 62 102 143 22 123 38 29 109 27 114 89 39
146 136 27 133 51 88 127 103 20 31 11 70 136 119 137 142 64 98 127 40
55 59 18 119 46 122 98 48 34 36 148 44 149 97 134 127 69 136 92 59
127 113 38 121 37 54 39 67 137 98 68 54 127 90 12 77 33 32 125 30
79 62 40 104 123 97 122 100 89 107 41 62 54 72 98 21 32 76 87 98
148 123 105 44 72 133 43 115 29 51 68 131 103 11 97 146 37 146 19 30
122 48 72 123 79 75 76 70 43 95 11 17 33 72 109 113 110 56 61 122
141 143 34 140 119 73 62 38 136 98 32 127 32 78 16 81 127 103 135 86
121 121 120 136 110 122 78 19 32 62 147 94 82 19 84 115 135 63 93 123
48 63 124 69 48 118 89 149 104 44 50 15 61 66 44 117 32 143 115 131
40 145 72 105 20 38 30 133 57 144 65 35 96 105 109 53 97 87 59 112
104 122 24 32 121 54 38 37 128 132 89 43 109 134 125 67 101 138 95 98
