0 0 0 0 0
76 22 96 135 100
45 84 121 92 35
129 142 138 103 41
125 37 57 63 95
123 29 85 47 115
95 91 88 28 45
90 83 61 42 71
104 35 93 118 15
112 60 99 109 67
95 130 47 83 50
103 67 46 130 108
49 91 100 10 82
121 141 67 148 145
120 24 122 78 129
128 55 24 18 67
93 20 108 62 14
67 22 47 116 69
99 52 19 60 110
98 145 65 146 50
129 75 64 12 55
149 98 23 113 141
28 99 42 83 105
95 135 59 82 108
44 43 11 66 84
93 60 12 20 33
83 135 88 21 103
74 93 86 99 106
47 113 65 119 107
93 79 148 110 140
95 64 90 49 87
33 66 110 70 41
39 73 108 126 28
134 121 99 96 127
15 144 136 40 114
137 102 141 118 14
69 121 30 111 36
31 53 114 53 52
107 46 45 147 42
77 104 20 146 74
65 15 25 72 145
20 141 118 104 141
141 134 112 68 46
102 94 133 14 106
126 35 135 117 37
138 77 73 94 52
29 148 48 106 55
29 63 71 138 132
75 55 107 94 84
132 108 65 27 55
26 98 11 89 32
34 145 56 133 108
60 127 38 24 94
50 112 127 52 116
27 139 97 123 127
101 52 106 123 126
37 114 143 10 20
25 87 25 97 86
122 41 107 140 45
79 122 124 106 138
63 99 135 88 22
134 77 58 101 126
30 126 83 128 74
49 77 91 142 111
149 69 28 27 49
31 117 109 41 117
129 132 52 122 86
121 15 124 55 85
124 11 82 112 116
80 77 110 100 55
148 81 146 69 116
139 140 51 65 15
17 118 106 45 101
82 92 29 110 11
35 124 100 148 102
84 22 93 76 77
56 115 119 32 63
87 46 66 23 117
91 126 145 16 37
123 19 130 148 67
19 13 88 143 120
131 108 135 124 46
148 113 87 131 40
44 119 63 30 120
37 116 76 87 57
141 140 135 129 126
113 51 118 20 146
36 100 111 34 110
108 98 65 78 104
93 128 40 24 117
95 24 56 34 144
76 45 131 43 15
89 23 32 38 34
57 43 11 96 145
28 89 77 17 49
27 53 98 42 57
95 147 16 130 97
136 24 96 84 95
122 98 113 148 87
142 92 139 132 127
122 90 23 85 105
146 108 44 118 48
13 44 24 145 15
31 89 19 90 149
43 16 115 47 75
104 16 19 126 101
91 132 79 21 142
12 132 59 27 100
121 18 29 90 121
80 109 120 121 83
97 113 119 92 51
51 120 69 72 65
79 110 40 135 129
139 29 11 91 75
72 53 12 40 81
134 102 123 21 69
96 77 37 23 45
80 26 56 139 54
37 34 48 54 49
77 59 82 25 88
86 42 97 138 38
138 55 22 64 34
51 94 111 142 106
122 20 55 51 68
146 122 126 34 118
13 41 61 92 36
27 27 70 134 149
49 21 36 45 36
135 17 119 52 131
100 110 71 93 66
120 68 103 113 28
35 143 19 122 64
45 71 146 33 41
34 17 71 48 44
75 87 42 61 93
81 97 37 64 89
16 34 59 108 16
20 77 140 110 20
132 34 134 66 19
92 120 25 100 66
69 131 68 29 103
91 20 128 105 109
78 33 121 35 91
70 114 83 20 43
41 120 101 35 63
94 113 122 119 27
112 95 16 25 81
129 14 126 99 104
21 115 130 148 137
13 119 138 83 92
17 64 130 88 68
