0 0 0 0 0 0 0 0 0 0 0 0 0 0 0 0 0 0 0 0
11 80 146 64 58 48 20 99 70 51 122 56 69 17 59 102 54 101 38 43
40 71 35 60 87 87 147 121 132 101 10 90 70 49 35 52 117 111 39 49
54 16 70 136 12 97 103 106 17 82 82 75 24 109 36 132 16 108 33 133
129 32 80 44 32 21 94 35 85 124 140 140 34 70 126 51 138 106 126 86
33 39 67 112 140 11 25 84 13 107 106 130 80 119 38 122 52 61 121 37
42 78 96 124 37 33 145 30 115 123 88 83 29 107 116 35 50 65 125 140
111 148 84 77 139 138 58 117 20 82 123 15 39 97 28 57 52 33 132 51
64 59 25 62 129 88 25 116 39 27 32 13 49 108 79 54 93 147 62 82
59 71 96 95 126 12 27 137 71 145 14 104 112 132 14 117 61 96 15 62
15 84 23 130 17 36 130 120 107 124 104 64 40 60 108 143 11 110 63 81
84 114 144 104 26 19 37 81 111 70 55 41 26 126 92 21 123 86 33 43
93 41 64 52 87 43 112 68 145 103 15 80 62 116 64 110 54 50 29 106
14 83 126 41 65 106 29 145 137 87 87 62 31 67 33 42 120 38 128 134
58 143 39 83 76 78 113 123 131 145 94 129 84 116 86 75 28 19 143 116
42 10 140 74 147 143 137 144 42 42 76 127 75 133 87 125 57 54 55 54
99 85 22 107 16 33 114 53 137 124 32 85 119 44 84 102 47 91 43 30
44 24 126 68 29 80 21 146 122 125 20 103 61 147 84 63 45 143 137 118
82 144 64 54 109 67 56 96 103 17 119 114 72 36 50 133 61 99 109 33
95 94 136 17 21 37 120 94 14 120 136 49 60 15 75 74 109 15 145 135
21 76 93 117 109 15 140 106 119 40 30 66 140 145 27 118 66 136 123 64
121 122 61 149 101 76 89 44 126 64 144 124 126 71 63 59 111 107 112 13
84 64 122 64 111 90 110 61 37 52 52 10 108 113 109 134 18 66 37 35
147 108 102 17 28 125 76 52 64 18 103 82 37 140 133 72 113 104 102 111
49 139 69 48 83 137 115 20 136 11 140 30 18 91 20 35 80 138 149 48
82 76 112 132 46 60 87 108 73 99 131 143 77 104 58 23 54 108 116 78
86 79 43 80 77 28 46 101 120 136 21 134 30 104 80 35 149 102 13 102
92 26 126 55 125 36 49 135 63 12 138 125 28 45 99 94 97 87 29 97
138 60 132 70 44 67 28 145 69 95 68 35 19 120 17 24 69 22 48 140
32 23 45 85 31 122 147 51 144 26 130 133 39 80 119 117 18 98 126 93
24 99 97 25 90 125 147 109 132 102 123 57 110 26 146 137 43 45 38 38
104 38 131 96 10 79 27 110 71 113 62 102 130 44 101 44 102 65 109 85
122 140 111 34 113 48 98 21 123 75 47 61 72 117 136 77 65 62 36 69
34 70 17 73 17 59 13 97 86 43 55 24 47 144 68 26 71 77 122 30
121 34 149 79 17 99 87 68 132 24 25 29 114 37 58 44 119 10 125 49
77 136 20 22 134 44 66 136 86 41 72 56 76 28 93 104 56 27 86 103
91 26 87 120 38 120 22 92 29 117 132 61 41 74 45 38 75 79 64 35
33 18 116 36 41 137 139 30 72 32 62 115 37 106 18 69 21 10 130 87
135 20 137 144 140 72 114 15 143 61 123 129 87 139 125 36 145 148 57 77
34 149 86 145 125 26 114 44 71 60 115 18 60 132 80 23 47 88 66 112
106 132 20 93 68 110 10 126 119 38 23 141 99 120 103 96 47 86 70 44
93 112 78 97 124 147 134 122 42 47 71 85 148 136 21 79 67 149 44 19
124 45 136 91 106 42 112 126 118 95 47 67 96 40 10 23 62 59 108 145
40 15 129 54 136 147 59 13 103 146 44 55 142 107 138 109 49 40 18 15
52 56 99 38 53 56 21 86 60 148 114 105 68 19 144 88 116 30 26 120
25 12 148 11 55 53 67 131 19 146 78 59 76 86 112 79 74 76 76 53
134 15 104 29 116 99 69 58 41 104 130 147 149 147 18 98 18 65 103 42
147 138 120 118 62 60 90 52 24 82 130 97 72 81 119 50 95 125 75 134
61 30 126 84 79 75 146 33 35 139 80 73 15 132 100 135 92 12 124 69
80 95 63 138 107 99 104 73 57 133 30 16 85 79 53 55 77 79 38 101
127 55 75 23 114 102 121 91 88 12 32 106 57 122 82 27 49 105 21 48
19 120 137 52 59 32 81 60 13 127 141 36 148 145 33 64 29 82 43 29
58 61 49 54 38 141 111 11 87 101 25 28 145 34 46 87 128 138 109 129
46 68 42 89 88 90 113 45 90 114 45 44 113 109 88 65 71 95 105 141
102 87 126 49 92 137 97 136 58 90 13 69 143 26 48 147 64 75 137 78
108 54 147 123 134 76 130 76 12 21 13 15 84 108 18 64 76 105 139 135
113 52 123 102 99 82 27 45 54 148 66 93 21 86 94 47 17 33 130 98
39 56 19 29 147 50 55 53 79 131 116 139 102 112 36 123 128 43 148 120
118 24 56 74 74 42 137 129 64 147 109 19 18 75 37 24 126 38 106 26
50 140 117 34 59 55 25 85 44 34 101 29 27 88 58 86 64 91 109 129
13 114 102 127 84 23 103 100 90 104 23 120 124 116 77 148 63 108 105 96
142 43 33 36 86 90 147 86 37 93 56 89 67 55 107 126 102 26 93 12
92 103 50 136 49 29 48 56 15 66 58 30 55 98 32 78 69 82 73 101
110 132 58 13 139 80 94 110 139 34 24 32 135 112 51 134 65 104 46 30
103 57 30 61 69 132 50 99 31 60 146 89 88 94 38 81 10 18 147 100
108 70 46 86 109 93 33 18 52 94 59 77 56 110 110 37 81 149 41 38
41 79 73 96 64 69 87 112 70 47 34 36 19 132 18 57 128 45 22 50
111 75 30 100 129 145 16 55 35 115 126 84 39 22 69 108 81 141 145 22
145 96 37 46 53 21 26 29 26 52 118 141 149 111 96 90 113 62 87 33
62 81 26 15 114 79 44 87 142 146 103 74 35 85 74 78 46 129 11 128
91 101 105 68 118 139 18 49 12 96 11 88 12 123 38 122 91 39 67 26
102 47 132 12 18 13 91 149 143 51 132 91 93 75 54 140 70 115 111 73
69 61 139 62 46 46 83 101 131 12 125 32 71 60 111 15 91 61 18 61
64 139 12 83 110 50 48 98 130 18 103 79 45 134 90 133 45 94 127 135
125 148 134 146 139 73 23 140 96 50 114 61 80 117 47 22 46 21 93 90
86 121 84 89 142 18 76 45 30 132 60 47 105 45 119 83 112 68 120 62
83 16 50 86 24 58 77 113 134 23 140 63 131 102 49 51 103 88 26 34
99 54 89 71 28 33 70 54 112 14 25 138 47 84 121 145 47 94 20 22
117 117 60 79 19 116 69 40 131 43 127 64 60 52 121 19 92 92 103 95
130 59 115 26 49 60 79 39 38 26 38 47 47 109 114 113 106 108 86 14
34 15 100 137 41 64 23 35 118 107 127 64 48 31 11 46 67 30 109 130
17 113 23 148 116 75 139 119 73 97 104 98 53 115 45 26 70 119 72 136
75 31 84 78 35 57 129 119 105 101 26 18 110 60 96 135 139 72 143 17
32 123 20 11 148 58 46 135 102 47 45 66 126 25 122 37 30 38 86 137
79 25 107 32 137 129 93 79 143 118 100 70 32 54 70 42 55 32 32 43
129 47 138 19 43 100 30 20 15 56 80 74 70 66 118 21 133 130 37 105
129 93 99 65 26 145 95 57 21 88 63 62 99 146 105 18 123 63 88 59
114 94 135 108 100 108 34 59 100 93 91 14 52 41 123 95 128 74 58 142
94 147 113 93 138 10 89 84 19 14 140 113 99 95 93 62 58 81 20 81
20 28 31 16 58 33 56 44 113 18 92 121 114 97 82 149 65 134 124 110
84 41 136 27 10 95 41 125 18 80 116 93 12 122 100 12 122 45 35 125
70 148 42 18 133 72 109 143 95 93 57 63 12 102 94 137 121 98 117 33
70 123 45 37 30 49 61 82 57 109 86 92 129 20 23 110 115 18 148 105
70 44 100 120 113 56 71 141 50 109 39 138 10 73 10 132 82 100 124 108
30 117 69 123 112 35 78 40 107 82 137 62 31 143 43 115 125 94 70 56
43 82 85 113 136 94 57 120 124 96 63 55 72 28 116 24 14 136 34 29
79 58 64 135 100 91 88 85 127 54 95 33 137 131 52 30 135 23 18 40
120 66 105 114 33 87 88 11 62 22 75 25 36 117 78 73 26 84 79 81
107 38 63 134 101 110 69 109 73 21 138 125 75 45 133 109 15 37 128 32
125 68 139 104 16 25 17 112 138 117 25 42 26 106 123 131 104 107 129 13
105 143 94 116 135 78 62 49 105 81 143 92 44 62 45 96 98 60 28 111
114 148 114 85 93 102 56 25 89 12 25 118 87 80 70 14 132 43 106 60
70 127 26 68 31 81 73 122 33 135 43 75 21 124 44 126 47 75 115 39
41 141 101 12 136 61 69 98 73 109 22 60 90 77 43 143 139 36 69 35
60 26 23 124 119 127 102 24 86 58 97 149 36 10 28 30 137 107 83 84
94 136 50 108 62 43 15 124 63 88 53 148 74 130 16 110 142 66 16 123
95 39 144 149 104 20 128 111 76 131 134 110 149 129 50 31 46 79 13 103
62 47 31 69 31 88 75 110 49 86 110 143 17 29 34 87 49 28 53 118
89 20 146 15 65 105 110 108 72 131 82 127 137 86 14 42 146 57 134 114
122 46 125 30 13 108 30 52 143 99 116 98 112 17 132 87 74 127 80 83
46 136 70 144 143 86 29 86 32 24 32 143 47 44 28 94 112 131 94 48
15 129 117 49 80 24 102 12 73 47 17 100 24 38 114 96 131 43 87 35
27 88 138 106 23 45 100 28 138 124 110 116 16 18 66 104 77 146 26 30
128 102 143 93 83 115 135 87 87 71 119 47 145 12 80 123 22 28 51 110
110 139 60 117 93 119 38 95 144 27 94 136 27 38 33 115 93 106 95 79
23 17 95 32 26 104 40 97 137 13 18 149 76 47 93 120 18 114 146 146
130 87 148 41 107 50 98 116 72 67 40 148 93 138 65 65 90 13 127 117
75 57 124 90 104 109 31 54 113 115 75 90 90 112 107 45 15 143 18 50
50 16 141 120 83 115 73 28 119 55 32 147 85 39 52 30 89 35 117 130
124 113 100 135 105 84 43 105 146 103 118 62 114 100 129 147 23 94 126 133
51 37 85 111 29 63 32 51 11 97 48 134 142 37 24 79 42 84 138 18
13 65 54 120 96 99 38 81 25 65 45 40 105 147 102 15 56 71 27 76
16 54 51 117 16 145 14 31 65 72 33 27 104 102 109 145 24 36 28 68
22 30 79 127 108 132 79 90 112 124 11 87 123 35 126 112 18 31 25 86
90 103 71 87 43 129 119 128 28 85 15 69 109 121 148 144 56 32 65 111
100 33 82 13 84 54 37 75 141 61 11 53 33 116 108 11 49 86 33 118
125 66 48 87 108 88 143 97 117 57 113 97 124 127 102 121 95 136 127 101
12 124 52 109 44 71 39 111 24 101 81 35 100 22 133 23 96 106 33 29
58 147 51 36 116 56 53 40 146 96 127 10 57 35 42 114 97 52 83 116
20 27 36 24 17 72 137 137 77 91 129 43 142 126 53 15 86 142 57 19
28 24 136 60 21 17 23 39 97 74 77 133 129 142 109 55 11 139 101 106
37 131 46 104 90 88 97 38 55 29 54 42 139 25 143 121 37 90 90 59
119 115 56 119 136 23 41 61 81 133 88 98 44 85 30 63 106 112 144 86
94 125 147 128 64 127 13 114 129 105 108 145 28 46 123 133 22 70 117 50
55 133 137 31 136 65 15 112 11 13 31 126 105 94 123 149 76 29 135 103
38 39 39 86 115 91 38 83 84 135 95 26 29 129 11 83 124 79 53 66
45 134 69 12 52 53 95 147 86 59 36 25 24 25 100 149 24 63 37 122
98 23 43 47 68 39 61 120 14 121 46 129 25 102 25 137 76 12 87 62
122 14 132 23 64 45 127 44 105 89 16 61 34 83 17 18 105 109 108 35
137 27 58 75 95 112 124 138 18 82 134 123 98 39 141 121 114 115 33 91
87 88 93 143 144 121 52 41 104 97 124 27 129 23 10 77 10 122 62 56
100 98 101 112 16 12 120 138 116 31 119 38 55 93 104 18 76 18 64 27
115 147 96 42 29 135 18 74 26 133 137 103 107 136 49 101 15 68 103 26
78 65 71 141 134 41 43 25 99 131 79 10 18 108 113 113 124 29 51 33
133 20 61 60 131 108 34 125 99 19 61 77 104 17 107 131 92 94 84 136
34 73 134 31 83 19 41 53 109 13 137 107 144 85 71 73 139 84 20 123
36 19 34 71 142 119 48 133 58 109 53 68 131 15 38 34 146 141 147 28
19 21 78 24 58 148 12 29 48 12 132 148 126 145 11 30 138 66 35 72
70 34 44 11 40 120 146 97 45 71 111 17 128 18 125 122 77 50 124 15
70 89 144 12 41 13 146 135 104 84 120 125 74 11 47 145 55 68 34 12
115 28 111 65 83 38 51 139 16 15 33 106 17 143 24 77 140 74 58 127
27 133 142 117 104 85 77 41 55 54 69 96 94 111 147 122 89 127 75 53
127 81 38 66 69 89 72 23 45 68 109 21 22 64 120 32 83 47 38 56
94 116 43 104 56 74 121 20 18 29 126 100 47 71 103 80 14 46 70 33
39 125 129 19 29 42 90 79 41 66 105 105 128 98 103 19 127 58 32 105
49 81 77 92 64 67 47 10 17 97 137 90 105 67 133 27 89 98 94 136
116 52 24 14 32 144 85 94 20 64 12 126 46 37 148 35 65 41 139 32
43 81 38 39 109 149 46 136 50 119 48 18 12 10 30 106 110 29 143 31
82 63 146 130 50 50 33 48 65 48 112 140 81 80 65 22 90 19 47 91
59 103 100 65 19 81 84 67 13 43 99 54 24 30 46 61 125 116 74 78
133 132 57 21 61 143 149 63 98 84 109 15 137 68 32 13 11 144 30 32
93 29 42 126 16 53 74 132 31 68 115 15 122 58 64 75 146 58 35 146
115 126 22 45 98 67 81 62 84 140 145 93 124 35 56 13 74 32 17 31
107 61 76 122 39 84 69 33 128 79 87 86 109 125 74 132 59 148 56 74
76 92 63 27 63 146 19 87 94 102 42 18 40 92 103 56 122 115 11 94
80 133 12 43 109 119 30 43 72 137 44 106 31 78 39 97 145 73 149 82
99 69 34 119 102 146 23 89 138 66 70 100 111 110 136 37 64 26 127 34
114 63 84 149 92 109 44 103 104 116 125 12 108 104 37 119 62 86 68 34
40 149 70 49 39 139 140 53 32 80 41 74 43 145 133 68 29 41 41 55
81 38 41 121 93 113 79 133 52 111 28 101 55 118 145 127 61 101 113 129
21 127 27 27 102 14 16 46 68 43 24 14 96 90 79 125 36 65 136 100
