0 0 0 0 0 0 0 0 0 0 0 0 0 0 0
71 143 134 37 134 146 83 25 21 110 135 119 105 104 28
62 127 117 22 53 19 82 104 29 98 132 11 140 132 108
139 14 101 118 67 64 93 37 90 91 42 56 10 49 89
76 148 113 56 140 146 140 140 37 68 93 24 114 88 139
141 22 47 112 140 111 64 107 107 78 85 149 14 53 108
56 133 86 136 96 14 75 132 74 143 136 44 102 27 54
136 138 126 102 134 42 104 61 15 45 52 108 113 145 16
32 44 75 27 135 70 121 145 140 36 89 117 116 23 71
60 57 120 13 103 124 131 113 143 136 108 60 15 60 50
99 66 133 34 29 53 124 85 119 91 44 107 22 15 142
10 77 108 132 34 142 40 104 135 73 81 82 87 116 128
96 73 110 19 123 112 79 46 14 146 36 92 49 118 90
28 38 21 97 81 35 142 29 59 62 15 94 11 141 23
70 115 88 106 143 138 19 138 58 144 141 73 121 138 130
101 136 102 80 135 143 121 42 140 48 119 35 65 142 10
109 86 60 47 39 40 45 87 37 10 137 110 105 98 99
113 47 10 147 58 68 44 133 77 78 18 65 142 95 53
22 121 107 38 131 11 81 136 89 83 83 88 112 19 57
11 70 107 50 122 30 14 46 122 113 143 106 136 126 125
48 141 61 70 15 51 102 16 43 69 141 16 137 68 108
86 29 104 69 96 46 112 34 140 59 102 18 19 13 13
117 110 81 94 143 125 103 74 101 141 103 85 54 41 100
95 67 44 99 42 80 65 19 122 110 95 22 125 22 13
99 56 113 22 10 92 143 46 97 33 78 19 140 14 107
98 139 41 38 64 31 121 78 43 111 46 35 127 78 128
130 122 25 86 136 31 65 82 137 55 76 93 104 19 64
77 71 40 98 108 16 128 32 142 103 101 135 62 141 129
145 44 108 30 20 55 90 37 109 63 31 118 15 66 14
124 62 41 59 127 21 80 86 127 13 70 148 82 127 55
12 46 131 147 12 40 99 123 135 13 82 51 122 94 61
115 92 78 70 54 60 47 129 127 114 40 87 23 40 149
125 140 41 51 47 60 73 105 112 86 10 62 148 82 119
20 80 61 116 135 33 17 71 91 22 111 134 142 39 28
