0 0 0 0 0 0 0 0 0 0
75 118 69 15 13 83 59 145 134 104
144 51 120 101 130 34 145 26 18 145
94 102 19 122 98 63 49 77 108 21
21 107 44 74 108 48 147 58 89 119
92 69 24 11 26 97 60 17 114 49
68 95 37 134 17 100 136 51 124 114
148 25 125 148 92 132 37 27 26 117
128 148 111 148 36 142 116 38 141 33
107 139 89 103 50 55 24 92 33 23
57 134 110 93 84 110 95 36 19 28
99 62 47 149 137 91 146 89 65 62
72 108 129 77 30 49 145 87 106 50
16 23 72 79 62 117 55 23 59 74
87 59 75 81 31 27 27 98 104 125
78 87 44 88 147 54 53 30 114 91
140 80 75 46 78 114 56 71 16 11
83 122 91 81 104 124 138 139 90 55
129 85 57 36 144 107 93 105 81 137
26 29 17 143 89 100 41 138 68 114
15 139 125 23 68 139 70 47 106 99
141 108 138 37 34 63 86 57 11 99
114 130 124 115 90 66 99 102 70 124
94 57 102 25 100 76 37 146 137 142
17 87 51 118 104 66 128 59 134 41
26 65 118 128 19 109 107 148 112 68
37 88 94 102 75 101 91 34 62 92
21 145 34 24 52 41 43 110 98 89
37 99 95 38 92 118 125 76 116 136
118 108 90 39 65 104 69 12 37 90
71 123 123 86 84 68 139 93 43 93
124 18 71 68 95 105 79 77 105 146
53 67 128 87 146 107 133 130 97 77
37 72 72 66 104 69 75 70 48 97
85 10 130 107 14 70 103 86 18 93
49 112 102 71 56 11 112 116 80 117
48 76 59 61 144 98 116 52 84 137
37 97 127 28 107 66 53 44 61 17
109 78 18 25 124 25 11 83 115 87
50 138 61 141 77 50 125 79 52 47
120 103 149 146 56 24 11 21 102 10
19 117 86 134 101 117 16 16 91 72
126 96 119 85 111 137 114 13 141 23
80 37 140 64 56 13 137 139 31 127
140 34 45 30 117 50 77 68 109 17
148 10 103 36 73 109 69 22 101 96
116 62 28 143 11 122 109 60 87 96
17 81 58 104 25 149 142 91 77 113
16 109 84 16 87 13 124 26 81 24
57 141 111 149 45 33 32 135 33 64
90 80 74 43 98 117 107 106 147 127
139 137 54 104 89 18 88 49 40 119
30 63 42 57 37 35 97 121 92 118
