0 0 0 0 0 0 0 0 0 0
135 147 144 64 17 96 63 96 137 119
80 116 141 89 99 13 107 22 35 129
102 80 109 136 41 92 21 91 145 103
22 23 81 68 18 125 17 81 30 79
17 111 26 140 77 49 98 63 114 58
15 79 50 120 75 118 61 48 75 18
45 23 85 69 132 72 113 97 78 125
102 113 143 60 42 14 55 127 142 62
37 41 77 101 113 64 122 60 25 140
38 120 55 48 66 29 85 59 44 70
60 140 102 52 20 74 19 117 85 73
16 50 86 90 139 69 147 109 91 29
147 65 124 135 122 72 130 103 78 130
65 21 78 103 19 39 38 45 144 64
112 65 74 138 106 125 32 104 126 23
55 145 126 110 92 59 74 112 132 53
18 117 14 15 105 71 13 70 69 84
60 65 55 126 88 19 105 82 63 98
131 137 27 24 138 88 12 21 61 119
114 113 106 66 126 16 139 56 121 101
124 14 15 124 124 58 42 85 49 27
148 11 116 100 93 83 75 19 67 121
108 67 46 27 100 78 128 129 133 18
58 57 140 57 31 90 24 77 142 55
61 105 49 118 128 110 100 65 68 109
83 26 26 144 15 85 59 76 135 24
46 53 64 75 71 74 136 24 23 133
57 133 115 148 24 120 34 31 97 111
149 44 145 107 12 95 18 31 60 122
68 39 60 112 23 137 18 39 141 58
97 61 113 108 60 27 143 103 104 123
97 108 95 55 121 125 41 90 38 83
11 53 142 36 138 31 57 104 135 72
118 24 15 76 77 116 20 33 140 119
54 148 91 18 92 140 124 24 128 68
99 147 20 69 47 22 28 144 88 14
33 72 124 14 12 124 129 91 36 113
19 124 52 147 38 143 51 143 124 10
77 103 30 132 37 28 102 101 142 129
74 110 133 75 46 113 36 100 74 67
138 117 103 75 53 139 140 120 47 82
142 87 78 59 79 58 35 55 78 138
79 11 58 23 63 106 68 145 46 17
74 79 99 97 47 129 75 70 95 78
25 28 149 118 68 51 30 131 26 131
125 62 76 85 91 136 135 95 122 148
83 73 129 131 117 87 79 127 23 75
143 48 126 17 52 14 79 108 79 113
12 101 18 133 121 121 23 134 109 121
114 63 123 41 13 84 101 48 84 59
31 19 91 34 131 53 149 67 87 14
36 16 113 129 23 135 148 22 107 50
141 82 10 105 86 88 58 142 148 63
50 144 108 57 40 49 134 61 66 137
136 18 130 146 124 126 115 61 34 25
78 34 22 119 141 135 115 84 20 53
99 104 63 31 11 120 25 118 116 51
35 67 117 99 104 53 30 85 119 41
84 62 40 39 52 134 85 149 135 22
76 86 90 60 73 53 20 18 114 106
110 86 75 125 61 107 108 126 97 64
144 99 75 45 148 62 26 13 22 123
103 85 87 65 51 14 100 42 64 94
58 71 64 15 52 104 117 40 99 98
28 104 136 53 92 97 132 115 70 132
72 31 137 120 31 51 49 65 146 100
24 37 96 55 99 112 107 84 85 79
94 45 127 129 37 70 123 53 55 147
134 129 11 64 126 97 65 148 116 114
51 103 40 34 93 130 15 71 139 99
90 120 51 143 39 40 111 37 61 113
14 25 66 99 39 102 88 145 47 146
62 111 63 93 19 13 144 51 25 103
99 29 144 42 146 70 47 70 96 52
16 37 13 98 13 124 17 114 124 100
109 98 34 22 145 125 144 100 16 67
141 70 136 105 107 51 134 33 146 32
42 86 61 56 57 134 104 21 145 45
12 22 132 71 143 59 22 11 119 70
111 137 85 76 141 54 42 101 11 87
18 37 24 138 57 27 12 131 126 133
109 107 82 70 120 98 61 104 142 54
23 14 45 11 66 65 101 36 105 67
58 115 57 131 67 56 34 85 148 66
97 94 20 143 136 90 110 145 133 50
121 23 51 84 79 104 87 31 58 134
49 147 26 110 73 146 112 69 56 51
135 104 91 56 120 14 14 111 99 34
134 58 140 88 70 50 31 102 98 39
138 13 142 121 77 129 17 58 136 103
