0 0 0 0 0 0 0 0 0 0 0 0 0 0 0 0 0 0 0 0
20 143 51 20 14 101 31 71 120 83 62 128 41 142 20 118 33 67 46 85
130 41 62 96 99 77 14 15 110 28 87 49 112 20 42 17 46 52 135 141
114 57 70 48 78 80 113 140 100 126 85 97 110 35 123 33 95 91 15 48
108 93 131 134 122 146 46 29 124 79 16 21 64 116 146 94 69 104 86 48
111 39 68 16 98 47 33 38 56 101 129 149 123 125 67 72 125 91 72 24
57 56 88 50 130 29 136 29 34 102 79 118 45 53 29 29 145 80 27 82
133 15 136 147 139 65 70 62 142 61 132 147 145 58 101 144 141 69 142 113
114 93 56 99 97 33 88 99 130 115 93 46 72 148 98 48 24 114 91 97
69 76 87 78 27 50 97 143 94 136 87 64 23 142 82 28 54 93 132 145
26 37 135 22 25 140 125 47 103 34 30 77 87 103 98 46 68 131 25 90
91 15 38 131 98 147 70 117 80 92 92 101 33 59 142 63 116 60 104 119
96 23 33 43 18 47 43 116 33 113 146 82 136 46 43 11 105 70 144 94
60 108 109 31 98 84 128 121 93 126 30 50 148 41 72 26 122 47 127 38
12 126 56 12 57 33 85 56 28 143 69 116 139 100 15 112 125 50 58 95
111 140 149 92 137 16 44 57 97 139 69 80 13 131 97 138 25 100 77 131
121 81 90 23 133 60 22 27 149 59 13 95 103 53 32 51 80 62 96 49
105 41 122 30 74 94 116 11 91 91 101 127 34 120 125 90 27 43 43 38
135 137 50 80 137 16 114 82 112 15 66 147 120 90 121 96 149 85 92 139
120 107 24 55 145 17 47 16 76 57 73 68 130 53 111 51 145 78 122 78
143 13 129 133 55 50 63 114 86 120 31 15 132 26 100 92 20 140 60 12
23 120 57 39 127 37 126 114 18 145 84 37 94 69 146 96 114 116 142 119
140 25 16 24 107 54 23 129 116 24 65 54 39 145 80 98 12 45 13 100
18 57 11 52 44 120 61 15 124 112 58 51 113 71 103 17 124 46 31 16
14 18 38 118 52 108 143 74 126 117 50 100 99 129 138 13 105 57 118 144
95 23 86 32 115 132 17 91 93 91 26 135 13 78 147 35 120 77 124 72
58 22 102 65 72 92 52 122 140 112 130 139 135 78 54 146 107 68 11 25
95 81 84 33 105 96 143 42 90 95 47 98 144 41 46 148 101 50 48 19
127 21 83 106 104 34 137 117 69 36 55 56 11 13 23 147 133 79 96 40
68 43 60 130 67 59 23 73 50 58 31 78 55 37 109 73 106 57 102 42
90 52 97 95 74 103 106 80 135 32 12 55 134 46 121 129 122 40 74 135
103 40 31 138 107 50 127 60 104 51 21 108 55 55 61 63 71 18 119 137
52 107 138 15 119 101 114 94 44 66 30 81 107 62 59 120 99 121 129 95
61 128 24 48 14 58 71 144 97 27 100 30 32 89 29 60 15 69 12 37
87 53 118 70 125 111 115 97 147 18 55 90 87 120 16 97 55 109 130 44
92 30 135 98 18 27 145 32 69 51 110 10 68 24 121 14 107 123 101 103
105 96 59 147 66 106 124 18 133 110 34 90 83 65 75 123 12 108 73 34
69 96 56 86 14 19 67 39 115 116 128 24 73 110 87 136 23 18 78 142
56 104 88 23 103 115 105 24 32 19 13 18 123 94 11 129 28 41 61 105
127 48 47 80 61 50 58 20 133 69 121 44 50 79 25 47 63 10 109 31
142 85 114 86 92 56 119 145 32 66 15 133 68 34 51 71 55 106 52 48
138 39 18 18 14 108 80 44 57 49 67 126 123 18 103 95 116 36 64 125
83 43 93 114 84 31 59 103 103 105 127 52 117 60 35 86 143 36 125 92
125 74 43 58 44 134 99 58 79 96 37 149 97 139 109 25 126 28 147 43
105 96 68 36 83 125 70 42 54 130 109 138 114 118 143 43 78 73 102 122
138 65 105 100 37 64 136 13 149 33 131 63 54 38 111 20 136 34 20 27
118 128 127 145 130 96 30 120 50 79 131 35 127 126 71 26 124 98 120 68
104 98 62 130 101 21 30 148 15 36 80 107 135 10 73 148 72 143 127 89
31 101 74 17 21 119 59 43 76 147 74 24 62 99 68 83 123 71 78 42
111 71 11 146 115 49 86 30 101 118 81 142 22 23 117 21 71 43 125 13
146 133 142 39 69 97 118 75 143 54 110 55 103 11 64 90 33 69 19 46
47 61 104 101 22 90 111 129 88 37 87 115 120 62 103 119 96 106 46 121
120 131 135 105 88 40 121 80 134 74 117 37 116 22 51 54 107 73 97 54
53 79 80 142 148 117 35 123 69 61 45 120 31 61 138 129 50 36 83 79
92 58 135 122 27 61 47 147 18 101 125 65 86 21 147 41 76 79 95 122
111 59 76 78 88 60 12 22 57 110 111 104 18 56 28 104 16 50 149 79
