0 0 0 0 0 0 0 0 0 0 0 0 0 0 0 0 0 0 0 0
121 69 146 58 72 148 109 49 148 55 106 74 124 125 54 18 130 99 53 99
85 29 79 39 133 76 75 107 106 148 29 139 49 111 10 15 52 91 106 75
103 45 56 94 81 75 129 51 42 18 10 104 65 86 62 66 85 50 80 55
139 110 49 92 66 109 132 124 141 121 59 119 103 31 21 117 32 104 45 111
89 16 21 98 142 64 68 107 131 60 65 11 125 71 122 100 126 122 32 79
56 125 118 27 44 40 119 67 24 93 148 131 26 141 82 147 34 54 38 127
96 49 132 67 73 148 66 95 136 32 57 143 82 13 24 34 94 55 51 124
31 36 78 34 132 136 25 109 97 33 120 133 122 119 27 74 63 45 46 78
148 41 104 135 87 149 64 73 20 146 104 95 96 136 58 59 65 93 76 63
135 130 35 137 24 72 65 46 23 98 97 32 77 48 128 40 88 114 32 134
88 51 13 149 19 106 15 17 50 90 82 22 17 129 86 111 69 80 57 109
32 87 143 104 84 102 74 14 120 13 77 56 29 132 111 122 92 142 72 78
146 82 123 103 19 17 116 32 23 100 18 89 139 127 129 109 134 120 26 135
21 139 78 41 127 108 50 113 67 135 128 44 138 95 87 25 10 134 113 65
52 96 148 25 134 12 127 147 73 136 64 125 117 56 142 40 21 32 96 13
49 15 19 94 130 11 11 43 48 142 126 67 48 81 140 64 28 147 105 114
20 129 64 74 98 46 17 43 127 59 106 104 14 19 147 86 13 47 85 41
122 71 12 82 39 58 82 66 83 49 102 46 101 129 75 121 103 74 67 98
44 14 102 58 69 126 120 130 86 37 134 145 10 31 78 69 122 14 15 24
103 54 61 72 55 54 27 60 111 34 94 123 72 142 75 25 109 45 114 118
52 17 117 21 55 40 97 41 102 75 68 34 113 147 11 140 76 99 30 112
129 49 60 51 110 37 109 70 70 143 140 57 110 79 148 145 105 29 148 12
117 91 62 72 105 45 45 75 20 47 51 115 102 60 137 93 72 26 106 37
42 127 70 133 76 149 90 19 84 127 130 23 89 142 78 70 60 46 72 57
134 82 90 141 74 45 137 20 31 28 82 141 61 43 83 146 30 17 59 42
125 27 118 83 125 96 14 13 54 80 73 23 121 41 134 82 93 53 93 111
60 118 48 87 54 34 51 46 43 111 27 19 122 126 74 10 82 44 100 54
46 78 138 141 117 108 111 16 47 68 40 116 30 23 11 59 142 47 28 145
149 12 40 131 64 41 83 120 50 131 21 67 27 53 66 72 99 20 48 73
129 142 65 44 44 106 35 75 87 32 35 70 37 49 54 16 140 36 110 71
63 61 91 98 64 81 66 139 90 104 132 116 147 104 42 110 72 26 67 53
16 108 85 36 26 58 144 107 83 48 108 143 56 105 54 75 90 132 37 70
114 93 106 92 62 67 16 110 18 95 146 51 130 86 96 86 65 16 76 30
50 23 118 105 74 129 22 36 41 67 33 117 24 38 92 128 61 72 120 22
55 57 16 134 41 96 54 83 40 40 84 34 107 134 147 142 34 26 79 50
145 147 117 33 94 148 29 12 43 18 81 45 127 56 35 39 46 73 59 119
120 130 13 14 88 91 20 133 99 129 17 97 51 104 83 139 44 145 81 101
64 132 65 30 126 131 111 66 98 111 71 62 131 146 106 14 35 149 34 146
81 145 56 134 116 11 138 10 52 103 57 120 134 88 64 82 131 48 33 108
143 33 10 112 118 112 124 36 113 65 51 143 140 18 46 84 59 140 46 115
108 104 99 101 130 114 149 132 63 108 97 15 115 18 75 29 52 127 75 108
126 84 85 90 22 85 17 82 141 52 12 145 82 117 108 24 13 59 140 22
111 136 58 56 90 106 34 53 123 43 104 16 137 16 120 73 133 25 73 82
94 131 67 104 33 18 87 80 78 80 63 47 54 21 48 89 92 83 73 107
41 27 70 71 50 10 18 97 17 148 78 10 108 112 88 114 38 43 53 107
17 61 137 42 105 85 54 147 81 21 40 89 94 130 117 95 33 71 43 116
65 107 115 92 133 147 87 144 23 94 46 98 95 71 87 67 82 30 44 76
