0 0 0 0 0
123 17 86 67 48
136 127 122 98 97
134 101 110 77 110
143 80 42 139 68
115 17 99 56 81
92 95 94 32 16
107 46 112 136 22
71 132 30 26 27
65 17 64 26 57
114 21 87 138 91
23 34 104 138 30
122 121 54 76 41
73 63 98 135 46
143 21 92 65 92
78 87 88 64 103
107 38 94 148 113
66 56 41 107 43
146 129 21 36 75
58 12 89 105 17
20 24 136 106 115
116 49 64 87 113
63 90 75 16 85
28 80 109 110 68
13 44 130 23 44
93 114 60 130 115
62 125 127 67 27
93 148 126 127 88
23 36 23 114 43
16 49 83 39 36
70 25 90 110 134
68 54 26 53 58
137 121 75 65 70
21 79 124 75 48
101 128 61 61 79
131 36 36 24 17
