0 0 0 0 0 0 0 0 0 0
141 61 62 104 35 104 87 67 36 41
121 33 85 43 129 112 39 114 117 10
76 11 127 130 61 139 54 42 13 133
76 145 44 22 24 133 59 28 128 18
122 114 86 39 144 11 48 85 75 107
147 138 95 121 84 142 65 87 53 69
121 87 107 18 32 20 61 74 69 61
135 105 96 106 119 147 124 52 63 132
10 72 126 33 142 85 122 34 78 104
49 113 119 131 110 123 58 103 44 134
19 70 72 90 113 86 36 36 88 87
136 43 137 93 96 28 139 28 47 80
52 80 105 104 78 67 107 74 23 111
78 31 84 45 35 52 16 52 12 111
120 52 36 127 36 123 82 21 120 144
63 20 114 127 109 128 45 66 89 30
125 32 21 141 138 13 12 95 91 35
57 111 39 87 45 123 18 85 56 46
15 116 28 120 80 29 79 23 56 81
88 71 94 51 124 28 74 66 146 21
144 57 89 95 86 64 147 53 34 28
121 25 138 64 57 139 143 94 68 95
105 111 87 97 137 89 113 94 110 20
13 53 104 59 47 110 89 47 56 26
22 90 93 71 26 110 34 142 109 74
61 81 140 124 64 48 105 21 136 28
139 35 32 60 86 49 99 98 121 29
103 139 113 121 42 60 82 139 45 124
87 35 58 134 140 14 71 137 73 146
114 41 33 20 139 30 111 124 31 76
131 77 56 42 36 16 131 108 37 84
22 143 93 70 21 145 24 40 64 115
83 30 111 80 66 31 120 40 35 130
99 73 20 102 15 117 142 120 133 63
94 35 117 92 31 131 113 140 119 111
51 45 78 78 66 89 124 60 121 30
42 79 92 72 90 19 49 84 21 10
65 86 91 72 22 90 14 59 18 139
114 105 124 144 124 11 102 52 11 93
29 37 29 56 119 89 78 116 53 28
39 108 147 113 149 137 108 57 97 95
83 16 12 78 109 45 77 26 76 105
25 130 127 93 30 77 52 38 140 36
89 149 94 30 83 49 15 79 28 27
37 89 82 83 134 77 123 126 91 45
113 112 26 90 24 29 111 98 112 10
25 25 88 104 144 114 89 121 33 41
22 111 56 19 108 96 15 115 137 149
130 85 104 73 73 85 86 54 124 31
113 77 108 50 74 31 33 94 124 117
147 138 76 104 90 128 19 55 123 43
28 125 18 27 90 43 81 127 144 24
69 55 102 70 126 40 140 102 97 18
61 129 122 121 25 148 32 144 22 39
137 70 92 58 19 51 30 130 104 148
102 27 70 15 26 74 83 105 147 141
40 114 103 110 83 101 148 100 48 134
143 146 30 36 70 64 118 88 136 72
74 39 126 107 53 96 128 103 70 66
77 98 148 70 128 58 48 84 60 28
76 49 77 61 135 36 121 94 47 124
77 97 20 64 80 60 98 79 17 95
110 142 39 49 17 112 95 137 141 112
36 48 87 132 88 43 33 67 141 48
128 115 14 19 142 99 13 142 136 116
90 109 122 84 48 137 106 68 134 36
81 111 110 28 20 129 71 31 101 67
126 17 72 112 12 84 77 134 79 11
85 93 24 88 27 104 55 141 46 30
28 140 86 133 51 66 81 44 101 16
