0 0 0 0 0 0 0 0 0 0
139 132 24 53 144 120 104 84 56 24
132 122 86 50 19 88 148 30 142 142
17 34 147 15 70 141 123 40 106 16
65 72 66 64 93 103 126 94 141 114
114 51 84 83 140 24 120 126 50 38
37 17 96 101 120 92 89 105 53 142
58 28 122 56 50 48 72 34 27 98
58 111 31 10 60 40 116 95 35 68
143 130 115 91 59 73 39 100 40 23
13 60 77 122 18 54 79 138 39 131
38 124 73 19 85 70 74 27 16 128
48 20 87 102 71 13 142 81 42 119
27 42 81 72 74 90 54 35 126 90
102 28 111 35 12 105 13 66 72 61
57 19 119 124 77 73 42 115 10 127
117 51 90 80 109 71 60 15 93 74
104 132 55 62 80 75 84 134 36 142
142 35 48 82 25 114 76 93 66 90
78 74 93 78 102 103 135 78 149 125
14 57 77 21 60 68 133 106 98 16
22 53 66 120 100 105 50 98 117 48
123 138 21 91 52 142 54 90 129 80
63 42 28 109 118 48 107 37 100 66
79 104 101 136 113 93 34 51 106 51
106 61 10 87 74 26 54 133 71 99
127 147 88 81 143 66 23 49 121 103
67 94 56 111 103 18 57 17 93 75
15 142 103 82 105 117 103 137 101 97
10 77 73 127 98 107 81 129 82 84
133 94 108 135 139 64 141 118 100 125
140 136 122 106 71 132 75 117 11 45
138 44 90 108 126 148 65 60 23 68
124 131 22 125 51 88 146 108 22 148
88 44 56 56 104 102 130 87 144 114
121 75 14 88 42 35 41 105 39 142
119 56 118 120 99 114 66 10 102 86
100 132 60 65 61 65 11 72 97 146
71 54 43 85 126 123 126 97 87 70
93 39 117 53 54 77 73 35 118 123
68 13 147 38 139 93 104 146 85 55
90 130 42 99 120 90 104 72 134 136
61 32 75 116 140 120 50 62 38 108
50 148 109 45 67 53 63 36 83 22
131 27 53 120 21 70 108 136 47 135
72 135 16 31 122 73 146 66 37 123
31 19 135 85 116 102 123 72 74 40
103 115 66 86 24 144 136 45 11 92
112 106 93 78 147 91 96 36 84 69
123 88 54 114 99 31 87 67 119 59
30 111 63 31 35 49 34 107 143 118
95 128 124 144 10 18 119 40 44 50
136 25 68 99 19 52 37 61 68 69
136 97 44 53 40 66 75 50 93 20
16 48 19 12 36 61 131 25 32 122
73 25 142 96 33 110 32 145 121 112
144 17 79 138 80 124 133 22 20 110
53 43 137 111 22 94 99 134 103 132
75 95 85 46 112 27 141 29 129 35
97 61 97 37 93 122 116 19 107 66
13 95 130 98 83 112 84 62 137 33
85 128 38 129 131 15 11 76 35 124
39 50 138 11 70 88 67 30 95 108
128 62 37 50 94 86 96 123 149 103
52 115 20 88 69 59 30 142 85 28
60 107 124 120 112 129 116 60 19 34
62 95 104 146 36 145 29 57 92 50
20 57 146 60 116 140 73 40 75 26
140 24 23 34 93 66 22 65 137 128
138 78 29 38 50 57 122 130 130 147
58 14 88 18 55 104 130 108 53 137
50 108 124 53 47 126 102 140 68 34
95 69 40 37 47 149 101 38 48 128
97 142 62 22 113 72 145 138 57 49
32 27 13 45 95 75 85 43 37 58
61 48 72 25 39 146 132 118 27 132
23 49 116 61 112 86 137 105 142 43
103 78 96 60 111 10 97 132 64 110
55 135 91 149 132 75 98 40 26 128
79 77 61 63 74 144 141 24 96 18
79 27 147 96 129 71 146 127 43 149
20 147 144 41 17 100 143 22 28 44
15 41 49 132 125 83 43 47 76 100
109 115 27 25 23 124 139 141 106 56
100 54 56 117 59 112 55 82 113 96
133 55 86 21 119 53 17 144 141 10
98 42 81 138 52 55 147 110 89 22
70 69 101 37 25 112 149 129 75 85
121 39 39 92 46 53 40 105 50 90
108 64 94 96 32 148 53 100 61 51
98 149 130 80 101 21 86 45 145 26
96 14 82 14 135 77 130 41 44 110
18 27 101 114 114 132 33 49 15 50
117 63 73 111 68 45 39 81 85 133
27 44 131 85 84 53 35 70 141 12
53 22 27 63 40 128 137 27 16 64
68 33 71 117 82 105 43 111 40 58
64 87 64 11 14 14 78 141 136 111
83 106 85 136 34 52 29 96 121 108
60 143 116 87 136 36 76 71 72 87
19 118 50 40 95 112 145 103 112 19
116 91 89 133 74 16 78 13 82 60
36 117 126 58 148 77 104 142 39 117
110 24 139 119 44 123 22 26 114 93
130 79 140 90 60 44 41 136 52 77
103 32 49 49 137 145 93 58 70 103
28 50 34 123 44 139 52 57 44 69
109 101 67 38 82 130 48 20 133 83
17 85 74 55 31 44 113 131 147 135
61 91 43 135 138 114 10 26 62 24
55 135 47 112 126 138 100 147 31 130
