0 0 0 0 0 0 0 0 0 0
94 61 122 145 128 65 111 149 118 53
89 38 35 110 65 28 92 59 88 30
113 135 71 40 35 132 80 84 64 49
90 47 45 63 85 124 84 14 21 62
78 108 86 13 129 38 78 68 20 114
26 93 13 17 141 83 45 134 66 13
94 68 43 84 138 143 55 87 79 105
37 90 138 55 52 74 61 116 41 42
132 93 148 83 112 119 16 67 114 23
88 130 88 94 149 91 73 127 45 82
45 77 70 79 110 112 137 85 58 143
90 20 12 125 110 84 43 49 49 137
84 61 70 57 137 42 39 67 137 86
103 111 93 118 75 65 99 15 61 138
139 61 80 60 80 77 128 85 15 65
64 13 88 146 117 63 31 28 114 129
91 29 73 51 91 71 11 80 148 149
126 121 67 124 85 79 49 13 47 68
106 13 76 48 137 147 26 122 71 70
131 47 45 148 69 22 17 66 19 14
15 87 122 130 132 75 39 43 32 74
149 30 53 19 13 121 45 48 112 58
35 25 20 90 102 68 112 118 55 36
142 72 84 147 33 132 18 24 44 23
11 28 102 87 16 140 64 37 29 75
118 119 64 90 78 52 37 117 113 45
41 144 148 59 124 137 106 11 91 32
26 133 148 30 16 81 100 22 106 83
60 116 56 82 56 106 24 38 31 101
108 10 35 109 134 139 63 138 127 145
142 57 132 30 25 65 133 126 48 109
23 91 141 125 101 98 27 28 54 80
23 136 49 33 36 115 148 73 124 103
89 76 17 74 116 72 64 50 106 141
138 122 23 146 122 22 85 89 59 95
129 114 139 44 63 121 25 61 97 112
66 34 112 92 109 14 65 86 89 38
126 85 114 101 43 111 15 131 97 40
144 35 62 58 55 119 113 13 103 94
62 71 84 114 28 23 54 51 38 50
70 27 44 63 143 104 76 128 113 67
10 23 142 24 89 46 101 106 59 17
29 37 88 92 65 37 133 137 79 134
142 135 12 86 13 13 139 70 36 16
141 140 119 13 89 35 25 91 110 147
74 78 127 90 70 35 119 50 35 105
119 136 132 120 23 77 87 100 145 41
85 30 69 60 130 17 22 11 96 144
27 126 31 62 63 122 57 130 68 75
25 50 148 114 81 21 130 14 83 64
18 147 43 37 28 73 130 75 23 104
48 130 106 21 65 66 24 144 111 86
99 105 37 115 104 34 95 97 144 95
43 54 56 31 89 112 27 20 14 116
50 26 17 48 86 124 127 10 100 102
140 70 101 130 110 39 65 109 133 83
27 138 29 28 51 21 121 57 134 108
81 35 140 101 87 14 36 106 89 10
13 92 110 54 17 46 24 67 114 31
72 133 55 116 102 36 130 64 48 90
25 46 58 87 17 38 130 106 13 61
135 97 62 37 133 142 78 129 73 18
105 34 14 134 70 61 149 71 46 145
122 80 148 42 24 79 45 79 149 138
91 73 49 107 62 19 86 137 35 32
145 26 42 40 106 137 126 90 131 82
96 145 75 88 140 24 76 61 115 122
53 28 19 148 139 93 25 73 55 97
80 112 105 50 73 29 41 124 121 108
11 127 42 26 11 83 120 35 108 62
141 141 20 27 64 37 68 13 120 98
142 20 147 32 64 143 69 25 141 126
149 70 141 127 88 95 138 55 142 50
58 37 128 113 87 15 32 123 130 17
110 107 87 18 144 81 12 145 130 11
122 22 24 147 138 96 110 138 49 104
27 91 21 19 81 138 98 54 149 131
125 57 71 129 64 54 51 148 26 86
146 119 126 104 93 139 78 107 97 18
77 114 104 66 130 105 102 15 31 99
47 56 43 64 13 146 23 100 50 80
17 31 100 118 12 137 58 25 107 49
66 32 78 71 39 138 89 136 41 58
91 67 143 66 45 30 101 102 142 115
92 136 41 46 31 133 141 109 85 18
36 135 78 91 114 73 52 27 55 32
43 89 54 13 77 26 17 78 133 11
87 135 39 137 78 35 58 139 45 46
16 29 101 48 25 52 51 102 77 137
37 19 15 55 18 111 88 105 33 82
113 68 103 32 33 66 31 147 87 35
62 65 86 72 108 91 135 62 86 55
72 132 55 98 89 85 136 44 65 114
111 23 130 108 82 37 146 47 53 133
118 119 86 12 108 104 131 61 46 62
100 97 107 10 14 28 46 17 17 29
82 134 76 56 46 44 24 60 40 21
126 126 68 53 82 109 53 80 59 138
121 42 40 140 148 16 46 99 49 135
77 129 135 70 121 42 39 51 128 112
16 48 130 11 149 38 95 144 73 51
118 83 18 147 14 11 95 135 126 25
142 29 70 132 117 82 94 96 30 24
63 27 137 19 116 94 58 133 98 49
15 44 21 115 39 142 128 52 69 36
61 102 83 112 92 59 133 53 77 62
50 107 143 146 27 86 146 93 133 15
26 54 28 93 69 131 112 21 55 12
115 13 20 73 18 142 112 84 55 47
14 101 138 58 97 64 97 40 77 14
118 54 108 41 147 86 23 124 22 54
100 84 45 56 117 32 134 28 69 36
20 80 92 130 138 139 148 128 33 146
143 31 62 100 127 147 129 137 127 58
78 104 52 112 120 78 143 67 140 86
36 117 87 87 74 124 64 104 99 66
80 91 82 25 117 48 77 79 149 98
14 34 107 21 98 24 107 101 76 129
90 48 46 121 50 78 48 17 70 119
149 75 32 127 28 20 72 77 71 108
36 119 35 19 66 31 105 10 48 42
144 118 132 84 134 33 117 129 119 56
148 84 90 89 23 13 44 92 118 32
146 121 28 55 18 57 148 10 55 52
119 42 141 142 124 34 59 132 130 70
104 108 131 109 37 73 92 21 64 108
16 125 60 65 108 64 48 57 142 139
45 99 139 120 40 148 96 123 76 53
30 14 31 126 144 28 71 102 130 32
85 35 41 12 35 140 91 47 39 71
58 32 88 72 37 12 132 62 60 62
130 75 93 82 92 12 20 36 57 98
14 116 42 12 60 76 25 58 147 86
111 149 109 51 58 91 145 29 145 22
37 107 74 109 128 142 80 72 97 29
70 138 95 67 115 115 99 117 128 123
11 139 53 12 100 126 131 62 31 55
75 148 36 103 145 24 75 67 72 81
39 138 101 96 77 47 73 33 110 110
118 106 27 69 83 19 78 43 149 18
77 63 98 27 96 101 112 56 26 77
110 86 147 133 74 126 61 83 64 25
121 116 124 72 42 117 16 139 88 90
57 56 121 95 10 40 35 138 30 103
119 34 101 102 31 82 139 89 15 73
145 112 86 142 83 142 95 121 63 91
106 113 86 70 96 78 102 12 73 93
67 31 87 86 121 87 93 60 82 30
125 92 94 24 75 92 46 55 35 120
114 86 80 80 107 108 133 47 88 63
121 72 30 10 134 100 86 90 18 38
136 22 18 54 101 29 47 36 94 34
113 60 95 142 34 104 11 30 37 76
136 66 131 72 19 26 111 137 80 50
107 138 148 46 31 112 141 81 56 46
92 32 56 44 56 85 32 110 129 129
110 136 16 40 115 48 31 107 40 13
57 113 21 114 101 98 90 68 77 144
23 114 24 104 61 149 129 100 119 57
127 81 33 145 81 74 106 76 87 110
114 93 78 61 78 84 11 136 118 134
36 142 30 142 38 112 106 86 137 32
33 66 142 112 86 134 64 114 85 70
149 46 63 124 80 76 128 62 65 35
100 11 17 36 86 133 38 50 37 143
43 26 94 13 52 60 18 87 108 91
26 102 112 97 101 103 140 94 35 78
15 146 62 30 31 116 47 38 28 149
80 95 127 87 21 67 37 61 22 115
113 47 46 54 126 103 45 56 100 142
