0 0 0 0 0
89 48 10 138 107
85 70 90 87 101
114 131 10 40 28
89 24 71 70 58
111 105 47 134 102
48 38 139 113 11
129 87 15 148 73
15 25 80 70 109
10 114 63 67 20
52 84 11 71 78
86 135 15 61 97
97 131 88 110 76
62 137 128 56 100
60 138 74 127 32
103 64 31 110 51
65 109 64 24 39
143 84 19 20 52
44 35 78 59 39
57 127 77 59 109
59 148 84 23 141
94 86 67 21 84
86 125 97 100 133
23 84 28 107 94
32 14 24 89 56
77 72 85 35 86
145 143 133 51 103
29 71 18 62 27
13 96 52 97 106
86 44 30 74 44
118 106 28 91 70
39 67 70 107 67
61 122 66 121 126
39 148 127 108 149
126 147 85 23 39
25 126 23 120 94
50 21 90 119 124
67 62 106 128 143
22 59 20 25 37
132 116 31 39 81
73 29 37 137 22
66 47 140 32 115
81 138 29 129 113
38 121 111 26 147
118 108 99 26 126
54 133 42 66 138
51 83 70 41 86
45 125 101 120 49
29 93 49 85 55
146 124 18 79 36
103 142 78 92 24
143 62 126 127 94
53 85 40 73 59
10 47 57 85 90
92 47 63 104 68
56 19 81 60 107
53 105 92 37 74
66 79 21 94 108
147 17 127 25 85
58 33 55 102 145
33 27 76 141 149
125 25 129 120 130
148 27 55 129 120
121 81 95 127 146
83 93 22 73 10
45 140 147 114 19
149 41 54 18 33
38 18 18 55 32
36 46 138 61 76
13 42 131 77 136
19 95 64 138 98
