0 0 0 0 0 0 0 0 0 0 0 0 0 0 0
44 39 133 52 147 19 100 11 24 139 117 147 81 70 78
108 127 47 105 24 74 27 38 131 67 66 42 23 124 29
40 109 112 76 137 49 60 140 140 75 115 89 103 131 37
26 44 54 123 96 46 18 93 142 95 101 40 90 141 76
125 90 120 73 100 122 120 110 141 28 133 24 20 50 66
121 20 31 75 135 136 88 51 17 112 108 101 69 50 92
80 141 20 33 141 43 43 18 95 49 121 74 14 112 146
52 35 71 75 57 93 135 125 96 131 46 26 138 141 39
68 64 90 34 56 106 24 104 136 62 119 123 43 128 64
146 76 33 26 15 145 13 41 43 61 83 35 65 132 34
48 94 107 33 146 11 63 20 122 102 37 124 58 117 84
124 90 55 21 47 59 28 122 96 95 104 63 41 106 138
88 146 83 70 98 113 43 78 15 61 73 146 31 22 77
112 63 126 26 11 56 46 12 36 134 19 112 89 41 53
29 30 87 107 110 46 49 18 47 127 62 109 14 20 31
44 10 46 22 122 21 45 61 41 68 46 16 39 99 38
140 136 26 69 25 43 44 117 94 127 124 77 122 125 149
63 15 102 19 110 76 122 33 81 91 30 133 124 62 53
110 34 131 15 14 82 93 20 42 125 45 61 109 140 58
15 33 148 66 46 83 74 43 62 54 110 44 101 93 65
37 19 13 126 88 54 84 111 21 46 27 135 121 65 92
124 45 26 55 111 76 53 39 26 32 17 64 62 62 17
38 59 96 70 113 12 119 32 109 45 50 89 127 147 111
51 18 40 51 58 106 128 20 55 93 90 34 103 69 133
58 109 121 142 109 15 10 83 100 64 91 133 99 117 116
95 26 42 107 137 42 72 143 74 133 25 130 80 148 40
81 96 69 39 31 105 17 40 75 79 91 10 129 68 14
36 119 103 41 118 48 134 99 81 128 145 80 62 68 109
135 89 66 118 89 123 134 55 120 111 134 123 139 79 11
28 71 58 146 123 121 134 97 50 74 25 19 39 15 27
80 124 81 109 85 102 32 105 92 18 105 111 89 145 87
90 84 73 24 44 62 48 72 145 14 34 124 142 76 42
102 50 38 42 96 56 10 112 146 58 75 147 63 49 40
73 99 26 98 104 88 65 81 92 51 35 22 145 59 146
142 91 95 108 87 130 49 29 99 52 77 130 104 62 109
100 22 93 100 135 147 30 11 66 118 22 19 19 118 102
49 124 147 77 103 86 134 118 64 75 67 146 20 28 127
56 81 129 65 129 114 77 50 13 145 39 51 144 108 22
10 39 60 43 36 110 130 74 144 72 85 100 117 103 144
141 77 147 71 136 127 67 73 59 98 127 52 68 115 131
27 21 19 143 14 101 95 41 122 43 42 75 65 26 62
89 109 22 140 19 134 115 42 93 53 147 81 109 124 61
62 138 80 137 56 40 45 77 47 26 148 81 108 63 34
33 134 123 127 24 101 20 99 22 62 67 21 29 18 50
60 126 133 135 29 77 17 115 103 49 107 134 27 105 102
73 100 117 68 121 140 10 50 71 45 96 103 30 117 81
126 74 148 18 27 24 74 145 128 76 144 110 32 112 99
46 140 35 137 37 34 119 45 55 124 21 111 40 48 108
131 142 120 61 80 147 57 124 78 95 63 143 22 133 104
82 128 50 83 139 60 79 53 132 58 72 89 97 39 86
127 14 136 74 78 41 10 94 21 59 114 93 10 40 17
115 16 90 56 137 35 10 29 39 62 44 64 114 100 48
102 102 47 95 16 23 85 128 132 25 122 59 76 53 75
87 147 39 15 96 31 115 50 140 24 16 14 99 136 22
14 117 108 149 54 72 36 16 35 105 23 74 39 146 100
84 113 111 81 82 117 51 93 66 116 138 110 64 96 61
111 88 84 103 49 133 26 64 133 47 122 12 89 58 50
100 33 81 13 121 46 136 118 121 43 92 85 45 86 132
86 108 82 60 77 110 109 39 98 57 18 116 122 54 138
92 131 99 47 25 12 105 140 34 67 46 35 32 60 83
146 31 92 70 44 23 26 136 115 52 129 17 117 139 27
43 53 66 110 33 42 63 101 20 113 52 125 116 72 43
134 58 24 125 35 37 58 131 81 84 103 64 71 129 21
99 25 67 47 33 81 43 111 50 90 142 139 85 58 75
102 87 65 35 57 111 37 15 66 49 76 56 25 97 95
119 104 22 146 50 15 66 64 63 80 40 30 143 134 46
91 91 54 145 138 34 116 25 69 126 146 105 31 100 14
17 120 132 13 117 96 19 77 38 107 112 48 101 112 56
138 113 121 78 56 126 107 76 24 83 108 71 30 46 60
68 22 41 41 91 39 87 23 43 38 132 29 20 57 102
76 70 41 44 91 102 144 71 119 51 87 143 85 119 143
17 146 62 81 104 94 129 60 139 86 12 129 112 14 88
134 138 38 120 49 108 142 92 57 20 43 43 31 115 31
134 60 62 111 75 99 38 137 135 78 43 52 114 78 20
107 36 92 125 139 108 75 129 146 101 136 109 139 79 121
120 145 84 146 102 47 40 25 38 96 52 32 44 107 34
77 13 55 41 134 52 22 47 41 39 145 14 41 104 53
22 24 73 128 133 100 46 134 50 17 105 115 25 39 120
21 134 115 74 143 120 20 35 116 132 148 41 82 146 57
34 100 139 93 73 23 78 98 88 66 126 19 48 62 13
65 17 98 81 28 125 95 46 38 48 34 93 51 36 125
14 66 48 21 149 144 26 127 78 82 67 109 64 142 55
99 143 71 64 147 100 121 148 45 149 70 130 121 129 138
60 103 91 149 49 135 106 61 130 149 116 126 117 23 30
86 101 120 65 31 94 25 45 100 50 124 56 53 40 63
96 110 14 15 126 102 136 71 25 123 25 73 71 42 76
54 114 21 115 91 73 50 132 82 56 77 102 38 138 24
86 30 42 47 36 147 19 27 97 24 141 53 71 126 93
26 83 34 93 87 89 107 82 108 87 38 83 52 85 37
142 77 45 34 29 55 36 105 26 143 128 130 79 59 17
44 23 109 69 89 73 110 111 28 59 50 126 67 40 100
44 113 45 136 28 120 104 141 10 18 82 30 133 138 127
125 138 18 13 16 85 116 148 131 11 23 34 113 12 79
10 62 60 79 91 67 65 63 67 79 61 33 147 50 23
126 105 90 129 54 17 48 55 110 58 39 63 36 49 11
14 62 28 67 72 110 42 109 118 36 43 17 69 131 11
36 23 146 121 87 86 143 58 114 62 32 124 132 145 25
105 126 51 83 17 41 122 83 131 44 86 148 33 142 108
26 124 14 22 48 113 145 37 18 130 129 26 35 41 34
55 43 40 114 39 35 58 87 127 125 97 120 99 11 68
83 106 66 51 82 106 85 52 132 35 15 127 119 90 126
87 55 50 64 37 143 119 120 91 33 149 120 39 25 16
136 73 63 108 52 109 122 95 141 90 83 80 56 142 49
37 40 111 104 122 93 144 24 18 114 71 129 106 140 57
52 94 46 95 75 33 42 25 108 135 23 11 89 64 142
62 96 48 75 65 78 13 51 145 140 139 27 49 75 111
92 28 73 27 31 120 81 41 89 58 26 54 143 145 53
125 20 23 134 130 10 100 35 133 58 125 119 140 94 139
132 20 117 51 52 123 99 101 58 135 24 83 141 30 113
81 130 69 85 61 130 98 117 83 136 112 38 75 24 71
66 135 134 138 82 133 100 41 42 19 92 77 123 103 76
108 143 86 109 83 51 86 63 113 90 25 98 34 131 136
102 28 50 26 44 147 24 115 80 23 90 39 143 41 31
59 123 74 26 75 105 65 62 110 14 84 120 90 109 70
71 75 77 29 147 34 12 140 37 118 94 141 54 23 87
15 117 26 114 125 13 121 67 39 90 116 27 142 65 40
95 29 136 50 118 139 56 127 77 124 31 79 51 28 149
118 79 89 103 114 27 38 24 44 127 14 54 74 10 63
145 19 113 93 45 80 72 140 46 99 34 83 30 146 27
46 47 55 79 94 57 148 122 75 54 90 27 75 138 134
142 136 20 14 91 136 85 120 133 22 13 95 22 75 51
106 55 37 149 124 96 130 68 26 54 103 41 60 42 64
133 145 78 129 62 86 115 149 117 33 82 95 65 94 37
90 110 70 86 122 98 17 114 111 65 89 41 76 72 26
96 19 15 25 56 26 141 117 111 133 75 129 32 91 136
52 50 56 101 143 18 15 16 74 47 103 111 147 83 71
22 77 61 132 107 11 54 54 100 144 124 70 84 73 29
132 134 138 145 143 41 10 116 128 35 63 22 51 133 43
142 28 124 110 92 94 142 57 83 39 48 113 88 136 105
29 62 101 94 110 60 81 116 68 126 137 86 78 113 55
52 59 80 26 143 45 119 78 67 102 146 31 60 53 60
145 18 17 64 26 145 111 128 128 122 84 45 92 77 137
28 28 146 24 55 147 35 111 88 58 84 29 121 84 96
58 125 57 83 76 138 142 93 127 84 123 52 19 45 36
67 16 67 18 58 138 94 94 93 65 46 32 126 120 145
104 19 131 148 11 38 28 116 139 96 141 146 15 84 17
95 132 136 107 27 40 19 38 146 59 56 82 59 52 138
116 99 112 37 103 51 149 56 31 131 21 125 65 43 61
137 128 79 112 100 91 85 86 102 20 123 49 33 37 59
143 12 94 28 16 121 80 68 19 83 20 120 122 87 33
16 67 48 54 76 14 27 85 128 29 77 98 90 109 41
61 57 12 99 73 115 104 93 54 82 131 67 111 73 65
145 103 30 117 120 89 126 44 54 97 87 76 19 79 47
78 52 81 70 33 31 10 38 126 145 95 14 97 22 139
145 103 17 58 71 44 103 80 81 107 80 84 108 53 100
94 111 122 80 23 106 81 87 29 87 123 140 108 97 61
80 16 91 87 117 81 77 47 112 94 98 129 24 79 126
81 19 82 19 43 101 40 51 86 18 137 30 15 92 119
77 128 111 118 121 142 100 29 32 122 95 122 12 39 129
102 49 37 84 16 14 57 57 97 56 116 58 62 148 14
