0 0 0 0 0 0 0 0 0 0 0 0 0 0 0
126 121 116 74 81 31 114 66 133 103 117 60 123 46 19
27 149 83 125 85 62 57 46 122 80 36 77 132 82 111
60 36 19 87 124 134 87 52 109 54 121 149 78 33 107
135 32 128 148 127 136 21 21 20 15 72 136 18 117 142
28 115 11 75 85 40 134 66 118 32 71 72 17 56 106
13 143 30 123 97 20 75 17 95 93 36 104 119 128 148
62 103 137 72 83 109 113 95 108 46 25 135 60 147 64
73 104 100 10 74 28 55 129 92 60 69 27 147 27 104
70 50 71 21 142 53 29 61 138 59 22 134 109 118 57
130 112 34 93 122 130 55 42 88 79 134 119 54 52 119
31 84 112 14 63 94 61 82 109 31 94 68 135 107 111
111 133 94 103 90 126 106 117 48 25 99 131 104 135 130
88 139 82 12 55 56 69 72 22 35 17 46 129 144 71
106 88 76 147 110 96 115 105 22 99 124 23 133 52 14
87 63 102 67 72 85 92 21 70 119 69 64 86 115 69
71 108 132 91 79 41 88 13 24 139 77 42 111 23 79
114 73 87 132 37 91 124 26 132 10 78 87 60 37 63
149 31 92 25 95 127 23 68 25 34 38 124 61 34 11
140 58 26 108 87 57 126 81 21 70 41 88 59 147 131
100 126 40 33 42 63 50 66 104 60 60 13 41 147 105
107 59 92 98 126 146 14 147 17 28 10 55 133 142 95
100 95 140 123 78 123 16 106 80 95 127 38 123 12 69
18 119 34 63 57 149 117 94 24 35 20 66 147 61 71
99 141 43 111 140 56 144 68 66 98 135 65 126 128 106
19 125 39 23 88 58 36 144 96 83 33 59 62 112 97
80 108 50 71 24 40 146 32 136 94 91 84 108 25 23
47 103 62 143 12 52 26 106 70 90 49 25 110 45 107
12 129 148 70 42 18 128 102 53 135 110 75 30 70 65
34 134 95 11 88 96 99 136 47 64 113 65 38 76 141
117 126 10 123 120 59 116 129 61 28 33 127 61 47 125
72 115 109 37 140 43 127 100 132 35 38 115 100 12 131
117 105 62 129 52 28 113 91 49 145 137 119 81 40 77
113 10 68 126 49 21 10 99 132 84 43 114 92 117 30
88 149 108 99 69 53 137 57 69 41 57 128 135 31 50
85 108 58 40 30 69 46 118 14 17 142 140 16 68 68
32 112 33 119 67 34 101 111 82 72 130 69 63 95 17
37 124 50 119 81 115 95 29 73 143 109 21 60 109 80
115 129 16 35 21 66 31 38 75 67 97 127 72 120 95
16 34 78 108 21 108 93 25 121 69 95 116 136 69 66
138 20 115 36 61 24 149 141 74 144 67 72 37 130 143
146 18 92 76 106 127 83 63 103 30 145 17 114 80 61
113 30 27 20 117 15 98 147 10 74 85 29 50 105 21
43 117 63 34 118 52 70 111 61 52 90 32 138 22 16
21 49 71 22 94 114 44 45 54 39 44 23 116 24 35
14 89 125 147 92 147 55 128 147 116 56 54 65 146 17
100 101 139 121 87 138 65 94 17 37 122 31 89 45 91
46 114 120 112 132 12 149 61 21 39 21 114 69 67 110
138 141 55 134 76 105 108 121 37 112 86 121 74 74 79
119 141 10 99 23 18 81 30 83 109 10 22 133 103 32
74 125 129 136 23 99 84 76 140 15 30 39 70 127 31
144 20 64 105 103 119 101 63 106 66 47 16 65 74 149
142 126 46 88 111 87 118 15 26 105 85 73 101 60 98
99 58 80 122 26 134 95 90 120 99 106 96 103 42 41
142 73 67 137 119 48 131 20 51 55 21 98 80 117 98
112 66 118 108 120 24 60 127 97 47 97 77 142 139 25
