0 0 0 0 0 0 0 0 0 0 0 0 0 0 0
34 94 127 52 87 34 96 36 16 121 107 27 106 142 118
76 24 91 34 108 135 116 46 113 145 145 118 127 21 12
32 114 102 111 39 147 66 58 127 43 114 40 46 107 109
126 40 34 10 41 44 24 66 12 51 69 47 123 79 75
18 85 84 64 56 95 143 114 114 64 123 117 131 118 88
144 46 125 133 76 92 28 119 66 85 29 84 32 32 137
134 104 144 24 133 138 114 42 56 61 84 57 110 64 58
25 148 47 43 143 103 133 20 86 134 45 34 59 109 101
99 74 40 64 26 120 94 58 147 41 143 143 47 134 88
88 78 133 19 101 28 62 15 61 11 62 48 123 90 108
122 101 59 109 138 94 134 45 88 38 111 39 79 29 16
103 90 86 35 34 61 54 81 35 143 84 75 24 139 68
47 11 74 45 73 110 20 44 62 36 37 51 117 135 78
115 54 132 92 124 97 42 137 116 12 108 115 31 74 146
47 71 117 127 104 61 119 46 86 78 63 19 85 66 72
40 23 26 85 142 88 59 57 146 50 78 62 127 26 39
79 118 12 90 11 94 87 91 83 102 70 140 85 131 46
72 103 21 80 58 46 39 117 117 10 129 18 107 89 28
62 107 146 65 39 79 92 35 62 31 11 69 55 125 81
129 56 133 91 119 74 85 34 24 145 106 55 14 126 46
44 10 89 136 69 16 98 33 139 22 108 33 115 21 109
74 56 72 89 146 24 102 126 145 16 68 112 69 68 67
112 95 90 135 99 132 31 54 47 79 51 100 26 36 31
144 52 72 44 41 90 126 48 99 137 17 90 55 49 32
63 45 107 22 122 41 56 144 53 118 119 72 42 98 70
37 71 41 134 39 95 66 33 53 88 47 30 135 36 43
118 80 56 138 113 119 16 86 127 120 37 130 113 55 27
50 25 135 33 140 63 47 105 111 80 108 15 106 71 76
122 73 92 43 23 112 111 148 112 141 107 102 70 81 33
48 134 148 116 85 13 72 131 112 17 25 135 55 115 137
127 87 58 141 50 145 149 100 34 33 120 41 98 95 22
30 116 134 71 60 64 116 144 78 61 91 107 83 12 145
99 144 144 77 57 35 143 27 10 135 58 92 82 121 39
65 137 134 87 72 103 133 94 18 86 129 37 24 96 140
139 136 42 76 42 99 124 89 20 72 45 53 132 58 116
26 69 96 45 22 124 36 28 107 32 68 149 34 18 59
62 70 135 57 106 92 123 13 70 114 149 137 62 115 142
44 19 61 128 120 135 23 54 104 34 61 69 71 20 101
144 22 92 90 51 20 88 76 42 102 32 72 54 89 60
118 25 101 118 107 57 123 13 87 67 13 136 81 119 88
120 149 112 122 34 130 20 92 91 64 142 135 52 79 60
49 104 90 67 34 142 62 144 137 142 59 65 133 66 45
36 102 56 114 124 89 123 116 143 12 31 93 135 118 89
29 130 47 137 141 108 40 36 44 88 79 147 111 67 49
132 86 19 85 113 71 105 61 17 138 128 118 73 24 91
45 48 147 58 47 59 31 23 110 83 88 146 20 33 65
54 15 23 53 140 95 82 11 39 27 125 137 118 12 106
131 86 135 45 49 35 10 140 47 136 122 93 23 117 11
129 81 142 120 101 83 39 19 91 139 63 35 65 39 120
54 117 70 135 121 28 12 93 15 134 130 136 85 139 118
105 100 76 112 118 92 141 87 87 43 20 86 117 57 110
109 28 72 132 74 98 80 27 86 97 127 10 34 80 18
118 138 87 61 66 19 56 32 92 30 108 147 25 24 88
42 107 46 80 108 145 84 131 125 82 25 75 37 102 57
84 52 106 94 22 114 147 109 72 118 101 123 48 100 133
89 65 123 42 77 94 51 97 49 136 29 23 23 69 57
54 41 34 49 130 107 95 104 104 36 134 10 79 77 70
133 80 56 44 125 132 141 35 122 66 126 81 30 10 139
33 72 79 34 87 75 102 114 83 17 139 12 127 21 120
51 33 61 22 50 131 79 111 117 42 32 148 98 67 68
39 19 145 20 125 142 13 149 130 116 56 85 142 126 142
143 60 75 55 35 31 14 83 139 21 116 107 125 69 75
15 118 50 139 148 109 126 68 135 11 58 49 86 32 17
69 71 143 121 93 44 124 141 79 54 115 80 111 73 66
