0 0 0 0 0 0 0 0 0 0 0 0 0 0 0
144 88 62 109 36 103 41 91 69 85 86 113 53 13 123
65 115 111 89 45 105 47 47 28 87 116 29 51 50 43
35 46 65 107 85 115 18 38 18 70 41 33 53 135 76
65 26 36 40 103 60 87 86 135 73 44 83 32 58 96
143 54 60 103 90 24 55 77 45 23 148 131 124 39 66
94 103 65 34 129 20 43 34 85 113 119 35 147 34 130
80 89 149 149 23 91 125 123 50 87 70 67 30 43 149
81 19 78 86 148 63 48 99 136 91 108 107 112 85 64
112 121 116 18 92 72 23 77 136 13 46 29 26 55 112
111 34 63 95 110 96 98 18 65 120 94 27 76 23 134
79 51 49 65 49 30 18 121 61 15 92 63 28 20 85
149 76 41 122 133 88 115 136 29 146 40 20 45 133 121
143 33 138 82 129 64 88 41 16 94 10 64 30 24 57
23 74 26 29 49 119 89 144 65 113 40 67 61 70 95
111 95 48 39 125 10 88 56 101 48 50 78 122 119 54
83 52 98 116 34 85 60 46 25 46 10 79 140 69 65
67 34 12 88 148 136 102 41 123 134 109 115 138 20 90
57 66 137 42 55 62 134 64 39 140 53 124 61 146 66
54 54 72 25 20 71 93 138 80 76 95 88 92 45 11
65 129 22 113 47 116 81 16 106 26 71 106 15 80 139
29 107 63 72 102 70 38 79 80 116 123 27 111 112 107
114 18 90 124 106 44 17 87 78 43 10 26 84 15 33
68 65 140 11 118 22 123 14 11 115 140 51 148 33 77
102 72 144 147 76 67 98 14 115 67 22 87 33 71 141
92 148 45 104 130 47 139 112 30 110 72 103 137 40 72
19 140 89 87 44 72 114 88 68 25 100 121 147 103 133
76 147 51 149 89 47 121 69 57 17 142 68 21 143 115
81 16 68 74 74 59 87 85 81 127 103 30 93 51 108
28 18 44 20 33 120 17 115 64 88 125 107 83 117 72
34 85 103 56 47 75 76 149 49 15 21 103 121 83 30
107 139 15 100 14 115 142 74 98 17 27 25 84 30 73
149 127 42 144 125 17 32 132 35 136 120 23 49 64 28
21 56 15 44 111 145 46 18 145 107 116 133 28 120 95
139 116 84 110 62 10 108 38 33 138 133 34 60 32 71
38 61 90 14 68 20 24 42 87 19 139 29 23 26 132
23 80 102 66 54 81 14 83 100 37 10 17 121 13 69
76 130 143 32 141 116 139 119 30 114 19 112 93 87 73
48 84 90 79 91 99 14 67 35 128 141 95 95 24 43
62 73 111 139 107 95 58 49 14 33 83 110 76 69 134
82 149 53 139 96 38 116 128 54 26 71 116 56 69 142
68 73 98 148 142 63 24 16 80 11 62 113 72 129 144
79 60 124 146 96 22 130 31 75 124 46 48 133 141 50
29 67 23 115 109 44 61 112 113 43 79 85 113 135 10
24 89 36 71 103 40 90 67 67 46 100 73 13 117 17
34 130 86 98 21 14 112 111 90 70 147 120 87 61 59
110 86 129 86 91 135 149 75 91 118 49 21 56 60 119
131 44 84 108 51 82 111 135 103 132 42 119 77 16 76
71 78 139 97 141 142 115 135 66 138 14 50 128 134 84
140 122 135 46 82 15 52 16 148 61 50 96 58 12 29
140 59 118 84 120 119 94 147 132 128 108 16 67 29 114
79 135 52 76 39 117 121 76 42 54 85 26 22 92 70
67 126 147 74 141 140 90 103 32 53 91 118 120 108 50
64 127 67 93 141 117 139 84 49 16 89 149 49 113 35
21 63 23 48 71 75 115 25 121 79 47 11 134 124 64
119 60 29 147 35 112 48 22 70 35 50 107 36 80 131
80 117 44 96 95 92 106 133 55 21 18 62 144 149 146
50 10 18 108 13 46 83 14 20 139 64 143 71 112 135
11 31 85 26 71 90 84 10 147 39 104 36 50 32 80
47 116 21 130 142 114 78 144 50 22 100 53 99 101 49
57 87 53 91 37 146 137 48 12 118 31 24 96 55 79
36 40 71 13 117 137 43 141 43 44 42 26 16 25 118
102 43 96 104 40 128 134 93 90 127 14 130 143 116 145
80 128 46 66 95 15 18 55 134 73 19 68 102 49 13
134 49 106 70 137 108 136 118 108 132 13 39 144 58 10
138 149 103 94 39 37 91 53 17 143 93 120 97 59 103
82 86 62 71 147 108 59 85 48 28 145 132 45 106 107
122 38 82 148 96 127 52 130 92 42 38 42 125 103 117
122 112 15 90 146 139 68 89 56 130 63 64 48 48 122
129 117 110 51 66 28 18 45 121 18 66 71 39 29 36
138 110 34 49 135 34 109 111 28 33 84 106 106 39 43
85 71 80 137 39 45 68 100 42 27 114 93 91 35 50
29 74 90 97 84 52 31 76 65 87 135 133 130 114 136
24 45 103 34 46 87 85 119 126 123 22 114 121 113 83
106 28 32 69 144 114 42 121 87 33 47 77 129 141 70
70 142 109 97 89 113 143 148 47 134 74 29 82 107 75
64 47 78 33 83 48 119 105 125 93 50 141 41 52 21
66 104 45 37 138 106 13 103 49 96 106 60 115 99 117
107 142 34 124 39 122 32 145 44 127 14 21 71 66 120
144 84 103 19 19 72 124 123 55 142 30 32 21 66 43
149 42 126 109 49 131 90 24 36 23 13 75 49 51 36
15 98 107 76 51 29 20 127 13 57 56 142 55 18 135
145 108 90 69 138 10 69 61 127 48 55 92 85 138 125
55 132 123 75 68 99 43 98 137 70 73 14 19 62 93
100 63 56 42 106 115 21 126 123 149 143 134 142 58 109
137 134 68 51 16 105 10 103 13 63 49 96 18 84 102
73 99 78 56 60 92 143 84 128 129 40 147 112 47 64
91 22 35 138 71 60 28 136 29 48 42 136 108 50 148
70 89 37 82 12 122 127 100 57 149 20 31 39 118 51
11 127 141 131 48 82 79 131 45 100 56 115 57 32 68
142 17 21 77 55 88 17 102 51 131 97 30 92 125 39
50 11 119 114 134 39 129 16 53 121 34 28 87 65 70
51 51 139 123 97 126 56 126 96 61 92 84 132 57 69
108 88 76 108 74 142 80 143 121 104 138 37 145 71 10
115 93 47 104 63 107 145 11 110 147 71 70 124 99 74
139 85 37 18 72 94 140 95 143 60 123 95 147 25 139
136 74 53 51 84 108 140 13 122 73 65 77 129 103 102
127 137 63 88 36 127 54 69 65 23 121 78 113 118 121
112 51 139 69 102 53 49 123 91 83 13 18 79 15 77
22 71 93 43 61 18 80 115 24 25 11 61 54 104 131
139 100 69 27 105 30 119 43 100 108 58 24 36 87 126
148 44 57 148 137 131 40 53 76 14 103 40 148 70 117
80 103 30 26 119 92 98 66 120 54 148 147 143 24 117
99 88 46 20 45 63 15 38 69 125 41 75 63 20 141
107 82 39 144 104 108 123 66 81 84 36 146 59 53 100
139 136 108 49 84 126 82 82 136 128 27 89 66 80 87
136 103 121 102 75 80 37 144 72 47 22 90 138 22 119
138 80 38 92 138 149 73 20 145 98 12 132 122 118 83
81 58 63 72 21 148 109 79 83 147 24 45 44 34 48
31 148 22 115 51 102 48 31 72 73 88 67 37 52 57
18 26 32 18 17 85 123 133 30 121 26 55 122 32 83
128 73 18 61 120 78 100 34 121 125 74 112 126 71 88
45 56 32 96 113 142 30 73 31 21 130 121 146 117 86
75 70 11 13 43 67 49 37 30 146 140 16 48 141 133
70 103 26 144 80 47 98 131 84 144 52 87 120 24 122
65 124 145 139 73 32 56 57 42 76 35 14 128 53 82
103 10 103 95 132 54 41 108 135 84 87 112 60 18 124
17 29 72 99 68 127 137 50 39 62 95 120 34 25 29
99 99 69 35 44 109 43 44 147 86 146 68 30 67 107
142 103 51 36 117 78 51 117 14 113 148 21 32 31 120
135 121 39 22 111 50 58 43 67 67 113 77 122 34 126
33 55 35 112 149 117 80 125 25 26 21 11 82 67 123
109 95 114 118 31 135 138 128 27 114 46 16 92 19 84
146 59 36 100 65 14 118 148 56 47 54 141 43 101 101
137 77 148 106 77 140 23 130 68 42 81 71 141 137 55
70 78 40 100 97 37 60 29 50 148 39 113 124 113 63
107 96 90 32 133 47 28 143 74 94 12 76 148 148 115
53 15 68 73 84 17 105 73 133 104 121 18 127 96 99
97 39 115 89 112 121 86 38 34 121 132 41 33 49 96
33 83 120 110 85 68 77 50 77 124 108 72 40 17 29
54 51 40 113 55 83 134 45 42 41 74 32 131 62 49
81 29 63 59 68 44 103 57 89 36 24 33 68 34 20
55 100 47 87 60 144 10 57 27 115 91 136 110 105 126
48 17 101 91 34 139 50 61 66 15 32 121 139 68 45
20 130 106 17 134 25 120 32 21 47 42 53 78 66 103
99 27 40 122 132 73 11 118 21 17 20 58 74 28 42
16 139 126 109 110 21 122 59 79 58 41 112 70 10 89
47 41 54 83 139 95 34 116 28 66 27 36 75 59 67
146 112 135 111 60 124 114 53 120 51 92 95 12 33 102
97 27 141 86 83 90 32 76 88 16 51 83 33 27 34
67 47 62 84 48 16 137 103 74 47 45 137 98 62 39
