0 0 0 0 0 0 0 0 0 0
71 24 84 115 60 141 123 37 105 65
84 81 126 31 55 110 14 68 37 45
36 79 52 19 135 130 83 126 104 125
115 97 83 48 109 50 73 132 16 103
114 23 53 108 38 138 81 109 139 10
108 14 145 102 36 134 17 44 78 103
36 139 32 82 33 109 82 68 105 33
143 102 122 126 103 19 59 40 17 35
131 72 105 129 57 128 105 31 29 140
20 125 82 142 91 64 41 136 87 131
117 26 124 109 90 55 61 11 98 92
149 51 63 119 49 90 113 118 109 31
61 56 96 13 45 47 117 91 35 56
141 27 43 123 78 31 128 80 109 65
14 102 44 85 138 145 62 106 147 56
107 10 106 104 16 81 141 48 132 134
18 39 83 77 59 41 67 84 26 66
20 79 80 87 98 39 121 20 44 128
27 71 87 108 106 30 77 146 97 25
110 135 74 111 13 95 94 112 98 143
74 107 88 19 96 10 77 40 52 118
26 24 88 142 33 14 14 17 27 11
63 63 131 113 76 93 136 109 135 107
26 66 66 60 97 74 40 120 57 66
75 22 122 135 11 77 14 94 106 23
10 83 11 125 78 137 44 59 11 20
78 49 15 139 113 78 98 18 32 44
66 31 10 34 42 103 106 134 125 76
19 89 44 138 125 138 149 45 144 114
38 35 60 137 97 37 48 11 72 143
22 127 124 105 109 19 129 66 101 102
11 28 115 19 40 25 15 71 26 13
146 117 132 58 57 11 59 63 134 48
35 141 81 58 39 36 136 97 94 101
11 36 135 29 73 142 122 104 58 49
58 75 79 46 79 130 108 139 120 14
18 127 98 92 99 38 137 109 27 24
145 15 30 121 16 148 58 72 27 35
70 10 34 107 40 10 149 32 111 91
141 41 83 10 110 23 96 120 134 61
56 131 38 118 51 40 23 70 10 23
26 40 141 105 44 43 77 104 62 119
57 114 14 56 18 30 132 17 104 108
63 98 18 146 80 55 71 86 33 120
112 113 61 127 20 141 73 136 149 131
40 36 143 47 31 10 29 38 38 86
140 133 34 119 47 101 80 94 36 111
45 118 72 63 133 122 118 130 88 126
138 59 128 95 16 88 11 52 32 49
94 129 135 88 111 40 89 140 84 111
134 148 59 52 122 50 49 56 109 139
126 12 27 143 119 112 90 85 73 37
143 136 84 54 114 114 39 74 53 130
76 111 146 40 25 17 83 20 88 19
56 47 147 80 64 57 149 52 46 130
90 140 78 101 35 79 51 86 134 117
131 14 108 68 72 65 106 138 104 102
12 45 121 137 143 15 92 107 58 16
117 139 139 63 133 19 44 118 120 34
123 13 70 40 75 121 23 68 12 65
58 37 123 40 108 140 22 22 140 129
50 87 117 33 65 138 117 145 90 34
84 84 48 79 60 86 65 53 64 88
10 80 92 96 130 57 37 22 89 149
13 89 130 103 64 114 73 107 105 124
56 118 126 67 120 71 67 37 53 142
61 149 53 143 125 52 38 31 117 52
146 103 29 147 21 22 131 97 88 62
117 92 14 31 100 123 90 134 125 17
96 58 57 125 69 121 54 86 131 93
30 77 112 10 143 56 18 146 18 84
81 45 88 121 85 25 97 90 64 111
110 59 103 105 140 83 66 46 118 136
82 50 88 118 84 90 99 87 128 71
72 12 120 98 23 106 144 124 80 73
43 141 116 75 78 56 74 25 24 20
108 33 78 46 72 23 14 76 141 27
15 124 111 69 103 62 110 34 129 24
111 148 14 118 14 47 115 42 147 126
45 72 124 128 39 116 47 67 92 87
98 70 19 44 26 109 21 112 46 126
138 147 93 90 89 142 116 112 56 17
42 27 133 133 27 56 60 134 32 70
23 35 87 104 117 16 39 36 123 54
43 137 116 59 78 125 52 38 77 147
95 26 110 32 26 33 105 65 57 22
129 35 141 24 121 102 143 88 24 10
146 23 58 133 33 148 82 109 121 115
126 30 128 138 47 23 39 89 82 28
112 68 126 149 126 123 85 105 43 72
130 138 93 121 125 112 56 30 23 41
55 86 105 124 13 25 126 90 127 85
36 12 58 36 69 115 115 149 120 118
128 121 126 84 22 29 45 144 126 60
149 10 26 27 104 42 147 119 142 130
49 142 133 76 51 104 135 115 77 147
138 66 96 84 131 37 17 35 96 145
86 42 147 62 138 101 84 46 138 112
18 13 27 53 142 101 85 39 16 52
77 98 121 67 55 72 144 15 96 100
114 94 81 129 31 122 14 41 49 115
139 47 106 149 79 99 110 72 48 21
148 141 77 49 130 20 123 109 97 118
79 121 139 36 135 14 37 136 20 96
72 145 13 48 147 148 119 80 30 30
86 84 126 80 26 27 49 135 16 50
111 28 54 94 77 133 99 58 36 23
62 146 58 33 149 48 140 127 140 144
123 105 29 14 94 72 80 147 105 44
30 72 110 17 74 10 92 149 94 18
48 67 108 79 66 84 99 64 145 35
147 55 143 25 95 149 33 75 114 111
59 96 37 35 52 41 85 32 141 139
93 58 111 99 91 74 19 102 87 14
58 68 15 39 22 89 127 88 59 114
53 68 87 118 141 137 106 122 56 110
106 114 41 123 44 82 133 119 102 59
149 106 55 142 132 74 15 61 21 70
11 33 105 148 112 46 136 21 95 132
149 38 42 78 133 133 53 65 47 137
107 50 54 92 94 49 12 112 141 31
52 30 27 49 31 132 43 107 72 55
127 13 56 146 114 75 72 93 98 126
121 11 50 101 25 47 13 51 72 64
71 53 94 146 14 63 25 42 80 10
99 139 90 62 26 35 120 18 22 29
78 113 30 24 36 15 93 119 38 120
100 56 39 39 92 81 112 27 64 13
46 112 26 89 22 145 89 65 39 116
109 97 115 129 42 100 80 67 105 96
124 77 59 11 135 122 10 97 139 85
78 14 63 94 149 90 25 127 40 127
93 31 116 52 98 40 58 49 117 25
68 148 100 113 87 145 16 50 40 143
52 41 91 114 33 107 60 28 72 30
105 68 70 147 48 122 100 128 119 99
89 48 58 90 38 22 108 84 127 79
143 46 119 44 23 83 131 104 51 51
122 34 148 19 54 105 130 134 118 37
124 128 125 56 130 15 67 38 141 25
147 42 105 101 68 105 105 129 71 68
56 89 118 118 45 128 91 89 58 10
89 77 31 112 136 47 50 80 93 38
27 14 111 99 41 136 126 57 46 48
40 85 126 26 47 33 80 114 70 24
135 144 82 72 139 85 102 104 143 94
68 40 126 11 49 91 114 137 43 101
32 141 74 12 90 27 139 31 80 117
127 129 25 13 114 15 96 42 146 15
38 116 42 27 105 107 68 97 147 77
