0 0 0 0 0 0 0 0 0 0 0 0 0 0 0 0 0 0 0 0
64 60 122 126 136 15 13 29 103 145 145 51 85 72 119 118 145 29 67 33
12 111 35 67 87 16 91 72 121 29 99 93 114 41 29 79 104 108 80 13
143 65 23 104 51 44 138 54 62 118 43 97 85 111 103 68 113 83 97 109
17 142 81 39 69 67 137 24 104 36 42 11 120 108 146 109 37 93 82 94
101 14 68 74 103 21 50 32 39 69 67 110 132 99 71 91 80 52 42 79
63 122 40 148 50 144 134 74 129 114 142 38 114 149 147 67 82 13 140 110
131 127 52 145 60 13 55 136 119 105 149 127 46 67 89 109 119 117 74 43
57 121 94 103 113 118 93 79 81 11 17 66 125 42 63 19 120 115 147 20
71 50 98 38 115 89 116 114 66 33 19 58 46 95 67 112 73 25 104 105
34 88 94 67 104 57 141 99 86 87 43 130 62 132 13 20 56 103 98 53
33 24 60 139 111 118 140 99 35 18 144 100 131 68 45 62 45 123 103 62
124 70 10 71 60 141 89 98 96 88 114 16 143 142 147 32 33 135 41 80
106 41 108 78 115 10 131 36 30 118 24 112 11 51 104 99 108 25 23 133
64 98 146 139 115 27 112 134 102 64 127 109 54 71 57 77 23 149 65 111
139 108 78 84 55 139 44 121 13 84 131 39 68 141 84 116 126 122 37 130
55 125 45 31 146 78 63 44 96 112 99 28 55 38 100 17 45 82 40 47
118 45 124 61 95 61 107 97 54 115 92 72 116 22 11 82 34 48 134 100
137 83 23 28 44 109 68 72 58 126 94 87 126 93 122 13 66 20 124 93
43 19 19 17 107 75 36 135 97 78 121 23 68 122 17 72 138 108 39 122
35 70 107 132 11 126 121 138 27 132 108 145 101 77 114 40 37 13 62 16
96 76 25 36 54 87 35 60 126 43 143 19 147 46 115 22 33 19 126 47
112 19 118 50 70 130 51 98 66 96 57 108 51 133 148 25 35 97 129 48
75 59 20 31 31 63 34 11 134 23 18 133 18 59 47 26 108 145 14 51
93 86 132 81 81 145 74 123 136 43 26 28 44 72 115 117 60 134 27 66
113 35 69 103 85 39 32 62 148 143 126 98 113 130 67 146 99 147 112 26
116 13 143 89 98 45 50 146 69 98 62 66 89 33 72 64 64 134 73 113
94 99 36 74 109 147 75 95 66 66 117 92 146 20 81 55 119 59 136 122
23 60 86 138 141 19 115 93 21 58 26 111 114 63 139 113 25 120 57 119
93 38 149 11 46 22 42 135 20 13 91 126 41 128 124 114 82 80 91 70
39 138 10 83 111 91 132 81 39 69 124 149 68 13 99 39 18 11 19 22
135 40 31 50 75 58 77 127 84 27 82 84 60 129 143 141 37 70 74 117
62 71 90 79 117 75 37 133 148 100 23 45 26 65 17 40 93 123 15 32
104 72 85 107 113 72 148 67 130 65 112 124 87 85 56 80 20 45 51 78
58 62 64 108 64 120 69 115 105 13 63 127 140 50 58 97 86 88 106 76
62 126 118 49 38 128 143 110 149 80 29 140 139 129 112 127 38 100 100 41
15 55 63 58 140 131 33 11 59 86 77 12 54 57 49 13 68 132 43 30
43 81 115 80 100 51 70 137 137 22 30 87 13 12 71 130 64 83 104 105
119 91 136 39 144 65 36 108 37 43 42 75 88 70 16 69 32 56 46 143
48 11 125 80 28 10 74 63 75 118 72 116 89 17 88 72 119 54 73 95
85 117 147 149 114 134 117 119 137 52 15 140 109 107 61 93 55 56 143 95
26 14 18 73 20 145 33 44 109 14 102 57 61 123 77 43 146 10 110 26
47 148 56 76 10 61 26 101 36 131 124 51 58 38 30 121 112 94 23 74
27 17 139 58 12 31 28 128 129 54 87 113 46 75 83 130 52 119 46 106
70 106 132 70 115 35 58 148 124 101 84 17 56 26 69 113 40 68 127 91
26 38 24 119 133 58 87 76 47 95 125 127 93 11 94 37 71 130 86 72
120 124 112 133 133 28 124 142 146 89 12 141 133 26 130 20 41 107 126 110
26 144 79 110 43 40 50 47 59 67 117 114 111 68 82 50 106 89 25 106
111 23 89 17 84 120 85 36 25 11 95 76 114 13 64 36 37 87 131 82
127 14 64 26 142 95 31 17 30 15 126 19 91 141 142 68 106 84 130 148
104 96 39 60 42 64 112 127 81 42 115 36 71 36 149 122 32 99 118 24
109 134 118 127 112 95 32 42 62 108 80 23 36 92 18 23 110 18 144 43
86 66 67 66 20 99 148 62 39 76 70 12 74 70 54 122 114 119 123 137
139 146 88 118 18 111 51 114 72 34 67 84 61 138 134 99 46 117 92 65
122 78 130 105 113 145 125 28 116 136 59 110 92 126 114 139 71 138 38 75
29 15 11 110 148 108 61 20 48 61 95 64 137 122 123 78 37 88 84 84
36 52 116 14 100 69 114 111 149 75 148 45 143 23 104 116 132 87 96 104
107 133 29 15 53 114 74 135 102 60 117 86 110 72 110 83 42 140 25 122
54 148 40 30 95 35 65 139 105 113 15 88 120 66 38 35 69 63 70 127
92 92 120 87 10 91 122 76 93 76 140 96 57 137 15 20 72 149 117 118
144 121 80 118 145 12 29 12 58 25 75 59 71 34 24 20 146 138 85 65
73 21 34 56 142 39 90 132 36 24 148 101 49 76 102 121 113 109 26 23
142 149 76 93 136 102 104 62 141 125 44 65 78 45 146 60 66 69 79 13
141 14 122 145 74 135 80 85 99 36 37 65 145 18 124 90 145 97 137 112
112 113 99 148 51 109 103 52 119 126 27 55 148 79 143 42 136 124 16 29
148 146 66 116 115 62 104 127 99 138 95 25 96 79 30 77 71 126 103 111
82 28 95 86 21 21 21 10 40 124 10 45 12 30 28 52 128 135 104 94
98 111 81 121 135 142 58 34 149 36 19 40 147 14 108 39 136 15 29 47
107 28 44 146 33 146 22 143 126 51 49 82 27 149 137 46 113 101 141 86
128 105 105 43 14 127 36 119 123 54 127 71 79 133 115 90 25 106 22 38
90 148 84 103 61 112 133 44 56 70 80 48 31 29 125 111 54 58 84 76
116 83 120 130 132 31 23 88 107 90 39 127 19 120 54 59 53 67 44 103
125 96 75 77 125 123 76 111 37 10 119 98 88 138 40 17 56 27 81 54
70 46 31 113 39 30 51 120 78 61 101 125 31 56 112 77 80 89 60 88
61 107 125 91 109 26 128 113 95 131 101 92 87 44 43 12 143 76 51 124
143 139 112 96 39 17 19 75 127 121 112 13 98 84 14 42 132 140 127 97
65 26 47 115 15 148 46 15 17 98 85 57 26 62 29 142 43 68 20 11
55 129 138 138 117 95 140 59 89 37 37 12 31 44 16 142 42 59 41 66
31 45 104 62 31 119 121 30 68 24 87 20 93 31 77 99 47 83 99 124
143 44 23 79 126 98 42 77 116 50 45 33 83 82 88 35 51 28 67 134
73 124 106 132 105 72 57 103 130 145 25 102 136 34 110 131 134 84 87 41
74 148 59 142 134 10 144 141 14 105 42 135 55 63 138 74 112 32 115 92
91 123 26 113 22 34 128 138 111 111 72 43 58 24 126 49 96 76 67 96
76 91 147 73 76 62 93 44 68 26 125 20 99 109 44 119 40 53 76 68
90 107 36 81 148 36 29 103 62 21 32 123 105 130 77 72 135 20 16 61
101 48 106 96 72 126 36 40 105 113 87 102 128 46 86 56 118 90 47 63
121 62 64 129 76 25 120 137 77 118 43 146 11 50 81 19 109 54 39 124
105 134 71 36 86 139 23 21 102 68 20 68 128 94 65 118 70 82 53 107
137 130 47 133 42 135 89 78 28 100 72 96 36 90 95 28 30 122 137 73
58 42 63 111 89 134 13 43 119 33 57 85 16 57 64 97 110 122 121 57
39 135 40 41 52 149 130 16 111 65 53 123 78 102 26 82 108 30 79 55
130 115 132 114 52 13 31 141 130 108 83 100 35 95 38 98 56 107 50 41
103 44 123 123 84 133 38 138 137 129 36 13 24 53 59 119 27 67 57 35
102 33 140 103 116 83 11 24 75 32 17 132 36 19 116 85 63 30 63 84
41 78 92 62 20 64 86 117 16 98 28 82 67 21 10 104 85 76 15 140
25 71 149 67 74 86 137 140 63 59 43 126 29 131 15 125 89 79 123 57
93 36 134 75 122 28 27 30 23 146 76 16 110 130 79 25 33 94 118 15
67 93 72 84 62 57 116 69 145 34 47 148 52 90 61 83 118 109 117 41
114 113 15 121 80 110 29 66 126 55 99 145 94 80 44 67 39 22 50 111
113 98 146 52 94 91 47 16 60 82 41 136 131 107 79 128 79 132 100 57
149 13 11 40 53 61 52 46 50 41 78 104 145 114 121 108 24 99 93 112
67 79 34 112 51 17 72 29 64 19 28 65 33 46 118 10 11 20 145 124
74 128 32 104 31 10 148 148 129 128 46 30 96 126 74 60 117 88 148 106
134 116 141 82 128 111 49 122 49 87 94 77 54 47 86 121 19 94 136 143
123 145 17 59 101 57 81 39 144 32 137 70 124 34 100 30 98 114 138 47
144 41 131 119 20 67 56 19 35 136 53 52 13 107 125 119 42 78 91 130
123 113 62 90 82 44 121 72 100 128 38 119 85 44 39 126 141 77 63 118
48 112 149 19 133 124 48 87 135 133 127 43 65 93 84 58 33 80 142 95
67 57 144 21 104 74 55 70 122 83 63 74 72 17 133 132 109 141 29 71
132 131 12 109 110 92 80 92 68 68 146 36 149 35 17 109 86 23 105 75
98 67 68 66 123 16 149 136 111 39 95 47 52 44 105 127 149 143 103 110
24 42 81 43 57 61 28 112 18 81 83 119 139 60 14 145 119 57 100 18
96 17 59 122 34 107 10 87 94 116 81 12 58 124 19 127 149 98 119 30
92 19 41 59 50 92 22 139 145 145 77 22 103 76 136 39 81 30 128 103
30 145 125 105 41 119 140 49 145 98 133 76 16 114 39 57 59 104 142 39
132 69 126 101 29 130 124 129 106 68 63 130 88 136 59 129 144 87 122 147
47 81 68 103 118 63 30 144 130 79 83 37 148 149 54 30 53 39 24 131
40 130 80 76 43 133 74 25 28 143 113 52 109 80 29 107 133 87 14 38
93 138 66 47 41 132 41 54 117 44 122 134 10 14 76 36 148 65 121 60
24 58 97 116 61 127 47 68 141 128 142 125 28 117 17 27 19 109 37 70
25 109 98 72 124 32 141 95 65 40 135 138 49 65 31 65 40 100 121 61
121 127 104 83 81 146 50 21 129 148 60 11 85 96 128 82 53 66 109 64
145 21 60 11 99 67 65 28 99 92 141 21 91 74 135 119 17 38 113 27
127 106 10 67 131 101 43 149 45 117 138 123 63 53 122 89 13 125 129 24
127 73 110 67 24 91 121 42 68 39 87 101 123 118 32 46 45 59 41 26
141 127 104 11 18 40 96 146 44 129 56 39 73 123 16 110 132 75 68 87
108 135 20 88 20 81 99 40 87 114 61 127 106 112 135 32 62 87 24 82
23 134 117 53 128 36 39 67 111 110 19 129 59 56 44 92 33 44 130 21
43 46 108 117 11 97 13 116 51 53 34 55 48 49 104 17 17 64 113 67
55 132 75 57 107 43 138 92 27 57 54 130 21 45 127 138 98 92 47 43
53 10 77 138 13 40 44 24 64 134 31 31 101 111 146 135 88 101 106 41
