0 0 0 0 0
133 32 68 35 31
122 19 115 119 143
61 69 71 59 97
65 52 67 80 128
56 20 75 29 77
22 92 46 131 104
105 147 35 138 33
48 92 70 134 14
99 139 121 43 61
109 113 126 18 83
16 48 107 147 91
56 77 65 10 62
119 52 97 87 138
97 92 77 128 97
97 43 41 58 74
43 30 132 126 67
53 11 145 78 62
50 102 129 68 118
38 22 148 16 127
51 55 85 38 148
59 118 79 50 98
60 107 124 148 25
87 56 10 54 67
128 39 50 95 23
16 76 33 22 30
108 141 29 47 54
10 24 117 140 41
122 130 37 120 126
51 62 106 85 94
138 133 26 61 53
118 119 123 33 130
130 34 14 42 39
88 138 119 71 100
82 98 104 19 91
15 128 33 143 114
97 19 139 29 37
62 53 70 58 125
128 33 15 37 115
116 15 98 55 70
120 141 92 72 129
108 137 76 10 29
62 110 76 71 136
66 60 37 33 110
18 23 136 20 76
147 23 66 27 17
24 78 117 43 18
102 104 11 96 136
118 136 43 122 132
104 85 137 37 26
84 12 88 24 146
96 53 116 107 125
130 35 44 30 50
77 127 27 142 53
103 23 18 109 21
10 15 94 113 101
101 147 45 109 14
30 142 88 88 68
141 90 75 71 102
25 98 94 126 26
127 54 62 15 99
84 69 128 64 86
143 149 97 18 82
105 139 105 87 73
74 116 128 20 70
108 28 110 26 29
131 81 88 68 39
83 115 82 73 106
31 102 46 128 63
107 28 63 117 99
61 118 141 137 16
31 131 117 125 18
44 114 53 16 49
142 92 99 41 38
149 26 133 136 139
137 59 34 75 82
93 139 33 27 41
127 90 68 96 92
34 86 81 111 18
43 41 89 32 100
90 17 12 113 147
102 74 107 90 101
99 58 69 128 120
46 124 11 79 14
83 27 11 14 47
111 147 148 81 52
129 120 74 134 132
127 121 76 55 38
131 141 111 136 12
81 127 43 112 119
139 143 15 115 102
62 127 62 21 108
14 106 57 113 59
44 110 54 86 112
124 86 146 130 127
110 98 11 92 12
84 16 66 14 21
17 36 76 24 56
45 26 20 112 77
44 125 29 136 57
32 83 105 52 14
111 136 95 134 126
15 103 28 62 78
68 93 33 126 57
138 52 133 99 121
69 75 37 83 98
149 29 37 95 127
112 104 11 105 66
97 36 88 85 85
49 147 126 128 51
110 12 108 136 133
143 29 78 22 105
26 88 58 143 24
16 40 148 20 31
30 132 75 90 51
18 84 98 36 48
50 47 57 136 45
22 116 58 12 12
100 17 100 91 93
129 10 11 54 50
110 17 93 11 147
70 53 146 31 114
73 94 72 107 21
12 140 29 112 114
92 61 98 27 10
81 31 54 126 68
53 106 87 68 31
94 127 132 130 130
25 111 36 133 130
45 111 77 19 97
18 142 84 106 44
