0 0 0 0 0 0 0 0 0 0
49 137 145 56 53 63 87 14 34 34
133 33 74 11 120 145 61 141 31 18
134 93 111 50 49 91 110 95 133 97
110 106 20 146 49 16 129 108 116 73
68 108 28 30 44 59 69 103 41 121
15 11 129 61 22 11 22 119 127 93
127 125 103 110 106 138 72 39 105 94
126 116 116 98 119 132 148 146 96 53
32 24 12 61 63 53 17 21 22 16
23 124 35 148 59 112 74 42 76 69
113 67 149 128 115 53 76 119 25 19
32 36 15 147 83 92 106 114 34 141
105 116 100 93 141 94 83 85 42 69
102 124 136 124 115 113 108 144 16 74
16 148 17 89 128 101 77 33 130 54
98 95 117 137 52 42 89 41 110 128
23 36 148 92 54 53 13 98 143 24
64 91 103 76 143 93 18 102 68 114
124 42 82 128 83 127 76 141 83 70
121 143 85 115 12 87 80 145 57 19
57 140 65 32 35 28 76 140 121 101
14 13 123 79 86 77 23 131 96 105
105 24 49 114 135 24 102 43 110 97
11 146 45 54 147 117 92 130 109 129
67 101 36 131 123 124 27 73 107 102
146 136 62 99 100 50 105 62 98 82
129 86 65 122 99 32 51 16 71 32
124 102 63 40 97 70 16 60 142 22
81 100 146 20 96 145 120 17 47 139
143 43 36 20 116 107 23 145 112 47
102 67 39 143 53 46 22 144 36 109
140 17 96 106 36 127 100 74 62 42
136 126 26 49 48 15 127 82 31 53
117 79 113 34 79 124 148 42 89 10
109 116 85 42 139 43 114 17 82 97
86 142 29 129 149 13 74 103 131 61
147 93 121 30 115 57 141 134 107 123
125 82 27 48 111 26 101 43 88 101
30 109 85 53 108 149 22 99 60 66
149 118 52 32 61 108 10 147 48 13
100 118 59 44 61 17 136 66 110 96
140 30 104 131 45 69 100 102 12 133
10 39 70 55 12 23 39 106 127 16
98 73 105 138 90 19 106 144 53 114
19 22 35 42 75 71 129 149 46 29
16 66 141 25 30 40 30 36 18 34
149 120 19 45 59 148 73 73 48 66
