0 0 0 0 0 0 0 0 0 0 0 0 0 0 0 0 0 0 0 0
119 83 13 50 108 135 143 67 58 65 77 78 84 30 28 147 139 46 69 42
36 36 122 95 28 66 72 76 126 110 34 28 40 27 57 17 75 20 92 99
137 106 90 11 61 29 102 73 142 34 18 81 122 98 81 84 68 125 146 138
54 149 14 15 108 105 55 99 87 137 114 41 127 137 79 38 85 94 123 107
110 113 37 84 13 147 64 107 103 119 136 39 71 127 129 75 138 12 67 76
97 136 96 58 146 11 71 76 123 102 56 61 95 73 56 22 71 125 43 105
40 62 69 23 77 88 91 97 125 39 132 70 114 80 80 63 44 17 136 130
11 120 112 52 35 20 101 144 86 41 38 27 87 69 80 86 76 18 96 46
141 45 22 86 119 148 77 144 100 140 99 55 144 62 135 30 70 104 54 66
111 73 22 40 69 57 126 24 138 54 33 96 85 93 124 123 97 73 83 91
15 116 135 29 138 106 62 47 72 75 50 91 28 72 140 110 49 120 52 45
101 27 141 21 20 23 115 45 30 148 48 119 28 37 29 104 111 51 24 143
69 69 105 83 110 135 28 86 143 144 84 118 100 79 86 120 37 89 125 12
102 89 80 33 19 19 17 27 55 110 120 110 74 121 20 99 51 14 36 27
24 139 32 19 30 77 69 38 72 48 136 121 29 65 145 107 60 15 63 140
23 41 113 133 100 60 24 12 109 142 30 79 28 87 118 56 79 115 47 124
97 109 113 63 148 62 33 75 40 24 28 115 28 36 123 108 34 148 141 124
49 126 84 74 41 70 11 134 123 23 47 137 82 33 44 17 117 114 148 127
17 51 138 75 133 88 29 89 39 48 43 46 131 144 147 54 23 28 94 135
27 110 103 71 148 57 78 79 75 120 123 143 59 55 129 54 58 145 108 36
79 84 137 146 143 148 137 129 25 49 108 44 96 120 127 136 124 105 10 43
16 130 78 142 123 55 49 112 93 140 145 148 132 81 92 85 15 111 80 114
44 43 52 149 139 83 81 87 81 16 54 97 114 135 95 68 91 15 74 137
10 78 135 86 37 107 11 41 143 40 63 104 107 44 142 145 30 80 99 148
144 149 132 107 56 37 80 133 119 53 57 87 138 102 147 93 41 128 21 11
115 20 36 129 34 106 50 18 84 142 145 143 111 42 18 139 93 21 52 121
123 65 28 145 98 108 20 80 11 64 126 81 91 149 37 51 124 24 123 75
37 120 80 82 54 63 24 81 109 106 67 55 146 52 119 27 52 52 107 128
32 119 31 97 17 105 87 67 60 88 74 90 13 126 126 135 81 107 106 39
57 103 129 128 84 99 14 100 73 134 74 82 119 76 45 69 24 108 121 130
132 10 125 75 62 128 117 15 100 95 103 39 98 141 34 100 18 67 42 19
21 72 95 14 123 52 141 124 124 21 95 85 147 149 149 13 25 107 65 72
111 101 115 78 63 82 80 32 55 48 146 33 48 136 57 18 122 50 84 29
123 102 137 48 105 48 28 103 104 118 50 22 17 135 129 137 24 130 131 116
75 142 132 30 32 113 67 89 37 53 148 52 14 23 115 50 33 23 15 90
17 82 78 90 142 73 58 33 27 78 120 22 56 105 99 133 86 61 145 59
111 84 117 108 51 58 93 145 78 134 32 21 129 26 129 119 66 40 38 120
30 99 110 59 38 141 37 11 34 17 99 17 148 119 27 125 97 31 26 143
106 16 61 121 118 137 129 82 82 22 11 108 119 14 59 68 132 81 88 81
93 96 83 108 97 94 80 117 87 55 124 43 88 54 100 106 101 69 17 90
139 94 126 87 25 139 17 46 103 102 104 71 50 82 16 54 13 64 129 126
78 131 73 73 117 70 121 16 106 20 123 119 135 87 12 141 86 52 117 146
16 72 65 33 91 32 137 11 34 14 12 24 73 130 67 82 124 45 65 132
75 28 115 67 131 64 11 23 74 145 140 126 82 28 115 141 143 45 32 34
97 52 74 118 136 85 81 36 36 70 124 71 57 29 60 27 138 34 117 146
78 39 136 137 50 85 60 22 61 41 113 67 51 30 121 10 77 112 85 114
67 55 92 92 107 118 55 32 95 36 102 66 135 10 95 51 116 80 41 117
87 139 64 136 119 82 107 64 132 132 62 37 108 71 109 13 23 27 52 44
32 14 41 51 34 28 27 99 96 46 75 108 59 83 130 54 99 41 16 81
107 21 35 34 20 73 72 136 16 35 108 44 65 141 138 107 76 139 141 114
115 32 54 108 144 11 114 125 14 21 114 148 78 26 91 22 122 21 107 87
97 98 122 123 83 42 27 62 68 124 67 99 84 70 130 34 52 28 71 50
141 56 115 97 122 99 133 105 120 58 145 104 122 82 72 78 122 117 36 37
19 44 21 101 127 91 17 125 123 134 105 82 123 54 16 128 93 106 91 58
37 139 138 132 75 121 147 147 74 23 116 64 140 75 11 26 56 49 59 103
46 47 39 103 75 61 27 60 28 129 37 108 34 104 115 11 117 54 23 149
68 78 40 93 106 82 62 130 61 146 37 96 87 142 24 130 86 115 103 149
103 33 51 111 47 132 53 103 144 122 69 114 124 89 105 11 146 126 56 30
141 98 63 65 148 120 132 34 87 38 92 109 119 35 121 147 44 115 35 128
144 84 125 66 13 67 138 29 69 111 119 133 137 76 141 96 57 40 56 88
57 19 108 80 80 130 52 122 130 68 124 15 112 15 85 138 62 33 44 87
63 138 55 139 121 147 57 16 121 57 48 136 47 23 52 61 108 121 90 89
108 149 126 119 21 95 63 61 53 50 33 140 100 72 100 107 89 60 127 142
11 11 113 117 91 105 108 119 75 131 84 91 46 43 32 87 101 65 131 71
14 131 130 135 112 96 92 15 52 110 17 63 44 114 54 95 66 89 16 73
77 110 54 116 72 34 62 22 86 120 118 66 45 75 115 10 15 86 69 148
60 108 148 69 54 46 112 74 25 101 37 70 56 114 115 77 134 86 10 20
31 139 61 71 67 42 143 59 11 52 36 74 53 96 72 100 127 23 101 109
71 135 148 30 40 29 79 141 42 43 107 120 136 91 72 90 114 72 34 146
132 69 148 91 79 31 144 16 69 35 16 130 118 95 90 31 132 82 107 69
123 16 108 114 45 31 58 84 63 34 40 29 64 15 134 82 93 39 70 42
45 32 87 127 78 36 92 143 84 43 130 94 47 72 63 59 129 124 18 86
40 105 98 47 101 100 43 135 16 83 106 69 48 57 65 41 63 146 97 107
15 108 124 90 78 116 77 81 105 51 79 50 49 110 145 81 53 38 71 125
57 27 105 120 99 48 18 53 87 43 59 127 45 45 135 123 10 56 79 69
95 110 34 67 126 18 44 26 130 50 102 89 119 131 19 101 58 104 50 43
130 19 52 141 123 36 15 109 56 69 31 109 145 22 80 91 71 115 18 141
112 65 46 74 72 53 12 50 11 41 142 24 147 75 22 26 36 37 117 97
31 67 130 134 85 33 58 17 52 65 60 123 76 80 142 11 106 110 22 21
85 25 35 95 38 97 22 143 62 75 97 88 131 101 100 113 144 59 114 84
110 131 109 98 61 78 107 15 133 16 117 136 138 63 22 74 45 15 149 79
83 11 37 114 47 117 109 41 36 77 78 112 99 39 138 79 20 12 98 63
36 126 77 107 95 149 17 50 69 94 66 36 92 42 133 51 102 34 126 73
142 18 55 72 79 26 45 101 82 73 71 22 48 29 35 94 26 58 123 21
58 67 133 138 11 60 26 127 52 50 132 103 95 122 136 79 89 44 71 40
116 47 97 35 76 122 69 34 83 49 73 40 62 54 130 17 19 97 27 76
131 47 74 13 27 40 115 51 30 68 64 39 27 32 12 134 68 72 49 27
105 134 116 43 14 147 83 25 109 111 61 117 117 36 103 21 28 108 85 58
22 29 58 55 65 114 112 24 118 13 57 10 94 20 64 115 22 127 62 23
85 75 97 142 77 126 50 70 76 75 14 84 67 136 18 124 37 33 31 12
34 41 116 128 89 65 110 14 147 37 139 127 105 103 29 74 36 132 44 14
122 96 75 63 37 110 30 145 117 44 71 40 114 91 68 39 86 121 85 59
112 129 93 57 73 82 18 108 144 134 59 59 33 30 23 130 30 147 146 78
123 80 46 22 144 124 18 48 23 134 67 115 36 31 72 88 30 118 77 47
21 44 38 10 70 140 126 74 121 112 108 79 21 29 126 38 74 24 105 106
66 19 55 115 47 29 33 132 62 85 127 109 88 136 35 35 115 122 94 125
91 134 140 66 84 45 21 134 44 111 95 124 137 104 39 130 121 15 28 71
117 149 74 40 29 130 118 80 94 91 11 27 80 22 63 46 120 107 41 101
127 143 145 77 46 74 109 148 72 56 134 111 120 51 134 73 95 148 82 108
