10000000 10000000 10000000 10000000 10000000
215 278 94 54 41
267 247 84 195 51
193 103 158 91 87
300 154 302 60 265
159 138 44 19 176
63 257 124 70 262
79 266 241 254 56
274 145 170 23 197
131 66 17 282 322
115 16 331 183 107
51 250 147 210 170
276 297 104 313 24
312 44 31 43 60
166 299 226 61 112
165 281 64 194 167
59 235 61 229 77
22 304 88 243 205
233 84 82 23 314
240 120 207 151 285
155 217 107 177 286
254 275 312 225 20
308 180 270 112 49
286 212 31 267 60
80 243 166 78 166
16 200 208 200 328
276 240 157 225 233
173 292 331 264 194
226 181 165 172 229
118 98 280 223 24
58 317 82 183 22
94 175 64 228 12
155 10 243 98 60
306 330 16 178 10
10000000 10000000 10000000 10000000 10000000
298 318 143 268 113
84 117 70 62 59
251 67 100 226 133
103 169 304 172 75
169 295 228 214 59
21 25 281 188 135
100 256 258 165 10
239 34 308 20 132
282 221 169 317 305
94 155 128 33 146
26 116 68 162 183
53 154 119 287 319
31 223 251 202 220
231 85 215 211 8
205 314 63 298 160
74 10 260 84 259
312 33 75 215 272
136 142 30 251 306
223 131 213 103 65
28 170 276 167 280
324 52 130 34 297
211 239 195 174 238
109 196 285 47 10
74 129 63 12 240
26 188 309 313 177
276 262 103 299 48
52 273 76 117 40
230 262 161 176 195
283 282 64 192 188
119 224 270 271 285
7 33 184 104 109
105 295 105 291 63
208 128 232 7 124
10000000 10000000 10000000 10000000 10000000
331 111 70 44 258
317 321 62 193 210
293 277 315 210 272
140 73 111 263 268
36 194 202 230 275
330 202 231 15 71
63 148 176 294 83
82 258 168 109 37
46 323 123 274 245
222 137 205 168 313
176 24 282 308 12
292 273 74 33 87
134 169 271 196 310
157 20 206 63 239
62 209 265 157 226
184 315 102 41 169
140 174 66 239 127
200 331 139 165 125
194 245 325 256 270
66 264 166 263 224
73 121 208 14 150
216 223 212 284 220
208 22 203 169 137
85 150 200 27 97
168 92 316 201 16
331 17 191 284 308
326 52 151 264 250
326 60 185 187 287
47 271 151 321 283
198 154 74 62 249
193 187 81 327 177
24 152 144 272 84
45 211 81 108 249
10000000 10000000 10000000 10000000 10000000
151 180 242 270 261
118 141 53 29 64
62 325 44 200 318
309 86 285 106 240
29 256 265 31 77
23 83 150 123 9
316 266 70 261 151
122 24 149 121 304
71 141 303 10 18
205 216 94 196 102
255 141 191 188 206
45 227 91 253 150
249 12 198 150 146
228 296 175 30 283
56 194 120 218 93
222 169 199 259 172
32 107 304 204 118
90 240 263 151 92
150 75 114 263 48
327 117 92 140 23
42 255 125 40 115
28 137 123 220 159
238 48 24 314 232
44 286 309 96 190
18 119 38 323 24
108 269 213 143 328
229 245 226 248 281
58 154 327 53 324
271 151 287 17 70
325 171 290 56 12
92 147 298 182 143
247 276 278 106 301
131 111 28 126 44
10000000 10000000 10000000 10000000 10000000
275 93 92 78 180
157 117 240 20 10
330 286 170 194 79
263 75 123 259 314
83 267 242 323 277
184 177 91 8 170
169 202 258 312 243
112 312 53 155 256
98 70 107 317 219
130 243 89 330 231
109 77 194 178 226
137 141 111 294 324
247 237 237 60 316
217 56 191 310 120
262 247 271 245 71
89 20 230 213 48
112 242 206 264 40
235 270 79 195 281
100 178 51 27 103
41 228 113 109 241
234 195 94 293 12
261 199 16 273 236
316 123 284 158 305
150 18 141 182 209
124 299 192 159 192
253 38 319 185 232
135 94 223 272 102
270 80 246 127 211
109 97 310 329 203
151 56 285 270 302
56 15 48 323 242
115 156 29 44 75
161 98 168 274 167
10000000 10000000 10000000 10000000 10000000
279 300 233 119 67
244 326 142 47 207
196 33 117 207 109
17 99 329 99 158
118 51 306 230 138
253 46 307 329 175
249 293 141 267 322
47 262 39 301 199
44 154 317 248 84
306 149 245 328 114
168 137 57 262 132
26 29 186 71 17
37 26 9 202 138
324 9 260 316 90
87 325 155 23 282
8 267 185 79 264
265 52 175 35 323
305 152 291 230 182
237 313 142 201 319
295 244 266 231 7
12 235 144 158 31
65 305 279 228 52
323 52 237 294 191
162 305 81 164 38
90 206 94 94 148
116 75 285 98 112
220 271 322 156 82
225 140 153 326 234
163 69 226 315 283
323 259 69 299 159
55 57 316 281 262
133 283 44 78 156
222 199 243 74 63
10000000 10000000 10000000 10000000 10000000
117 164 191 146 159
71 190 134 300 123
154 185 239 152 275
91 14 142 38 198
90 164 304 90 16
99 53 21 146 44
296 84 291 177 69
62 201 311 293 134
255 29 327 226 285
268 213 162 251 71
242 41 209 269 91
330 251 94 230 68
157 60 9 268 232
314 86 144 179 163
25 115 331 173 199
71 261 220 330 314
200 98 12 210 252
205 101 50 218 290
325 258 146 45 81
55 115 258 118 51
185 81 226 117 62
300 27 170 316 321
135 36 35 307 105
301 14 276 128 65
224 66 269 82 218
167 233 318 187 91
55 280 247 286 55
205 329 60 321 144
253 175 96 267 255
319 322 327 167 181
198 314 81 327 241
205 58 77 159 98
230 74 287 93 74
10000000 10000000 10000000 10000000 10000000
82 59 90 286 220
46 51 220 235 112
26 236 248 273 251
320 77 7 279 190
115 250 182 302 128
63 127 107 210 305
307 159 132 130 123
178 15 158 182 47
271 141 15 148 27
314 253 313 31 267
310 66 236 249 66
294 44 241 122 63
289 210 320 282 169
98 305 287 11 218
242 8 120 239 218
58 254 27 183 285
224 213 296 304 197
9 89 215 287 147
80 180 26 127 40
218 116 164 131 17
101 17 129 104 59
311 75 174 187 279
38 178 71 54 15
185 264 81 28 286
38 280 278 247 123
196 138 168 102 88
320 93 32 183 169
112 210 328 64 19
197 286 97 60 64
140 243 128 310 152
28 78 225 71 315
272 281 193 300 236
124 11 196 211 323
10000000 10000000 10000000 10000000 10000000
308 160 84 310 220
201 19 300 290 155
261 277 141 274 230
91 202 257 304 191
230 249 303 267 129
41 288 240 201 124
205 182 310 95 46
271 229 185 114 319
153 66 72 294 14
206 178 152 21 205
232 74 79 15 51
46 177 234 184 130
203 256 260 229 19
187 153 159 89 295
270 174 45 52 275
94 228 89 167 328
328 112 40 73 209
327 212 177 302 101
223 73 237 138 288
204 234 8 116 239
117 245 98 198 183
305 300 74 11 37
131 265 329 57 82
166 103 222 301 267
286 48 180 195 284
272 311 178 44 225
72 239 41 166 140
328 37 191 213 122
316 88 298 312 70
119 141 311 318 292
290 150 235 238 222
183 91 307 228 169
50 303 222 145 251
10000000 10000000 10000000 10000000 10000000
33 111 84 140 171
117 266 38 137 288
78 55 81 257 101
260 192 241 35 156
302 252 157 320 125
76 201 314 24 67
26 45 113 318 290
12 259 120 291 147
308 220 249 236 254
318 62 89 106 176
123 189 315 177 221
269 219 233 8 314
313 235 78 91 136
8 135 273 98 267
287 270 46 308 126
27 95 324 17 51
216 259 309 222 288
161 31 32 54 294
148 40 302 246 259
327 264 285 308 270
271 253 199 302 325
197 326 159 239 93
34 318 254 194 97
59 96 55 37 216
149 40 79 165 226
110 183 81 266 287
228 284 199 218 173
253 298 279 134 220
250 164 292 300 267
302 156 237 205 48
255 63 331 163 111
12 192 137 10 83
165 28 67 63 230
