10000000 10000000 10000000 10000000 10000000
77 131 40 240 51
206 249 43 219 260
208 204 65 93 343
162 133 347 302 141
159 75 169 31 15
235 64 220 176 330
337 129 20 266 66
129 248 242 256 94
306 262 242 261 332
115 270 155 172 230
179 167 268 308 269
338 229 327 230 241
55 166 29 140 345
309 107 325 112 73
122 328 135 69 292
302 34 66 308 36
206 292 76 77 22
341 284 28 242 301
269 251 22 283 171
12 225 281 107 236
172 225 342 158 281
90 145 8 218 47
86 141 139 127 248
11 58 56 85 102
211 233 190 244 301
73 246 161 344 64
271 69 61 244 129
245 312 282 288 150
118 161 53 162 22
175 61 318 89 315
111 42 46 126 324
116 157 169 247 285
221 249 249 44 207
106 225 105 271 225
25 50 234 146 227
192 114 61 17 320
261 332 205 333 90
25 62 300 238 212
154 29 339 10 212
95 34 19 17 33
35 140 170 233 208
149 40 309 283 30
147 318 34 280 205
311 77 335 166 173
145 101 182 239 14
33 313 92 280 33
138 195 104 234 219
10000000 10000000 10000000 10000000 10000000
126 59 169 296 171
318 227 170 336 299
319 158 237 100 7
19 69 277 57 263
200 119 60 30 53
195 14 312 194 291
253 93 118 96 230
297 43 114 101 310
192 241 241 7 35
175 292 285 81 254
137 188 118 136 33
141 43 16 236 121
8 247 7 142 210
93 322 208 41 329
91 26 277 107 211
134 314 70 289 93
101 37 238 210 61
347 270 38 79 167
325 26 58 282 120
124 101 113 36 304
173 227 145 312 267
240 216 59 265 291
191 183 28 76 182
123 289 322 167 181
111 166 224 335 141
227 320 145 78 322
258 56 239 336 249
123 129 329 332 239
12 336 57 178 50
192 336 33 135 113
181 311 240 104 39
7 240 255 42 35
105 321 187 188 292
219 11 220 64 102
159 98 250 193 340
48 270 60 36 168
102 213 263 256 308
327 98 113 240 156
38 251 288 98 162
244 133 163 286 146
226 67 69 147 298
42 236 39 239 17
11 44 336 17 102
309 119 265 256 26
173 10 320 254 32
331 74 93 240 347
222 317 234 67 122
10000000 10000000 10000000 10000000 10000000
347 189 240 344 50
130 210 172 185 239
258 247 106 233 219
96 93 254 219 47
194 262 278 200 145
17 116 112 27 214
137 86 306 78 60
293 218 232 326 323
263 18 48 111 7
324 281 344 162 43
117 234 133 296 337
271 341 269 50 267
153 126 230 36 22
289 135 188 30 310
91 311 312 268 39
84 15 237 144 228
148 311 218 170 335
63 258 54 130 292
317 119 346 78 292
66 213 268 127 141
7 151 220 21 342
201 310 72 334 84
179 214 100 38 226
114 115 324 19 271
226 240 336 132 287
317 290 268 188 321
176 86 285 28 182
183 297 139 262 99
230 114 13 80 162
39 335 114 248 85
80 57 325 45 82
206 137 290 61 168
308 17 68 90 285
249 7 253 206 212
108 102 13 72 120
283 291 318 61 158
101 154 316 73 347
202 261 59 141 242
234 166 286 204 161
289 108 114 178 149
285 70 63 109 313
13 84 291 220 34
273 43 115 323 14
324 157 122 143 57
85 269 28 279 23
47 115 151 17 111
69 203 101 196 126
10000000 10000000 10000000 10000000 10000000
10 203 268 214 156
8 307 70 321 322
48 294 142 205 94
131 113 199 269 133
41 343 19 110 329
198 21 252 224 108
10 206 299 320 123
250 250 16 117 189
21 85 168 273 226
92 136 156 154 87
47 51 328 105 44
51 197 312 81 86
326 207 190 59 320
115 9 72 164 100
152 319 196 30 174
258 230 342 337 135
160 160 214 139 106
99 25 202 22 12
13 152 182 59 92
68 147 109 246 131
254 340 42 238 23
240 48 164 213 318
230 302 241 141 218
194 217 251 211 270
20 48 259 249 151
327 193 25 155 251
136 306 253 67 267
330 197 218 142 77
322 238 121 243 198
257 243 320 68 165
152 213 15 172 166
187 273 209 232 329
42 127 320 224 322
177 281 99 78 244
67 328 168 123 62
175 311 295 199 291
124 64 166 328 54
155 273 66 66 215
130 125 305 12 51
21 8 99 40 34
121 218 276 51 89
324 260 137 147 184
181 317 308 255 288
339 308 265 172 106
150 210 48 333 327
112 145 110 76 312
326 161 171 271 92
10000000 10000000 10000000 10000000 10000000
53 164 291 183 231
217 44 126 19 148
274 140 204 305 39
241 269 105 108 195
52 96 121 150 287
311 66 252 51 39
111 51 12 171 308
14 145 332 71 267
50 324 171 295 250
94 13 203 65 188
79 96 165 344 302
241 160 180 157 214
327 193 319 241 115
219 259 81 339 233
255 198 7 58 199
46 284 269 114 95
200 68 265 8 202
145 159 196 200 237
193 40 309 333 108
177 237 56 98 35
44 35 86 213 8
258 253 235 131 56
258 131 73 291 48
142 113 91 49 32
87 312 29 227 150
321 319 291 39 166
341 307 14 212 263
278 160 158 85 202
309 181 77 157 146
35 290 277 26 25
284 296 101 111 130
12 180 244 158 241
90 37 149 184 296
261 169 109 217 148
275 80 155 226 61
100 62 99 317 149
315 207 233 222 135
246 58 208 340 223
323 323 331 337 158
276 331 262 111 90
83 83 331 30 70
285 175 178 164 255
99 108 74 19 228
227 155 102 278 54
181 84 144 135 101
159 329 187 265 261
334 314 251 163 244
10000000 10000000 10000000 10000000 10000000
265 20 8 175 296
274 39 66 184 243
237 183 257 62 306
288 16 44 161 299
317 32 162 53 181
134 110 320 241 224
61 276 268 217 182
17 326 116 342 172
128 126 318 258 149
114 256 283 172 94
52 28 194 21 125
117 347 218 207 108
189 127 77 272 276
273 187 260 41 265
78 220 322 99 161
224 111 120 262 201
294 313 132 293 203
102 236 135 35 220
305 125 261 298 69
146 175 125 182 111
87 323 130 208 22
119 196 68 65 220
79 56 166 31 38
45 247 307 188 85
270 193 247 331 256
42 286 217 263 226
211 157 329 142 298
195 287 17 129 171
148 36 136 248 63
120 199 9 56 333
101 285 42 71 342
97 179 58 153 120
39 143 137 213 110
252 265 197 184 98
83 14 174 105 52
76 171 292 94 167
255 119 108 315 165
201 302 70 121 258
257 71 247 134 273
42 22 66 145 185
94 241 304 255 287
119 96 163 28 89
103 161 162 128 239
27 185 306 251 227
267 301 54 223 88
307 74 181 252 239
345 266 90 247 205
10000000 10000000 10000000 10000000 10000000
168 20 97 8 268
176 229 255 20 64
286 10 259 180 65
194 13 340 344 163
31 34 99 20 221
222 61 122 24 306
242 332 108 201 148
243 23 336 90 261
151 249 90 46 199
112 285 186 160 267
282 103 337 93 136
192 48 124 52 226
65 242 246 326 346
37 337 305 41 310
203 12 217 43 234
65 77 289 114 73
56 270 285 259 324
303 329 229 311 95
312 172 11 193 91
246 235 212 179 76
141 235 217 96 282
343 337 192 142 136
47 103 104 196 231
103 194 82 180 307
258 200 283 333 9
347 150 24 339 180
129 259 264 173 110
275 186 120 49 331
105 249 122 161 261
190 327 79 328 156
232 11 307 146 28
168 173 117 282 139
18 143 274 168 96
338 71 242 149 65
217 189 305 63 286
139 67 292 76 268
263 11 339 147 301
52 208 152 300 43
340 316 128 112 146
241 148 300 184 303
186 223 316 104 133
106 333 321 279 236
238 156 246 200 244
52 98 239 76 303
333 111 61 221 259
300 207 63 345 201
50 126 108 66 114
10000000 10000000 10000000 10000000 10000000
81 228 32 241 198
25 234 216 199 303
204 7 17 308 118
143 346 209 180 176
72 147 140 333 202
242 295 238 254 174
160 72 34 82 126
313 126 334 283 334
245 265 117 168 186
339 50 113 153 244
189 325 83 309 297
99 138 117 105 160
273 299 18 255 28
287 333 233 306 35
277 153 41 96 39
73 206 25 64 162
107 183 313 146 100
39 240 142 230 322
58 304 92 207 145
7 210 220 336 112
148 125 51 235 28
76 105 266 91 86
334 95 338 337 33
193 157 43 140 319
340 278 33 325 340
331 29 334 129 153
183 268 21 292 272
25 49 275 172 207
184 204 107 335 128
257 289 270 178 39
338 203 34 90 175
186 91 179 22 23
196 72 77 96 129
140 316 63 347 248
112 316 241 271 248
166 344 195 114 315
326 181 101 96 229
202 216 301 101 207
116 103 199 68 315
322 128 344 288 179
263 176 131 209 11
32 42 299 161 234
176 94 347 276 168
187 141 338 314 173
53 241 25 106 162
329 81 127 78 7
318 176 93 286 63
10000000 10000000 10000000 10000000 10000000
36 149 33 195 226
128 237 155 20 147
51 142 165 289 60
102 285 56 17 308
159 87 36 311 342
177 203 309 275 303
113 43 232 91 28
231 338 85 280 289
77 39 264 265 280
92 297 193 215 148
248 332 41 14 110
239 28 332 260 325
56 27 320 223 241
208 252 210 86 316
224 171 100 314 47
176 26 55 275 122
278 198 10 95 115
165 98 173 110 171
92 182 300 99 310
104 238 291 263 302
303 176 316 120 192
100 325 145 151 309
41 29 32 59 255
306 305 87 64 253
27 29 11 22 281
286 179 182 278 314
218 20 202 189 210
179 87 112 311 282
160 162 232 18 112
169 306 91 253 76
282 280 83 141 64
276 125 66 270 121
62 58 97 228 251
319 282 185 88 33
338 178 273 75 330
154 136 197 262 344
46 58 295 242 99
52 26 287 311 155
249 29 272 151 245
309 314 173 19 231
223 332 222 153 213
267 247 47 89 306
13 231 254 234 56
156 286 187 25 102
23 116 150 85 127
255 148 304 341 123
124 335 50 254 30
10000000 10000000 10000000 10000000 10000000
17 105 302 269 188
108 165 212 222 268
292 246 64 309 275
257 240 190 228 281
161 346 108 335 176
229 113 108 234 132
216 239 154 267 121
89 229 102 142 222
277 86 190 91 60
283 39 73 83 132
77 146 75 90 75
302 94 135 344 275
31 133 51 43 286
322 50 99 94 145
304 8 72 45 80
71 220 39 317 229
280 136 215 328 270
116 344 25 211 256
57 194 84 162 320
52 347 24 284 216
187 34 160 115 279
281 259 110 122 211
15 30 288 189 268
254 282 46 72 115
215 345 126 50 303
336 105 36 298 339
136 194 156 79 146
112 328 198 243 142
106 235 196 220 106
311 99 143 263 99
144 256 222 107 241
29 9 292 164 59
97 41 20 285 175
298 275 179 265 124
102 289 161 161 222
73 200 206 18 162
200 151 251 258 283
325 278 344 265 144
140 146 319 57 138
76 47 65 312 312
209 142 274 40 229
254 274 23 67 267
221 162 277 291 46
10 208 168 23 62
39 316 16 325 210
20 263 56 239 333
341 332 292 56 235
10000000 10000000 10000000 10000000 10000000
68 141 85 260 333
82 293 272 184 250
40 102 197 158 284
218 192 238 228 51
296 203 170 160 314
75 109 20 247 82
93 308 140 336 321
259 118 34 62 325
106 98 288 307 102
213 25 232 158 66
138 322 322 246 91
17 340 157 172 190
327 327 176 248 193
120 206 237 226 280
225 165 280 337 198
318 245 113 252 24
180 232 166 297 310
22 195 44 121 266
31 324 291 246 217
323 320 261 90 212
241 87 296 329 347
295 59 158 107 22
29 243 165 104 257
328 249 307 156 262
208 277 233 40 324
40 251 134 146 35
340 171 296 275 293
107 346 321 267 342
281 218 124 197 272
191 34 336 44 326
148 237 140 252 243
188 118 89 92 92
158 79 74 109 289
230 322 34 18 70
273 275 299 91 346
200 95 100 294 296
237 25 161 321 157
202 84 88 220 205
201 174 20 78 271
175 327 239 173 189
79 91 13 152 133
84 229 169 61 290
223 121 162 235 31
134 56 70 306 330
215 61 260 12 16
34 333 14 29 154
274 234 299 134 186
10000000 10000000 10000000 10000000 10000000
47 72 180 74 45
63 72 122 239 30
168 20 202 171 258
267 212 170 21 245
127 35 289 97 335
107 311 160 157 149
167 8 73 117 167
46 326 310 294 39
190 48 145 134 285
333 182 202 218 190
21 230 16 307 305
18 285 16 89 171
254 204 138 155 307
25 43 60 174 34
168 119 314 192 14
36 120 105 17 281
154 200 149 137 133
230 38 145 138 133
323 253 301 101 53
256 252 33 90 325
306 208 273 295 287
158 198 165 334 41
299 212 327 146 345
42 85 168 112 296
306 48 222 289 101
319 148 255 47 128
110 168 18 220 118
223 61 150 117 13
13 243 323 324 141
214 187 53 335 316
339 123 13 131 194
54 29 240 119 23
170 89 275 241 94
224 37 278 164 41
215 164 274 226 153
290 208 255 131 279
249 319 330 81 277
209 174 181 198 171
67 24 262 330 256
272 51 233 99 52
234 214 226 139 71
204 173 218 162 246
78 339 166 160 195
54 231 149 37 204
212 189 272 21 267
105 183 144 146 91
221 340 172 128 131
10000000 10000000 10000000 10000000 10000000
59 140 295 127 267
206 27 24 236 261
202 266 211 181 336
290 138 148 50 327
202 62 178 220 96
133 80 28 168 101
268 276 138 42 118
286 167 212 108 234
28 315 102 290 265
24 143 204 228 49
271 30 48 66 124
178 311 217 208 31
140 277 93 244 340
28 142 227 215 261
323 12 217 264 91
168 86 247 307 84
299 252 310 74 213
103 313 296 113 237
315 155 233 26 202
192 260 291 224 258
272 222 141 167 171
180 297 241 62 158
191 337 60 158 89
274 180 347 47 262
55 166 280 67 48
161 72 327 102 290
205 185 83 33 233
54 210 339 123 16
335 272 134 277 168
155 88 54 246 318
63 291 263 346 315
12 43 98 298 324
305 289 305 233 315
242 46 328 167 276
64 257 122 57 66
66 236 185 261 195
191 178 76 315 66
207 37 303 218 321
199 110 247 98 12
82 89 110 311 340
80 84 31 70 22
85 19 262 63 240
132 83 177 17 269
142 229 176 73 107
122 103 116 250 112
159 225 188 16 231
62 231 106 291 256
10000000 10000000 10000000 10000000 10000000
163 308 49 321 29
244 202 196 66 335
123 106 77 62 256
267 142 82 185 213
52 293 202 69 196
282 320 169 139 335
240 94 104 83 57
105 288 101 183 31
193 148 147 166 239
210 239 134 251 188
296 186 69 76 260
299 104 308 309 180
291 228 24 237 235
265 147 332 22 186
302 95 326 309 342
68 232 33 21 330
27 199 238 133 232
298 280 9 270 213
53 194 127 204 104
55 291 345 232 126
243 248 297 212 308
169 295 77 194 92
292 306 101 152 319
302 35 136 256 268
300 268 106 61 136
236 306 85 101 16
51 190 163 264 290
309 62 84 88 225
175 275 268 217 261
172 240 123 119 337
95 56 181 229 24
165 150 247 134 84
168 26 127 265 249
99 45 65 79 254
311 167 195 150 318
223 26 310 195 55
60 277 164 288 102
279 200 112 140 329
333 124 245 291 83
35 275 301 205 223
339 69 11 96 176
320 312 23 157 322
267 246 301 115 200
318 276 261 254 21
267 229 207 278 214
116 189 176 298 329
75 155 70 311 321
