10000000 10000000 10000000 10000000 10000000
253 235 128 149 233
35 156 116 173 295
336 106 152 248 124
46 69 302 163 232
184 73 222 324 213
321 292 31 189 83
51 36 204 95 228
208 121 45 253 335
169 238 229 307 340
216 253 40 89 332
178 284 113 116 100
10 103 23 80 21
57 257 171 254 345
221 307 282 251 318
37 187 314 332 184
260 5 143 255 160
52 336 154 168 202
289 150 74 337 116
103 201 72 12 283
148 339 168 250 121
53 295 250 315 220
100 103 110 107 136
221 77 106 193 16
28 230 319 283 323
75 126 299 211 206
85 260 30 305 249
35 32 267 45 86
345 71 42 339 88
86 322 143 215 226
187 109 239 243 104
57 176 143 114 157
305 237 321 308 324
205 92 203 161 138
338 107 88 117 159
255 299 162 95 124
338 296 276 88 304
25 127 142 26 326
318 68 291 66 335
101 122 199 183 110
39 75 23 293 218
223 325 283 201 287
222 345 41 316 18
88 191 246 252 316
319 101 67 241 158
307 259 195 144 6
117 310 337 301 30
73 163 274 346 49
225 20 98 119 261
41 181 105 287 329
246 147 283 56 250
137 168 123 326 250
100 210 306 50 64
131 262 338 293 55
94 218 111 209 150
157 329 243 95 211
229 71 144 316 131
268 43 41 71 249
328 293 56 340 340
247 107 271 103 67
55 249 51 108 40
60 32 236 144 235
41 261 300 155 275
211 327 261 252 335
136 15 129 187 67
10000000 10000000 10000000 10000000 10000000
302 285 169 123 345
164 34 318 135 294
322 145 172 232 40
224 225 331 342 335
148 280 38 21 26
92 174 206 229 329
327 163 71 326 204
24 31 202 300 153
325 307 226 320 54
29 176 13 144 94
203 34 299 126 57
184 8 67 157 225
129 81 32 277 341
77 248 114 220 89
10 159 327 251 285
184 6 329 226 57
325 244 164 227 64
314 15 135 147 80
25 134 286 340 157
203 302 32 23 231
42 61 307 325 275
33 124 144 107 68
254 208 15 173 170
148 328 279 144 93
167 335 44 270 336
254 22 61 169 21
35 60 305 43 118
263 298 36 323 49
27 172 94 174 336
166 33 51 250 11
264 343 151 201 68
233 307 185 34 129
309 157 12 29 166
311 265 18 336 67
187 131 314 74 37
236 236 215 291 56
284 82 14 143 15
212 139 98 95 335
180 294 240 104 337
220 200 201 250 159
239 53 343 332 26
317 156 93 65 112
233 325 336 199 172
342 191 214 297 236
284 60 119 150 224
130 21 278 72 317
110 54 343 35 193
59 21 11 251 311
115 155 148 142 195
283 74 31 135 145
145 274 14 5 260
226 285 25 232 305
99 340 141 215 81
281 67 66 59 164
82 103 33 248 195
69 120 206 298 64
198 214 89 5 247
314 160 148 89 149
282 180 66 254 75
149 73 191 87 88
201 110 310 332 45
126 53 93 30 342
146 23 325 197 289
89 319 102 328 37
10000000 10000000 10000000 10000000 10000000
122 7 167 8 11
342 233 93 323 320
342 230 219 191 282
6 74 264 319 196
78 96 347 164 291
165 312 178 259 161
110 310 329 32 293
303 248 149 41 35
41 19 44 158 337
221 79 41 73 192
173 240 132 13 120
44 271 327 15 336
70 11 153 127 101
288 287 325 312 325
107 282 46 96 171
173 114 313 207 297
223 273 325 140 226
267 291 207 165 255
45 238 36 285 92
87 295 228 63 299
148 342 130 321 72
260 190 143 237 198
191 146 337 103 199
342 151 222 56 317
115 312 192 139 241
148 266 251 180 322
266 331 288 327 119
98 129 67 33 290
128 144 44 304 255
308 119 26 41 188
345 26 163 18 190
234 12 307 232 207
178 264 82 295 213
57 250 53 324 240
125 129 102 328 33
134 124 266 60 264
313 24 256 119 9
154 226 255 80 330
19 176 325 235 108
100 197 114 201 60
288 87 318 91 332
237 308 84 337 334
66 309 328 20 74
223 75 140 59 212
14 87 178 301 218
292 60 233 114 43
39 192 255 131 344
217 116 343 178 144
28 310 238 229 125
164 83 320 82 196
165 153 189 287 312
123 78 240 29 265
91 233 300 333 227
297 87 201 265 178
155 99 149 35 85
180 51 300 201 263
198 220 90 205 163
41 5 341 136 129
151 59 237 90 144
338 248 52 151 14
243 146 214 148 261
173 231 248 282 283
108 224 152 183 260
182 120 140 295 238
10000000 10000000 10000000 10000000 10000000
347 92 101 154 83
239 57 204 5 225
122 289 274 332 70
145 152 274 282 347
26 153 143 27 13
194 67 313 160 282
136 181 327 339 15
237 11 128 221 249
35 206 128 93 12
342 145 287 215 242
14 289 29 92 59
215 67 92 126 82
261 118 345 191 227
268 203 160 135 84
99 345 44 76 173
109 277 140 85 51
222 342 272 120 310
173 214 343 78 41
136 200 109 229 275
289 289 180 49 146
57 148 5 175 94
69 231 248 100 59
259 163 105 287 160
88 250 228 171 307
294 299 15 249 222
331 103 271 182 320
287 109 113 45 113
194 31 158 291 339
198 153 180 55 49
248 239 296 91 275
13 268 208 265 87
93 93 260 279 283
134 317 312 206 149
7 297 233 186 63
253 61 267 318 90
31 136 191 327 142
98 95 267 240 318
64 103 100 63 286
95 163 274 114 167
249 78 285 52 42
235 305 26 198 132
58 60 13 41 314
328 235 241 62 142
311 194 125 5 87
100 153 109 294 173
282 284 324 89 51
189 342 29 115 201
301 47 41 153 129
157 323 227 183 196
66 146 293 84 128
72 161 179 159 151
118 125 260 227 18
152 77 256 84 224
311 137 8 303 92
115 221 250 344 334
115 300 83 60 227
79 152 16 152 77
179 202 242 145 41
127 214 212 307 298
51 248 214 315 236
270 137 345 294 198
258 282 69 262 306
270 11 70 222 6
293 60 315 312 286
10000000 10000000 10000000 10000000 10000000
17 219 70 239 216
160 113 288 110 229
318 314 32 293 216
300 76 300 153 303
251 34 97 218 103
9 133 7 216 346
231 261 238 99 221
281 56 212 267 252
36 93 33 339 116
279 240 67 50 260
57 215 8 200 306
304 331 111 273 21
315 161 126 240 290
215 264 48 54 46
63 54 312 58 301
253 260 234 228 345
120 200 172 281 94
112 79 72 48 340
15 49 298 310 165
18 142 40 129 151
321 196 56 68 278
235 83 100 309 7
272 272 264 73 175
253 60 298 256 295
267 261 224 144 153
158 323 51 232 130
145 278 296 152 125
56 298 330 340 64
200 15 325 201 54
52 149 262 154 60
148 294 121 318 95
54 126 38 240 42
332 333 19 162 292
270 150 178 319 311
278 46 110 281 126
100 28 68 25 146
314 270 336 140 64
262 219 344 172 118
12 312 184 66 343
52 327 342 245 27
160 289 149 112 233
157 140 133 110 60
135 246 43 321 10
266 317 53 30 116
141 135 230 234 105
255 52 150 316 318
95 242 76 155 164
151 191 86 178 197
39 222 102 250 298
122 278 158 316 99
254 21 274 278 134
16 186 165 227 238
87 297 176 78 162
127 265 250 268 237
151 172 235 94 85
42 36 200 111 217
243 284 275 36 129
50 155 219 69 168
346 199 124 175 259
124 68 332 286 329
290 227 21 29 142
286 28 16 118 253
67 337 215 37 21
265 340 47 315 157
10000000 10000000 10000000 10000000 10000000
174 172 306 137 277
152 263 192 204 136
131 215 316 341 130
45 180 258 173 114
99 53 106 35 56
134 288 306 152 142
175 196 225 340 62
298 47 298 166 13
51 106 322 242 70
56 86 150 126 237
298 245 109 53 10
130 45 167 296 45
60 345 329 168 148
189 291 284 179 214
259 149 174 280 119
312 191 254 187 110
125 107 323 30 108
313 287 21 17 150
244 245 274 347 157
214 192 336 142 115
316 81 219 290 176
201 22 334 274 199
55 312 115 152 321
205 33 255 338 33
202 25 88 175 301
225 145 107 39 120
18 93 317 219 319
164 319 300 81 71
240 36 224 318 227
254 126 144 337 126
84 230 96 276 243
63 282 314 307 184
245 153 190 185 88
76 266 35 329 7
82 307 176 23 211
250 240 337 86 167
92 288 108 213 60
40 66 340 26 256
302 63 35 51 265
206 218 201 301 324
102 267 105 32 34
324 122 18 72 126
263 131 220 81 204
103 14 99 304 119
240 160 15 326 311
332 61 220 118 308
337 65 308 135 71
135 131 337 57 338
345 158 30 32 284
20 224 229 18 157
274 271 50 204 153
164 13 294 238 346
216 275 305 139 294
201 295 149 70 123
282 292 140 190 261
317 81 333 36 316
134 294 189 87 210
78 256 127 242 67
66 64 54 22 77
294 52 191 40 127
207 255 160 11 204
328 68 50 107 288
37 247 162 68 311
84 220 144 8 96
10000000 10000000 10000000 10000000 10000000
46 234 289 280 64
140 153 115 188 79
280 93 184 183 190
112 126 203 216 28
108 24 147 20 122
252 143 316 268 80
332 101 289 9 95
22 112 106 314 34
222 234 323 181 242
305 247 37 105 46
141 262 109 267 280
24 111 43 341 322
69 123 38 301 146
195 123 264 256 131
223 158 275 320 253
185 166 105 287 201
282 332 162 278 125
108 94 48 300 135
50 310 155 267 234
284 299 261 66 322
254 182 278 341 290
29 115 166 242 341
88 300 91 84 80
37 209 117 16 30
52 304 233 141 110
294 219 231 72 336
45 126 200 109 50
23 305 309 87 336
266 150 343 147 20
257 293 313 160 280
291 90 307 89 148
46 248 272 193 266
139 147 296 164 287
45 287 220 31 86
257 166 35 74 187
198 92 104 243 15
316 250 56 306 77
249 255 284 184 39
204 75 286 237 186
304 204 193 310 52
308 202 96 94 113
115 78 268 289 278
102 195 123 262 199
45 271 160 334 241
204 268 152 39 323
303 267 105 279 116
255 113 175 58 143
124 154 195 101 40
17 305 25 266 98
249 245 71 92 184
284 22 103 120 254
206 115 309 5 283
63 246 288 196 326
181 313 112 198 8
10 235 326 218 116
293 247 71 310 197
314 97 278 146 53
345 56 212 262 305
223 74 20 243 84
174 87 283 195 340
133 148 315 20 51
311 329 236 100 311
192 267 155 331 64
210 298 97 87 193
10000000 10000000 10000000 10000000 10000000
114 134 322 319 214
283 179 82 280 194
190 282 272 332 30
308 21 293 75 12
287 134 98 346 71
108 144 214 39 299
298 176 122 86 170
197 82 149 311 304
322 218 281 254 328
289 77 219 61 69
132 223 345 112 127
82 103 260 319 137
212 75 293 92 221
74 203 201 76 126
44 251 48 278 42
214 238 247 124 272
215 281 175 108 92
227 149 322 143 300
131 154 85 214 274
345 213 220 130 339
147 110 227 119 231
311 334 300 52 25
322 196 305 21 180
95 43 209 325 329
201 225 85 323 198
219 15 134 228 170
266 241 284 42 82
274 188 234 48 152
13 171 62 35 200
76 38 145 119 217
281 273 109 9 199
237 56 104 219 192
21 82 296 206 333
230 288 120 144 20
190 206 126 239 26
17 189 62 224 346
205 258 92 112 162
62 125 33 175 282
272 168 184 85 281
286 127 112 29 207
126 14 12 122 269
129 235 229 297 6
194 151 145 153 43
176 222 87 201 10
210 282 338 92 97
106 178 65 185 154
66 78 149 42 281
52 28 318 293 112
181 283 224 156 328
271 74 147 149 328
180 206 298 35 31
46 125 273 316 23
130 296 108 115 259
120 52 84 315 175
222 293 122 298 221
287 331 12 347 115
175 300 230 291 132
227 15 327 340 47
46 284 327 12 31
119 323 265 141 215
69 98 238 40 338
36 157 251 117 135
12 283 252 333 26
147 103 51 50 303
10000000 10000000 10000000 10000000 10000000
109 93 58 190 320
90 331 278 284 73
128 285 283 237 281
308 229 347 86 217
146 242 272 176 199
111 325 345 315 246
173 208 344 76 248
29 28 221 59 198
237 85 184 174 172
261 311 203 341 83
50 231 57 220 324
236 224 252 290 225
289 276 251 295 114
143 135 47 143 69
248 125 56 271 111
52 171 91 9 233
227 180 69 344 149
266 53 285 64 80
290 329 126 131 104
326 93 168 336 282
260 198 196 282 116
215 240 285 94 222
113 86 138 149 127
255 285 208 34 136
83 114 56 165 117
135 80 347 269 256
20 226 282 131 123
266 322 16 119 45
235 301 253 192 12
224 166 267 315 276
98 325 15 167 206
251 343 155 13 77
320 306 153 30 90
155 256 206 322 140
84 306 345 242 52
86 80 191 10 183
20 232 120 76 280
43 224 30 118 246
139 231 260 65 311
143 66 80 198 200
79 185 66 147 177
280 47 84 64 36
54 144 148 296 52
56 24 296 125 150
91 268 70 14 175
26 11 67 199 30
250 269 297 298 345
249 82 247 325 148
233 312 343 98 329
322 144 129 163 267
255 158 82 340 121
111 164 292 199 122
37 82 271 66 286
18 325 99 99 106
156 136 112 26 66
122 192 218 150 46
55 234 123 234 186
15 156 55 124 210
256 91 141 144 123
170 125 38 71 57
129 175 47 136 256
93 75 156 325 206
95 110 300 62 269
330 81 296 11 202
10000000 10000000 10000000 10000000 10000000
308 329 337 172 317
38 101 77 184 129
184 277 230 194 33
13 193 324 79 17
168 199 318 189 22
245 42 240 41 35
289 142 265 166 183
163 211 336 223 161
314 313 286 178 270
189 311 204 215 156
87 207 297 122 208
310 295 12 125 272
303 29 233 51 133
298 74 298 39 196
86 309 236 333 314
146 17 87 143 212
74 269 167 329 195
147 168 304 57 209
135 42 284 88 101
275 29 341 11 103
237 187 253 288 17
176 290 314 83 110
75 299 85 184 136
105 323 287 63 107
124 323 95 312 58
77 41 255 44 205
219 56 179 92 299
196 302 150 308 269
219 59 327 145 215
203 323 79 207 341
84 285 52 268 44
217 91 345 211 207
131 248 109 124 122
171 83 188 86 208
142 115 218 146 113
30 302 253 282 338
179 298 245 325 226
254 273 201 240 106
289 263 25 113 33
89 5 155 184 244
334 55 136 250 212
248 265 199 47 244
13 281 105 78 130
43 193 62 158 17
294 58 48 88 189
10 205 202 54 117
345 255 244 330 168
286 260 70 113 304
101 234 167 313 197
153 261 217 241 235
26 296 175 141 70
227 164 234 111 141
148 47 345 254 97
221 240 275 37 127
226 190 18 244 58
264 90 63 346 56
92 319 149 114 72
125 86 285 113 74
43 125 132 72 278
34 226 266 324 213
251 18 102 59 265
267 23 296 136 190
119 290 107 186 40
256 55 154 279 316
10000000 10000000 10000000 10000000 10000000
339 97 38 48 143
329 304 269 231 93
223 176 216 236 6
317 115 343 50 146
181 254 54 86 89
220 126 61 76 172
314 169 9 77 325
102 46 310 103 298
113 250 83 244 261
153 308 330 246 45
125 73 30 315 199
121 47 205 197 143
14 8 325 235 321
259 24 252 174 101
124 52 304 187 36
187 127 37 191 204
199 238 234 344 118
70 88 211 339 182
283 306 344 253 238
137 128 308 138 207
257 312 171 164 126
210 203 154 295 183
332 340 36 154 55
305 67 241 91 189
244 174 225 79 204
284 120 299 80 170
68 249 242 311 315
158 312 126 251 255
64 336 197 206 104
286 262 62 243 81
257 83 316 120 208
168 169 67 166 87
130 298 6 281 18
317 90 169 224 229
219 290 261 69 61
40 53 115 265 92
121 136 249 27 88
118 283 267 276 39
71 262 255 135 67
212 216 179 24 26
77 32 77 15 322
333 88 50 304 65
337 328 82 311 135
318 181 43 58 277
287 314 164 325 47
223 34 166 70 201
39 80 35 145 144
39 20 30 25 26
115 19 37 72 57
328 49 294 18 288
180 201 282 10 51
38 122 114 43 37
233 270 139 316 64
99 94 187 319 326
339 178 325 13 109
306 82 283 297 265
135 63 176 160 155
176 276 106 167 216
327 226 265 34 307
161 217 76 28 47
253 231 73 47 92
259 277 194 47 53
260 36 20 14 242
343 140 246 207 150
10000000 10000000 10000000 10000000 10000000
188 59 109 312 117
298 30 155 51 92
30 151 70 165 14
269 250 220 295 146
295 130 103 281 241
304 187 69 104 235
155 50 174 320 80
49 63 135 130 157
176 133 190 330 316
62 215 284 10 218
122 195 193 104 122
336 272 311 47 60
7 272 170 69 341
164 228 121 144 324
242 327 287 305 154
10 279 98 267 169
297 80 99 24 13
313 57 214 7 276
107 149 118 232 285
249 117 227 296 41
192 228 155 232 269
73 120 185 68 40
115 85 230 324 299
202 13 255 197 62
206 9 5 193 207
106 96 162 258 95
190 68 258 203 214
321 244 302 126 59
242 25 128 87 340
173 69 138 110 29
189 74 138 288 335
265 247 330 213 88
184 317 55 219 94
338 338 165 27 337
237 158 153 208 239
192 332 302 205 15
106 193 176 327 86
96 329 147 307 51
156 134 79 208 270
342 270 61 320 140
157 284 56 260 156
261 138 84 234 145
238 228 74 312 96
216 53 208 35 238
165 296 25 305 181
328 61 187 302 53
86 53 15 333 230
18 292 219 335 110
74 132 47 205 230
306 76 222 55 78
298 201 160 96 339
264 343 125 124 218
29 265 81 340 282
142 324 294 305 237
10 164 279 346 306
141 306 111 311 18
176 69 59 286 86
255 310 144 295 316
33 241 300 220 52
75 150 115 281 261
301 234 242 230 111
178 75 289 240 162
56 144 316 190 340
345 217 289 281 274
10000000 10000000 10000000 10000000 10000000
327 142 246 166 322
294 241 245 312 67
75 205 43 118 22
56 42 207 222 255
246 235 49 140 135
34 341 328 225 346
223 148 247 117 270
7 61 285 286 100
22 68 93 93 173
110 258 216 281 210
128 188 323 112 94
339 81 59 316 324
334 339 158 199 308
147 339 171 143 263
45 239 195 243 319
301 184 21 102 134
14 197 37 295 197
122 7 293 293 174
26 125 220 19 180
5 305 122 31 279
115 288 35 82 247
37 46 234 9 58
51 303 69 20 101
161 56 306 288 80
158 213 8 166 193
254 35 20 257 133
25 72 132 171 172
104 120 24 174 189
156 28 264 163 95
205 223 172 327 250
188 149 217 226 315
266 10 290 152 80
232 273 186 257 308
9 172 325 99 41
131 257 170 122 19
324 179 114 114 265
203 124 141 239 335
268 49 244 143 9
221 340 107 253 290
194 340 119 164 92
21 280 259 92 317
101 178 333 164 250
265 176 341 171 126
320 195 177 255 317
335 167 107 319 197
200 125 178 124 307
78 325 144 201 287
315 132 253 96 341
169 219 182 254 344
95 141 346 339 307
242 314 315 184 49
233 204 158 98 336
239 43 99 23 311
116 336 228 276 173
68 291 258 292 202
313 155 345 122 124
33 346 224 202 186
20 231 226 77 111
236 223 37 96 296
152 208 130 95 289
344 144 184 238 161
163 174 76 212 286
323 64 102 65 71
88 30 119 71 103
10000000 10000000 10000000 10000000 10000000
100 323 16 286 187
82 324 287 95 35
130 324 54 7 276
263 9 188 331 276
116 106 251 252 202
184 56 72 191 300
239 247 208 346 330
24 284 62 170 145
21 306 191 157 328
89 160 248 305 115
123 8 142 30 123
74 166 326 146 153
165 254 189 128 331
295 235 217 159 45
292 270 230 148 31
111 88 144 158 241
203 226 81 100 308
271 179 95 329 263
53 126 89 196 314
44 300 201 320 188
339 289 177 187 122
75 307 263 236 253
17 56 114 126 323
196 72 256 320 138
77 229 172 195 128
222 100 181 293 285
295 263 112 265 57
266 78 200 199 275
339 315 263 344 332
314 280 296 61 45
84 85 78 186 302
99 140 132 275 173
208 152 275 63 319
221 13 95 33 317
111 115 168 323 103
288 334 172 179 332
59 77 26 72 77
175 62 273 335 311
297 148 329 282 136
107 102 100 210 264
259 136 153 298 100
344 202 319 51 335
28 46 148 262 174
82 293 325 195 98
119 77 340 128 252
104 52 329 109 232
262 233 166 107 99
19 322 22 341 308
44 313 230 220 165
269 100 266 192 316
248 119 199 315 288
27 180 334 83 9
66 180 321 147 178
273 165 49 139 324
151 315 338 71 61
90 241 250 76 176
58 282 331 206 100
190 42 133 31 17
346 206 172 337 323
90 39 117 291 326
144 47 197 283 256
78 104 67 262 213
318 47 83 262 301
281 237 234 196 58
10000000 10000000 10000000 10000000 10000000
156 250 201 302 128
216 49 267 218 9
8 288 237 30 205
304 16 149 225 262
170 188 212 96 294
111 344 317 266 148
145 220 304 29 53
159 329 242 190 10
293 65 191 183 158
200 144 218 336 236
207 227 149 207 277
261 226 166 332 243
33 253 312 132 246
48 112 106 55 85
51 11 154 288 230
347 137 285 5 133
80 129 38 267 43
59 304 50 95 222
95 290 149 127 163
49 288 127 53 58
137 261 186 22 291
41 333 108 158 199
180 6 306 178 323
82 231 130 258 180
186 198 105 321 149
5 272 187 192 36
313 179 198 304 45
140 180 163 159 153
43 125 262 283 174
15 54 170 75 95
328 335 131 195 202
183 79 342 133 192
5 217 71 277 250
55 291 258 293 167
116 36 179 269 341
231 292 214 278 236
271 251 312 152 58
58 275 43 201 218
153 247 186 270 71
9 213 310 297 91
215 76 263 170 148
178 173 155 107 255
347 143 128 221 10
5 248 72 183 20
103 10 235 285 218
145 28 317 128 331
204 25 147 295 219
155 321 109 98 338
308 125 80 167 81
112 209 39 57 160
181 40 339 248 154
253 99 29 219 113
288 336 287 255 152
323 46 34 118 198
213 219 319 300 7
131 139 331 313 279
331 290 76 292 29
138 297 115 87 326
245 241 46 254 76
8 247 205 178 347
319 157 134 308 115
273 31 23 312 320
58 347 339 187 165
314 306 215 151 151
10000000 10000000 10000000 10000000 10000000
324 216 90 270 103
8 215 312 328 82
116 289 332 126 247
51 249 144 347 325
261 337 279 196 338
186 226 182 79 203
322 158 154 300 109
251 182 217 177 33
314 67 77 293 149
192 9 90 222 64
282 277 207 310 271
271 144 188 297 20
168 185 93 10 14
186 178 339 74 113
197 217 225 225 115
193 196 292 297 311
248 63 215 257 38
292 243 109 121 209
282 7 281 56 36
52 249 90 329 275
305 111 83 190 151
199 226 187 98 77
37 129 77 284 124
149 276 318 108 33
204 238 322 179 76
139 43 116 306 314
147 273 318 271 99
217 104 82 233 23
25 171 242 293 231
89 160 173 208 48
242 89 248 112 342
68 57 299 27 298
330 245 228 315 292
140 124 139 333 220
129 109 138 184 97
21 244 214 161 336
214 32 205 282 304
14 124 25 268 202
151 16 315 276 200
161 325 322 265 126
234 96 335 286 308
181 342 96 298 142
306 237 305 60 67
294 249 320 291 88
240 332 270 197 153
86 93 338 173 49
174 117 220 148 205
48 346 271 82 29
315 270 217 28 322
290 318 303 347 257
189 329 210 64 271
74 304 251 227 136
313 47 30 307 144
154 171 284 215 159
97 327 25 333 123
113 78 312 222 159
226 319 153 137 278
210 52 104 236 122
128 267 238 42 173
71 297 52 163 165
187 290 132 155 212
122 154 201 341 275
227 56 122 140 188
277 234 312 109 335
10000000 10000000 10000000 10000000 10000000
258 196 11 151 58
229 270 259 182 39
55 106 47 248 81
125 233 204 337 328
68 150 55 183 25
34 217 295 143 197
227 248 168 121 255
20 347 159 27 163
266 110 24 305 282
182 203 224 13 187
310 204 115 69 191
109 196 280 191 293
49 162 286 15 227
97 5 107 327 276
136 11 88 287 254
232 23 244 318 159
46 325 180 323 143
322 29 46 331 143
18 261 89 347 91
338 69 109 345 296
56 174 48 97 253
154 330 174 200 189
90 162 184 77 5
6 66 302 61 192
256 295 189 16 144
67 268 127 310 121
282 191 95 39 60
152 134 308 46 211
284 198 42 112 17
342 234 138 186 91
70 101 255 61 10
188 217 78 73 211
142 221 105 122 5
282 22 101 312 243
129 213 155 305 288
162 287 98 192 328
336 22 97 147 245
252 274 50 307 121
208 312 170 293 285
115 89 97 53 167
158 318 96 252 201
270 173 28 86 343
88 311 203 150 234
345 177 184 142 117
338 106 35 183 168
87 157 6 276 24
46 8 244 278 309
204 48 325 290 266
171 68 38 118 53
197 285 324 13 343
220 68 28 182 75
143 173 296 32 45
271 158 12 328 133
32 237 110 322 94
216 145 210 159 145
100 142 172 108 156
16 134 187 142 142
63 117 247 183 151
328 54 137 240 173
129 56 278 347 240
108 311 142 18 328
265 269 119 237 285
25 100 159 247 263
62 304 40 10 136
10000000 10000000 10000000 10000000 10000000
130 217 105 177 282
343 262 143 69 124
299 194 77 293 20
156 153 132 54 276
163 148 263 310 44
255 175 62 168 40
143 67 163 92 251
37 35 267 6 174
225 155 7 58 9
64 198 38 203 337
130 92 164 10 281
227 31 264 255 77
7 182 147 138 288
249 122 33 209 129
109 124 284 133 101
255 324 194 69 36
139 344 70 154 63
41 281 95 124 34
73 279 213 58 245
259 22 255 163 116
54 16 221 267 248
214 277 304 215 65
303 122 283 138 151
174 120 285 137 109
81 113 329 29 324
39 61 315 194 319
196 117 18 56 250
73 241 67 334 337
73 179 212 293 113
223 34 307 223 161
278 278 127 280 107
287 267 74 46 161
185 131 95 62 36
244 17 84 280 12
5 197 206 118 195
86 129 14 5 9
55 269 218 11 19
142 118 113 139 218
15 139 169 31 190
201 249 314 27 71
273 213 127 132 6
8 144 153 212 285
182 308 343 32 124
138 63 68 161 133
287 209 182 11 131
218 19 241 301 66
183 346 290 217 207
155 285 69 230 142
214 87 23 33 204
233 183 244 108 286
158 151 134 50 14
281 40 198 185 207
91 301 65 238 37
30 249 9 274 282
175 276 23 252 291
46 346 269 263 257
153 69 112 313 48
262 342 79 236 341
225 240 190 333 291
206 215 207 176 152
147 344 66 275 244
79 328 33 95 257
170 154 136 250 188
337 22 211 31 162
10000000 10000000 10000000 10000000 10000000
57 39 302 35 99
328 304 330 37 133
82 94 108 112 88
79 288 306 5 130
134 167 12 232 123
85 304 165 244 153
269 112 330 332 61
83 13 216 20 262
128 174 277 310 77
73 340 40 112 313
166 164 162 254 50
70 38 303 244 333
169 49 326 290 327
163 229 240 280 118
170 269 161 270 242
324 53 223 9 58
196 208 288 145 197
70 135 40 241 284
282 257 20 291 81
220 264 326 72 344
176 82 250 313 297
150 67 132 83 209
251 311 88 280 290
287 115 278 274 127
138 241 215 210 277
274 303 241 60 274
207 36 327 64 271
295 38 194 330 191
71 83 270 123 18
155 146 331 91 278
163 42 206 281 126
156 115 225 89 188
341 7 294 100 131
5 319 246 191 174
217 269 145 29 185
29 314 178 45 187
317 55 133 10 10
8 98 191 146 169
293 237 100 285 242
275 290 130 123 23
129 127 44 47 123
168 106 173 30 244
60 328 39 6 215
216 313 341 270 5
92 231 76 269 339
177 299 233 305 239
44 260 249 159 27
94 317 123 209 35
82 218 223 209 81
50 328 200 306 279
192 95 289 270 114
256 165 179 49 276
136 220 49 130 159
80 240 185 16 262
117 304 119 331 176
345 112 100 175 112
216 36 316 222 128
24 340 254 148 168
14 227 121 7 221
117 232 123 87 282
173 187 44 210 96
272 218 43 164 221
92 102 157 296 14
334 268 335 140 230
