10000000 10000000 10000000 10000000 10000000 10000000 10000000 10000000 10000000 10000000
342 328 206 120 245 88 137 241 266 225
194 246 241 9 311 331 302 205 216 242
35 106 63 113 178 43 98 171 13 231
323 254 31 42 144 231 41 61 329 227
181 54 259 84 232 59 185 208 58 120
28 194 319 172 129 329 307 182 115 64
319 48 73 152 339 89 285 162 95 127
15 299 209 161 173 310 227 328 7 146
60 100 275 330 277 27 333 240 199 219
94 218 54 194 228 105 155 175 322 245
282 264 35 232 15 146 334 272 343 57
42 276 283 321 99 263 206 61 165 118
131 22 172 189 337 184 308 88 19 115
28 258 214 247 147 296 57 244 198 246
114 184 302 197 193 326 325 112 167 228
223 50 85 258 336 106 319 85 332 61
333 10 283 9 150 56 197 221 61 150
119 202 220 39 107 286 105 164 334 215
146 215 14 66 221 198 301 139 300 247
268 154 39 311 234 310 238 257 93 184
296 134 147 256 169 209 42 269 264 199
335 57 158 141 237 68 115 171 163 256
206 328 75 176 9 160 285 303 341 57
299 121 317 55 116 273 89 273 117 151
297 63 181 122 276 68 18 81 315 106
51 162 339 203 242 82 95 285 328 318
92 132 293 154 110 127 239 239 275 120
293 294 6 321 77 209 54 35 271 228
278 262 335 123 112 57 17 303 217 263
258 91 194 109 215 191 23 101 128 172
34 209 11 10 255 110 15 260 346 96
222 193 109 250 207 87 43 159 265 163
273 173 78 5 202 162 12 161 317 254
45 200 260 273 13 194 242 223 60 97
80 33 26 262 115 239 131 291 257 95
314 168 294 27 311 156 222 325 28 197
335 344 48 235 229 63 122 90 219 131
223 8 158 197 270 234 243 218 283 111
218 347 233 191 97 259 318 323 198 189
174 346 16 172 6 51 219 147 212 88
333 331 341 219 295 331 110 78 332 17
105 143 341 220 302 242 206 91 313 97
135 61 311 305 331 7 46 272 10 153
68 207 203 53 318 205 148 221 325 103
333 111 191 93 210 173 128 329 256 29
67 231 168 106 56 186 234 222 283 324
41 291 306 111 124 9 83 170 343 17
257 334 198 161 153 94 53 150 326 316
160 118 125 28 319 148 138 192 18 211
99 23 272 111 181 129 323 344 176 255
186 109 291 137 133 255 274 242 208 170
121 96 89 257 222 159 55 328 268 73
20 27 12 142 235 280 8 325 270 216
89 153 126 195 152 58 189 239 285 334
195 198 254 260 344 165 142 302 200 112
214 115 79 294 47 219 260 158 48 183
176 205 208 264 326 132 334 118 5 20
340 284 94 269 90 210 332 147 23 326
156 7 189 23 42 193 30 75 138 54
332 173 11 20 148 206 243 311 114 272
160 325 263 324 243 63 286 249 192 260
77 338 167 232 122 241 232 227 60 134
254 267 297 163 240 55 178 14 100 78
143 19 244 329 288 206 255 261 114 278
10000000 10000000 10000000 10000000 10000000 10000000 10000000 10000000 10000000 10000000
190 139 263 294 194 304 162 136 234 331
43 71 257 270 320 305 258 276 24 166
125 309 110 128 122 307 246 49 255 231
52 225 135 195 103 7 38 215 14 135
108 51 241 293 167 78 306 160 225 267
16 317 158 216 26 154 8 275 289 261
168 223 5 268 111 320 70 203 266 228
231 209 250 108 219 108 195 277 248 189
181 43 149 218 23 303 107 184 308 90
323 215 172 317 49 131 187 316 109 281
341 174 162 58 95 52 111 289 73 133
24 68 178 347 285 338 176 254 231 298
91 127 185 346 36 175 331 115 296 304
103 139 98 165 176 64 153 345 272 229
309 233 259 112 77 193 33 92 114 230
18 242 110 217 190 154 252 83 301 30
9 93 318 179 189 165 157 227 38 341
289 249 26 168 50 152 259 205 262 92
138 258 78 67 145 273 84 211 281 112
130 282 214 97 200 298 187 198 258 338
107 91 140 267 50 241 52 142 15 195
111 152 321 24 171 201 144 161 205 301
54 132 152 123 83 255 106 136 277 216
252 274 73 209 310 15 110 40 347 31
345 36 78 249 109 25 156 53 304 179
98 189 156 214 91 225 139 190 5 156
229 266 164 331 245 328 187 263 242 80
146 137 236 320 309 195 53 53 60 126
35 240 238 280 268 65 302 344 217 226
15 337 113 273 118 305 275 104 131 264
153 139 36 122 30 143 287 120 94 160
265 298 30 339 252 189 243 287 339 101
16 300 91 252 210 9 62 338 87 136
227 234 212 305 248 124 66 286 82 228
301 246 195 81 238 242 56 247 63 25
231 185 268 26 133 178 203 157 271 236
136 61 204 15 74 56 93 229 177 93
133 131 202 66 6 33 243 26 147 178
112 24 13 40 80 200 223 207 323 204
73 304 135 219 32 182 164 234 240 64
251 178 13 194 172 89 264 344 42 310
61 8 215 63 314 103 99 90 215 181
187 273 203 311 317 312 206 310 231 298
281 277 342 330 340 86 114 318 126 13
187 276 260 200 111 16 282 14 278 17
61 243 27 14 109 32 65 76 317 64
259 84 18 125 50 216 332 64 43 306
142 181 262 129 150 22 178 280 328 157
109 299 56 71 129 238 322 259 265 71
144 8 210 128 259 166 338 319 233 259
226 9 338 203 33 156 164 190 294 56
327 49 18 298 120 218 28 21 62 91
302 308 178 142 298 284 127 340 186 149
121 33 182 35 131 162 315 309 306 41
151 95 23 44 255 97 59 58 7 304
153 41 333 138 81 92 212 285 234 196
281 76 164 59 332 266 75 159 46 8
209 157 85 221 248 45 92 281 216 81
13 295 285 141 320 166 301 167 259 44
267 112 212 166 98 273 34 288 94 91
294 124 198 281 249 113 188 11 263 62
241 262 113 238 226 88 212 30 110 256
211 152 152 127 168 251 299 272 50 136
284 243 299 128 146 71 166 192 281 68
10000000 10000000 10000000 10000000 10000000 10000000 10000000 10000000 10000000 10000000
175 47 83 185 158 219 184 323 195 131
101 162 110 195 342 344 295 169 126 17
244 201 185 16 39 30 72 338 335 87
116 34 30 190 133 156 330 144 160 266
130 122 297 212 334 40 33 52 43 98
295 98 44 50 24 93 293 187 247 140
129 343 33 188 210 223 203 64 269 233
132 19 82 140 131 234 11 174 135 82
192 310 25 190 211 259 301 265 171 66
158 185 20 329 152 141 323 191 91 22
31 53 19 179 140 257 209 15 106 120
224 322 178 206 127 29 47 186 16 79
170 137 110 26 329 87 322 262 118 258
126 190 231 10 71 57 82 5 258 53
88 70 148 127 295 166 196 209 149 39
106 85 212 202 90 297 167 216 292 169
267 333 338 173 122 175 228 169 293 134
148 55 222 305 126 346 273 188 344 146
322 305 75 292 224 27 322 100 207 80
193 231 141 179 7 274 128 190 165 199
5 201 326 8 135 154 233 145 193 212
247 126 123 341 240 75 62 345 111 248
248 115 266 196 229 36 69 204 308 148
222 305 101 156 78 250 296 203 139 84
26 177 29 111 307 327 266 201 64 9
138 255 113 261 17 96 319 95 179 273
148 344 204 78 228 302 127 49 296 303
168 214 328 204 177 145 124 247 148 10
82 208 279 168 38 115 91 209 238 178
311 145 165 42 7 6 284 259 317 186
331 11 210 228 342 230 297 114 267 10
281 247 91 66 103 241 157 342 328 237
96 135 11 315 32 332 33 301 163 115
31 338 178 19 346 149 153 309 159 11
71 330 302 212 148 186 340 127 189 285
290 231 117 86 185 12 6 155 248 117
167 60 14 227 257 263 24 167 202 197
295 294 281 9 24 72 118 124 146 136
148 345 227 296 199 337 138 64 275 22
34 177 48 317 111 70 23 26 23 254
29 228 222 246 38 89 316 261 22 209
208 222 176 240 77 216 99 343 15 40
325 49 241 238 275 12 95 147 268 20
341 156 127 134 238 48 319 198 42 271
269 64 143 167 228 269 106 225 196 51
345 333 17 136 253 287 71 197 320 275
87 198 267 76 259 331 51 87 327 312
152 170 33 273 295 91 146 343 143 163
68 18 111 255 267 181 42 61 51 125
323 23 124 98 221 226 25 143 201 283
67 28 27 121 300 321 315 154 123 93
338 162 91 194 46 253 280 277 163 46
268 234 24 321 14 72 299 51 115 161
89 171 325 243 139 88 216 143 149 294
162 340 171 330 319 169 240 262 299 30
145 195 224 214 278 138 179 172 107 252
257 215 33 258 70 43 15 129 195 226
225 243 205 49 315 186 201 319 38 107
176 54 139 76 133 61 96 322 41 279
318 117 257 226 147 109 14 336 337 286
249 255 53 84 286 125 65 105 37 137
196 79 323 36 260 143 205 314 39 303
131 139 238 44 179 135 179 156 127 325
137 156 198 121 79 90 23 11 222 123
10000000 10000000 10000000 10000000 10000000 10000000 10000000 10000000 10000000 10000000
174 77 120 180 141 326 164 272 221 151
134 247 219 8 247 229 315 223 253 127
177 220 169 122 196 41 273 48 244 294
203 6 203 233 164 36 104 337 302 108
277 314 47 54 276 247 225 100 287 267
197 319 346 208 245 95 158 318 287 212
59 323 163 13 256 231 229 100 279 94
203 327 218 266 179 18 175 191 314 298
28 298 187 147 130 131 77 286 265 203
95 130 169 9 116 254 163 183 200 74
32 86 126 43 143 309 8 295 46 251
185 198 174 263 88 56 14 76 324 102
137 183 204 293 172 280 118 318 103 237
154 46 140 130 135 182 292 312 341 252
319 293 214 57 328 71 337 211 82 20
326 310 281 74 141 242 267 305 263 146
125 86 56 204 161 67 203 270 232 10
180 282 115 174 335 185 230 58 98 324
218 302 293 81 70 137 193 232 243 298
63 24 171 107 168 227 140 206 46 226
310 125 148 251 171 285 168 33 104 117
133 51 294 191 103 125 103 344 303 250
224 54 274 157 271 289 55 37 182 229
167 83 15 311 123 330 118 175 17 92
282 269 137 44 147 299 45 295 68 207
43 241 112 265 99 59 328 159 171 174
298 190 323 221 212 193 297 347 223 260
246 49 45 75 115 244 98 253 304 46
311 228 159 126 90 76 331 56 92 333
40 258 120 103 39 96 336 345 184 324
208 68 78 97 223 170 254 198 88 54
243 155 198 45 92 290 68 275 305 22
274 301 35 326 335 209 262 108 278 264
156 334 89 274 285 24 102 308 224 95
237 169 101 300 157 41 264 112 213 9
43 187 147 273 50 295 266 42 188 163
176 301 133 95 271 264 225 213 29 58
109 114 150 239 254 125 251 101 13 75
68 228 130 53 286 22 21 254 339 330
22 60 75 223 247 43 91 345 243 346
193 181 244 252 218 284 166 320 67 340
194 322 235 30 18 108 179 98 186 332
31 217 260 142 216 135 202 234 136 319
88 52 200 298 278 175 79 278 154 216
96 112 41 291 174 254 302 346 260 271
337 93 343 43 156 110 251 62 193 203
223 55 71 203 209 240 243 262 144 22
266 24 302 110 25 185 67 281 60 232
11 308 269 30 49 22 220 213 35 198
98 68 189 282 265 308 9 131 203 324
18 280 28 102 304 123 47 9 247 297
250 19 78 95 313 54 323 187 228 340
73 33 15 113 345 191 65 333 202 265
122 272 38 65 224 181 330 51 38 43
338 73 311 262 177 238 289 46 69 338
34 325 255 81 25 47 309 340 144 344
311 275 186 317 163 230 257 302 33 206
219 346 267 293 317 213 79 126 84 45
54 213 117 31 44 179 247 330 66 14
151 71 72 23 170 171 110 270 135 270
8 74 296 202 212 48 39 336 224 164
342 314 12 104 288 27 286 345 190 204
220 123 24 19 327 71 69 216 318 162
338 214 161 13 347 27 132 77 246 38
10000000 10000000 10000000 10000000 10000000 10000000 10000000 10000000 10000000 10000000
161 319 274 136 154 92 190 81 323 240
280 272 76 135 164 86 282 207 221 300
304 243 179 134 79 46 183 93 23 209
124 268 290 244 27 113 279 198 326 63
269 332 199 170 232 21 103 184 75 273
99 280 23 274 318 15 230 339 148 188
204 222 43 66 343 12 302 26 171 313
148 188 202 64 95 7 73 32 65 68
336 115 250 108 234 131 339 58 139 294
85 241 266 22 193 222 159 289 268 190
136 64 77 205 209 52 67 219 344 82
196 209 41 195 134 127 226 217 62 26
340 11 40 159 298 120 307 204 199 163
119 263 130 219 77 50 126 288 277 175
66 261 326 148 44 120 187 165 86 63
73 82 341 338 139 137 123 8 28 8
65 334 337 73 336 246 264 100 182 226
282 269 231 96 194 144 250 296 146 339
76 268 315 94 204 57 292 54 215 222
226 55 232 194 5 55 161 106 336 173
31 240 215 95 220 44 217 22 262 22
229 59 246 57 120 186 170 269 18 112
308 154 252 269 137 276 228 257 207 61
326 129 152 170 28 334 184 104 79 106
347 16 155 59 336 5 273 40 48 337
301 191 33 147 96 124 306 334 45 155
241 312 276 215 261 33 87 280 232 293
144 38 142 344 92 33 347 142 193 45
276 173 25 76 211 227 241 315 78 333
7 142 38 97 238 148 230 52 86 87
10 48 25 33 285 226 77 145 270 81
258 288 157 51 217 214 189 271 286 294
106 27 57 205 260 258 111 266 205 256
274 141 156 204 27 315 52 187 87 76
178 207 93 138 241 117 289 215 268 228
85 279 72 283 240 15 63 135 142 18
284 179 221 323 275 169 272 117 240 146
79 276 225 134 265 217 73 10 301 95
294 41 231 225 88 320 94 147 239 323
114 91 107 212 288 184 110 225 288 266
125 79 100 171 301 209 332 63 26 53
228 297 135 160 28 136 236 9 289 169
78 301 191 272 19 176 60 33 55 311
42 169 50 123 91 265 250 311 30 285
200 271 101 57 251 93 43 170 311 312
316 237 285 321 198 257 196 278 16 50
64 254 306 279 44 175 316 276 127 204
192 49 13 236 68 316 7 158 112 272
266 304 55 238 227 54 30 314 311 261
331 214 191 255 286 138 246 108 70 232
57 172 154 118 294 177 304 274 342 27
150 183 211 148 73 117 251 171 301 74
46 327 147 254 115 302 213 229 207 162
312 301 271 229 18 124 80 334 65 170
342 174 36 235 168 102 275 185 49 150
306 173 135 267 13 173 189 38 294 173
124 58 216 95 60 320 174 74 89 152
154 149 69 83 256 295 144 57 42 40
234 243 271 239 69 231 69 236 136 87
223 164 265 66 343 45 120 152 220 305
283 272 22 342 92 310 289 127 321 49
22 179 60 217 52 48 149 179 204 296
221 313 209 27 189 112 123 46 89 209
188 263 310 324 141 31 332 49 143 191
10000000 10000000 10000000 10000000 10000000 10000000 10000000 10000000 10000000 10000000
130 107 182 159 55 251 13 242 222 142
216 273 102 130 253 341 290 281 232 152
49 5 309 129 33 321 90 276 112 109
136 280 6 201 286 231 335 243 227 343
6 259 313 328 326 62 60 303 27 278
188 33 266 83 296 99 15 225 197 63
125 195 261 182 177 10 115 161 32 235
307 176 66 269 56 42 18 222 148 82
22 97 317 322 122 57 89 11 20 72
50 273 79 84 91 316 57 194 73 272
186 97 158 34 48 306 260 14 289 65
294 110 36 245 130 24 321 218 201 102
285 172 313 107 107 196 266 33 330 133
152 132 293 273 90 125 81 135 45 8
201 207 274 202 166 46 64 211 205 297
294 118 147 161 65 23 290 116 215 334
141 60 319 193 264 180 227 57 124 32
291 160 26 193 197 164 58 107 248 50
293 346 208 73 116 184 119 304 37 44
339 291 181 76 66 190 331 320 57 315
255 169 266 40 124 305 28 334 306 253
218 238 173 289 204 265 283 270 118 235
123 225 241 342 134 273 80 22 295 113
245 115 325 280 31 328 302 202 70 109
22 233 189 211 298 151 66 53 287 117
324 304 311 228 186 277 131 122 80 76
227 280 260 206 315 231 145 172 69 214
247 317 26 30 177 283 210 142 313 320
210 346 257 29 132 125 11 289 113 264
259 143 121 42 204 259 304 123 215 310
331 54 66 134 96 230 346 160 110 336
193 80 28 46 275 185 245 150 264 90
262 124 308 110 178 259 112 330 109 307
27 279 270 267 65 168 325 156 281 24
15 192 50 295 175 250 66 36 164 251
34 109 155 131 93 123 161 195 243 227
291 96 210 236 208 80 254 226 314 127
206 96 290 339 82 290 187 123 289 227
98 160 116 230 61 220 140 253 127 340
116 316 36 229 186 315 221 16 251 281
53 325 29 306 316 226 19 133 170 222
292 92 92 39 244 318 106 136 302 346
137 289 315 132 90 96 14 171 342 191
41 339 233 72 269 37 236 103 328 150
174 148 297 260 86 111 242 124 229 323
277 206 305 141 290 281 43 230 328 345
187 118 192 197 274 342 131 279 202 9
7 170 236 14 199 258 227 145 131 7
227 320 119 309 287 307 147 173 265 168
134 152 67 92 310 195 104 219 343 232
68 137 174 50 47 279 199 332 83 197
74 120 231 11 273 340 242 277 85 88
236 273 16 158 80 228 212 188 44 339
257 272 260 258 320 265 164 297 157 250
193 146 18 292 60 51 94 340 254 194
74 225 85 33 19 66 219 90 15 64
70 22 227 222 111 70 297 324 135 336
161 79 285 185 339 279 198 84 157 341
164 39 320 185 235 209 287 101 73 169
12 71 253 148 160 305 267 22 246 54
157 106 235 224 299 110 342 190 284 269
229 164 336 247 172 36 133 189 312 134
257 41 287 102 176 327 219 230 187 107
212 116 19 20 238 209 289 174 117 82
10000000 10000000 10000000 10000000 10000000 10000000 10000000 10000000 10000000 10000000
262 68 192 82 59 172 306 158 125 92
339 180 96 39 43 341 143 299 129 239
80 163 311 290 101 105 238 153 35 90
155 303 305 37 30 96 331 33 251 242
211 22 276 22 83 233 126 94 188 87
323 101 273 316 117 62 116 77 40 329
59 279 114 290 341 59 171 38 145 237
187 268 176 23 206 89 34 187 333 286
73 217 173 259 169 302 38 120 176 301
298 266 11 80 218 28 88 316 224 163
101 149 51 175 287 105 318 23 47 110
28 102 191 195 81 74 27 84 61 153
309 208 111 163 95 161 270 198 251 142
227 70 22 165 19 78 232 92 180 291
330 122 26 24 256 141 272 322 111 148
222 173 58 166 186 159 112 316 148 90
71 268 331 14 130 75 331 67 330 212
314 12 234 312 235 254 302 336 103 328
72 127 333 154 81 43 278 137 159 304
328 290 333 152 15 336 339 322 69 140
205 199 300 288 52 63 272 199 302 214
62 259 17 263 227 231 120 83 63 250
149 243 140 234 131 30 81 342 175 171
214 52 81 313 157 83 159 16 270 125
116 115 293 274 88 160 231 216 207 65
196 160 73 190 102 324 224 200 171 10
84 185 120 25 260 5 333 16 102 77
49 97 140 346 241 68 340 192 156 272
226 143 287 149 153 21 230 284 149 347
326 99 330 36 279 129 185 329 258 93
331 174 213 215 105 295 219 189 59 48
95 192 295 296 206 219 246 170 258 24
265 201 132 275 211 196 270 88 262 116
163 148 131 233 185 73 99 214 334 212
263 138 240 293 135 301 163 330 83 280
15 217 282 92 205 158 259 118 226 227
274 298 96 278 132 340 124 283 118 77
69 25 297 42 280 9 94 178 328 201
303 176 61 283 308 121 11 215 159 100
21 312 175 220 314 345 195 321 97 59
196 242 67 178 278 266 108 295 171 25
193 31 66 82 8 221 322 333 114 130
130 138 220 199 51 305 159 90 127 346
9 338 42 221 5 207 197 183 181 138
92 316 24 133 321 286 325 210 157 80
271 317 182 64 306 73 166 94 105 104
63 48 169 49 264 69 193 141 189 342
119 279 80 200 15 51 53 198 136 309
268 335 262 309 334 163 52 207 131 67
160 15 59 129 177 5 99 149 156 266
81 21 244 52 30 45 75 173 335 145
127 123 54 271 258 144 195 21 95 282
210 220 109 300 206 318 255 116 37 283
22 272 134 21 147 89 343 46 320 143
272 296 16 50 70 190 195 285 41 139
142 64 180 121 270 110 65 137 172 222
186 138 84 69 211 320 189 200 297 310
246 269 16 82 257 232 196 307 64 199
51 337 218 265 268 297 160 75 119 323
129 250 296 151 300 144 179 227 340 311
91 46 108 208 137 63 176 315 261 116
190 218 301 19 288 224 290 143 112 220
171 121 298 39 160 266 270 73 321 240
254 313 39 245 208 222 138 166 121 211
10000000 10000000 10000000 10000000 10000000 10000000 10000000 10000000 10000000 10000000
45 198 276 145 246 241 108 155 226 186
35 128 222 257 55 13 153 16 118 278
11 150 27 304 194 42 107 214 264 138
56 71 30 89 150 327 323 100 164 197
132 134 279 197 327 190 235 255 312 69
298 337 124 270 158 197 122 187 255 28
329 220 27 252 181 10 178 202 144 267
57 35 224 181 108 117 157 214 227 191
341 253 158 61 215 193 137 278 214 259
37 54 176 342 37 176 98 226 297 5
47 268 51 78 268 311 262 50 33 269
63 298 95 68 37 80 331 322 285 281
19 162 110 195 214 24 111 138 94 297
336 44 105 193 82 347 247 191 46 211
321 158 54 219 216 135 218 288 101 292
132 36 207 170 311 110 73 117 235 155
116 229 129 170 118 243 287 274 268 125
108 335 21 68 68 307 127 334 31 273
119 44 10 301 88 204 12 87 243 96
289 64 25 36 154 41 146 51 110 246
18 148 30 101 256 173 14 178 82 227
139 8 326 319 124 10 242 330 247 20
254 292 9 232 49 153 6 80 319 224
247 27 251 63 335 157 109 185 85 173
329 138 65 193 79 143 232 104 293 331
79 63 20 26 323 284 88 44 106 283
324 311 137 70 105 279 286 5 240 91
167 58 178 293 112 115 226 172 274 106
65 227 306 318 75 20 344 124 120 244
259 202 159 328 204 270 103 285 25 91
217 189 253 319 84 293 134 39 64 221
86 89 298 86 230 32 20 131 178 138
156 91 304 276 308 275 177 236 110 342
341 151 56 320 146 41 310 297 305 50
324 263 221 306 126 184 92 199 294 46
52 152 332 86 308 26 143 319 276 40
89 68 35 100 288 147 345 123 262 144
296 184 94 342 236 189 263 345 87 192
138 123 169 44 190 135 87 117 208 113
330 225 84 75 50 33 328 76 18 311
245 31 310 65 166 221 277 251 317 240
7 238 275 94 171 65 88 313 272 289
202 85 290 258 176 288 75 133 115 62
87 280 45 102 153 178 31 50 125 82
127 32 272 134 141 62 249 259 168 93
278 20 288 165 9 301 21 246 153 76
152 241 174 52 133 152 23 119 342 271
223 297 152 263 73 72 49 300 105 134
179 94 219 280 7 321 129 302 72 259
42 323 224 251 100 319 87 138 264 7
152 228 50 269 311 186 93 46 202 109
144 111 211 163 241 211 77 67 89 328
165 347 62 300 68 281 60 73 77 199
143 236 25 219 132 261 291 308 205 220
266 253 18 59 41 225 220 14 272 328
326 302 236 160 35 169 9 200 241 105
139 43 84 189 62 89 267 240 249 30
110 157 69 41 256 97 241 332 148 107
243 214 50 320 185 151 243 158 236 270
71 269 89 293 79 309 294 156 303 61
128 271 255 240 331 24 334 218 311 293
288 140 324 70 157 79 186 72 336 334
331 29 88 252 332 144 142 60 145 61
240 213 170 310 134 197 108 168 247 152
10000000 10000000 10000000 10000000 10000000 10000000 10000000 10000000 10000000 10000000
216 138 332 188 66 47 191 139 111 335
240 21 116 29 223 40 136 50 326 149
279 70 152 248 52 315 201 303 135 67
326 126 169 330 328 8 318 139 307 56
172 176 151 107 320 262 257 130 212 128
107 316 338 208 316 323 11 77 210 43
240 81 173 299 40 106 89 114 285 201
212 157 333 178 212 272 162 166 144 241
181 106 66 43 137 219 229 242 175 287
111 130 310 106 243 137 119 220 213 172
179 64 218 268 186 227 342 275 307 238
312 6 186 301 279 259 137 285 103 132
173 218 326 261 79 339 344 196 264 256
46 274 52 184 76 201 219 139 257 272
284 259 131 241 289 125 140 325 72 195
287 289 30 173 307 210 87 199 29 42
54 242 245 197 136 260 325 171 119 213
156 103 178 241 204 49 78 347 7 279
303 137 217 202 28 150 130 220 198 343
225 236 98 265 117 307 58 30 21 43
198 347 123 70 18 213 152 78 205 47
329 331 80 185 218 267 22 216 288 328
244 187 96 165 307 7 94 290 101 9
293 167 24 309 82 242 164 85 244 315
34 63 26 320 166 86 142 174 135 115
249 152 218 90 68 38 20 305 278 219
68 281 49 66 251 126 74 66 255 342
342 328 50 336 152 202 121 56 240 322
178 259 319 337 197 297 64 237 117 137
161 109 106 299 336 305 92 115 228 229
135 173 117 121 85 266 49 163 38 327
181 39 6 292 66 141 56 186 59 200
275 45 110 101 229 323 266 56 263 13
304 178 204 105 143 279 242 105 194 120
270 176 184 336 279 229 261 242 192 54
149 181 305 317 316 324 54 286 286 290
64 178 79 87 147 14 195 242 7 11
138 171 232 311 105 88 295 70 137 242
65 333 256 222 139 212 289 55 97 346
51 56 270 265 15 10 11 230 292 81
21 78 196 185 268 31 285 37 79 52
202 7 328 252 165 91 180 199 290 103
252 259 42 115 346 83 42 347 241 106
263 83 184 101 172 158 127 343 218 235
186 179 81 80 301 295 91 81 182 121
157 193 247 273 13 155 191 327 298 146
234 162 98 132 10 341 90 302 266 244
154 225 286 68 256 207 286 193 120 339
88 298 132 262 160 43 319 11 162 285
321 208 42 283 325 69 278 248 113 232
193 126 222 61 232 333 93 128 328 180
171 159 70 223 97 126 71 326 192 178
241 129 215 338 89 237 332 187 320 346
296 279 13 217 264 173 143 39 305 226
86 283 49 342 93 284 145 78 74 316
200 223 140 160 70 292 146 19 136 206
328 150 224 5 347 68 281 105 163 92
212 52 291 42 109 323 184 253 88 77
284 282 246 116 62 269 242 226 211 213
94 297 78 297 214 155 42 70 256 120
109 291 261 273 87 9 152 136 342 75
283 270 259 190 262 330 309 280 247 128
251 210 255 235 273 103 199 303 42 131
82 130 336 100 233 171 90 126 343 102
10000000 10000000 10000000 10000000 10000000 10000000 10000000 10000000 10000000 10000000
82 220 299 236 191 17 188 207 92 212
140 108 312 126 26 191 144 243 16 157
40 313 114 204 33 300 72 230 278 213
156 51 25 100 156 345 331 101 146 6
84 162 212 250 85 275 91 125 51 35
241 261 145 13 194 49 331 68 247 233
158 238 90 339 320 82 160 301 188 237
14 232 74 312 256 261 95 141 341 69
22 20 183 198 222 81 140 266 169 231
123 106 152 221 296 25 42 246 195 325
207 347 252 291 119 152 229 346 242 341
138 240 99 94 224 130 28 26 120 39
194 125 70 73 60 107 213 273 227 163
149 197 343 135 275 41 173 281 251 168
109 197 146 111 225 164 230 231 287 226
286 222 45 57 81 184 242 115 75 337
329 183 195 67 90 319 341 296 344 14
186 207 53 101 126 36 124 21 187 309
297 212 38 173 256 19 181 67 35 57
225 337 150 308 84 324 249 7 314 143
203 176 67 237 230 293 266 31 17 154
29 26 165 42 134 223 99 234 183 54
96 265 242 171 118 272 83 227 22 181
20 79 26 311 221 22 331 197 55 143
109 161 214 347 321 187 302 73 29 108
195 177 128 232 189 310 156 107 28 177
63 103 176 273 279 339 141 238 115 231
38 217 256 210 84 175 251 206 30 237
208 90 308 25 41 197 276 229 320 342
204 157 277 210 185 12 176 160 222 317
181 281 7 214 159 154 282 311 45 300
338 21 135 248 317 27 234 21 288 142
330 55 255 119 265 149 5 260 123 313
289 192 168 48 174 204 116 39 228 196
186 188 25 85 337 102 51 332 254 244
39 295 206 234 190 135 281 154 248 244
279 252 144 337 289 231 288 216 288 64
218 13 204 63 214 79 52 251 186 219
110 287 109 85 267 104 286 34 333 127
46 80 27 47 212 127 24 295 121 157
103 229 33 158 199 275 176 160 69 264
295 232 342 261 14 193 196 324 140 25
208 65 112 235 290 256 231 340 268 283
273 248 219 256 127 284 339 99 175 66
318 135 220 97 99 49 331 212 289 263
279 319 327 346 62 6 38 126 31 94
204 71 267 334 89 11 15 100 239 316
169 316 131 319 122 254 238 102 76 209
42 284 172 43 263 193 255 189 272 347
187 156 216 214 202 307 216 189 102 47
25 294 207 99 226 229 191 304 234 271
116 316 233 332 41 127 252 76 237 108
275 48 343 190 173 185 196 266 336 202
224 160 229 290 297 259 194 123 232 17
38 29 155 188 121 292 115 75 250 5
112 327 33 129 335 284 325 214 235 61
106 338 256 128 232 76 314 107 112 264
40 106 294 5 212 167 345 58 284 293
196 256 95 107 139 5 181 249 165 71
102 254 313 306 199 23 216 158 182 39
269 307 257 131 290 232 290 21 233 275
231 71 162 101 75 163 179 34 151 229
171 241 284 207 306 268 130 136 37 20
262 55 229 210 332 180 226 154 176 190
10000000 10000000 10000000 10000000 10000000 10000000 10000000 10000000 10000000 10000000
302 184 212 200 189 320 5 85 89 31
187 155 97 121 141 149 76 203 293 47
282 231 301 58 233 45 330 138 28 272
99 32 341 96 54 35 177 219 198 216
325 38 313 109 249 54 275 184 232 162
73 337 55 34 298 324 221 194 305 52
292 45 334 147 184 142 278 173 197 338
103 172 240 211 205 55 52 154 185 233
296 327 280 243 256 30 300 93 207 53
63 198 210 235 328 41 263 260 194 277
342 107 16 166 152 172 133 31 147 113
55 240 346 156 191 37 221 147 274 196
26 341 221 95 134 72 11 44 139 317
60 153 174 102 285 317 298 334 229 15
131 97 103 23 205 13 12 294 105 95
182 175 256 81 95 334 21 162 64 36
280 198 126 107 118 83 247 124 184 155
125 56 284 212 204 319 190 135 203 32
269 248 174 89 242 298 215 177 150 181
301 221 314 201 158 51 275 258 206 106
126 264 37 334 128 6 336 10 304 262
85 308 56 210 258 222 60 318 124 285
327 161 240 18 128 168 265 151 106 68
215 220 339 271 67 126 216 253 53 299
210 339 55 272 179 293 69 74 291 263
95 149 253 155 49 92 161 267 178 298
104 279 142 96 173 75 202 308 146 154
110 272 234 154 100 173 202 43 102 8
341 63 195 224 176 278 237 40 220 142
37 196 42 179 22 248 84 254 135 134
6 30 182 53 114 257 343 50 11 19
304 288 42 35 195 190 324 275 124 222
21 65 144 238 215 255 58 39 60 98
163 123 74 318 140 123 317 51 179 286
18 347 270 176 64 270 43 15 209 296
6 120 256 66 163 71 231 223 111 15
97 227 162 141 197 208 170 135 214 230
228 98 156 27 34 220 312 261 142 156
219 272 140 321 107 141 82 13 324 283
184 159 202 24 235 318 200 299 148 81
80 47 249 170 306 305 208 272 316 144
33 138 78 312 42 225 16 162 42 12
146 129 258 281 66 333 27 149 184 300
310 279 268 64 290 293 102 282 213 107
46 212 289 217 50 230 141 127 347 240
31 255 92 223 201 101 311 192 290 192
331 87 169 22 136 134 47 338 25 100
149 116 102 313 213 271 227 146 244 217
330 112 49 182 229 9 15 18 89 118
279 174 297 20 165 312 238 291 36 216
61 79 15 52 154 48 46 290 337 182
96 44 269 333 345 60 218 177 53 36
289 347 91 225 122 89 70 23 334 124
328 12 147 325 187 99 81 274 88 127
160 314 15 253 102 169 269 33 61 297
183 49 173 140 295 157 8 283 300 187
297 298 301 130 292 101 319 274 267 342
55 47 183 281 331 270 236 263 10 158
122 194 164 207 205 109 118 217 248 174
295 192 10 55 171 108 76 36 130 255
259 242 78 167 54 102 283 291 229 205
269 123 153 324 256 321 225 69 47 298
268 328 99 167 339 101 128 326 128 327
280 128 228 154 328 66 118 259 73 62
10000000 10000000 10000000 10000000 10000000 10000000 10000000 10000000 10000000 10000000
313 121 176 127 60 99 208 37 52 248
229 66 208 5 317 328 141 309 211 291
302 150 66 209 204 40 127 80 36 241
235 51 289 179 12 287 151 312 102 281
196 260 178 299 236 5 227 203 158 328
153 60 140 96 65 333 230 250 36 112
278 33 309 75 120 96 71 148 36 89
188 334 336 284 300 191 22 123 216 112
183 115 344 151 266 104 124 7 213 186
347 134 259 98 264 219 224 318 65 28
183 98 200 219 67 120 54 295 244 182
42 63 126 230 116 7 77 77 79 338
242 189 200 65 157 342 235 7 189 45
143 193 169 54 37 86 271 223 248 116
89 231 307 169 273 318 162 255 39 101
175 217 130 230 306 97 157 303 15 181
20 144 241 83 210 257 38 69 143 229
79 333 54 23 159 8 200 238 284 322
242 291 45 236 194 53 224 264 211 241
107 279 188 51 310 209 108 220 89 52
180 211 124 196 293 138 11 73 22 30
203 76 206 296 269 337 134 95 54 97
59 150 191 9 113 204 252 175 208 284
338 302 250 304 208 241 210 45 248 199
166 284 134 19 134 242 189 173 179 8
109 101 282 204 157 334 63 138 134 109
74 270 123 27 127 150 220 54 78 208
133 146 309 274 291 219 194 320 298 76
207 347 217 33 302 70 243 247 113 60
192 33 105 28 58 146 159 97 172 30
327 189 290 192 107 67 191 8 333 46
200 11 242 97 221 128 172 241 336 44
303 162 242 136 24 25 291 240 227 174
36 143 283 192 15 223 305 226 146 222
6 85 226 253 231 225 24 56 55 238
337 277 260 105 281 66 108 208 281 300
161 333 269 245 14 344 118 51 182 42
211 239 345 39 329 149 93 189 339 291
216 307 293 96 332 168 342 135 214 149
117 55 229 120 179 252 226 235 231 292
148 272 33 261 128 307 75 280 5 121
332 74 148 200 262 168 81 194 271 162
131 272 89 139 336 337 71 59 298 229
191 49 123 188 37 254 21 286 203 170
38 111 23 162 44 161 88 136 37 191
22 318 43 34 258 49 194 124 301 66
173 242 50 129 247 245 14 197 161 114
140 70 134 148 6 185 32 261 72 45
184 16 227 147 301 250 269 56 164 141
73 339 16 323 40 155 190 194 217 33
42 97 21 246 131 43 131 63 303 16
194 153 264 338 245 311 341 304 233 292
243 109 189 129 271 212 337 186 252 60
82 46 197 312 270 201 80 183 292 59
34 210 345 135 254 66 287 131 332 54
195 344 79 209 54 162 87 161 346 219
127 73 114 169 39 33 312 157 134 156
33 289 95 63 67 338 255 144 135 45
252 101 331 50 173 247 188 48 148 324
179 339 237 279 41 187 19 80 28 81
276 120 37 347 186 338 136 16 93 117
209 150 118 125 292 130 16 130 314 135
168 287 343 102 23 47 7 121 334 100
241 125 24 303 104 157 158 182 45 321
10000000 10000000 10000000 10000000 10000000 10000000 10000000 10000000 10000000 10000000
297 107 22 175 54 162 55 148 210 192
156 74 209 287 48 210 117 29 86 284
315 276 152 294 289 160 208 182 280 263
94 47 159 69 222 308 97 321 77 233
171 18 224 231 74 90 94 64 137 55
28 311 224 179 264 336 36 302 41 93
277 177 126 66 43 109 27 205 272 275
90 266 121 285 115 194 190 311 242 275
226 196 202 161 265 91 179 227 85 158
30 176 267 246 42 134 35 156 231 160
182 171 74 11 228 285 112 69 162 235
276 45 274 136 66 331 56 246 51 150
328 144 61 224 90 100 72 60 100 121
149 296 261 45 14 338 64 149 169 129
138 253 342 309 12 131 208 243 174 180
161 8 273 29 250 108 57 24 345 346
11 276 324 264 310 48 22 76 63 103
69 264 139 88 319 14 145 292 176 22
222 136 22 5 50 182 107 16 112 293
51 205 250 135 98 252 220 240 283 182
68 237 137 268 344 152 105 21 284 173
285 14 320 51 321 95 267 175 209 120
254 178 347 269 128 119 99 88 322 43
222 340 146 97 65 240 141 316 214 191
82 183 253 308 317 342 202 109 187 144
161 177 278 166 121 217 305 222 154 273
335 343 335 251 211 137 283 186 209 116
62 343 187 167 18 54 36 329 315 190
293 13 260 118 195 99 245 105 226 111
217 201 157 229 211 14 243 194 70 51
225 216 138 57 191 116 273 300 201 300
342 52 343 56 78 7 328 60 75 125
71 294 254 71 118 81 231 341 345 307
168 321 113 20 47 16 114 340 333 106
293 191 26 294 83 310 255 10 27 334
136 45 66 117 100 311 18 284 327 268
74 21 214 126 55 96 105 254 290 168
199 106 337 299 17 287 190 281 11 100
27 44 307 208 152 197 304 249 119 306
241 39 268 152 204 215 269 9 85 162
336 162 220 120 58 65 299 8 177 152
317 127 111 44 241 286 123 164 22 282
299 124 293 144 200 322 346 157 65 309
190 214 154 229 156 301 258 266 150 212
333 162 69 235 210 260 5 186 47 18
286 300 33 124 306 233 161 124 324 166
36 83 205 309 247 226 145 195 128 55
139 310 72 81 42 268 137 56 309 327
169 72 293 31 342 196 91 204 59 220
5 106 104 110 29 81 117 342 144 43
282 11 246 334 29 335 94 304 39 334
61 237 321 103 231 167 143 153 33 255
281 185 38 336 169 9 184 332 284 125
49 128 108 251 240 232 293 218 111 62
156 129 263 157 267 274 314 207 254 172
257 314 110 32 282 42 270 144 332 227
287 26 145 210 50 189 257 6 330 133
44 288 24 212 334 90 142 230 203 115
338 15 339 178 9 83 51 191 142 52
266 146 57 39 322 205 223 200 182 260
149 324 30 327 247 35 18 314 347 153
53 329 236 339 303 28 232 324 247 93
34 294 116 31 343 235 42 230 187 283
276 140 62 46 108 167 52 263 21 265
10000000 10000000 10000000 10000000 10000000 10000000 10000000 10000000 10000000 10000000
109 229 198 155 122 22 165 212 211 192
188 304 302 317 184 38 328 250 175 145
87 299 255 245 102 120 200 152 297 161
222 194 110 269 9 306 227 198 173 75
14 25 127 130 126 169 10 130 194 265
23 285 254 105 136 80 138 291 238 331
151 129 203 106 203 199 72 289 5 230
128 138 158 177 77 95 290 120 338 23
84 12 324 240 47 256 326 334 14 159
336 85 178 294 283 281 275 261 241 53
139 81 129 41 105 268 221 106 161 319
202 169 146 272 77 70 120 154 321 102
328 331 166 135 65 299 242 254 295 337
257 211 340 102 112 174 244 48 193 238
333 88 262 39 124 232 178 40 109 27
294 126 262 269 94 62 66 54 225 199
322 89 270 91 46 290 30 251 333 165
138 312 344 32 262 65 51 21 267 126
64 60 142 226 320 148 301 85 208 134
231 120 145 137 119 93 146 41 66 262
34 316 82 60 188 39 15 181 30 188
342 255 174 117 329 147 236 67 206 49
27 346 47 79 160 324 329 260 86 255
345 60 28 112 13 278 179 325 92 141
201 291 181 182 96 18 340 105 330 60
301 186 163 64 329 215 70 227 263 266
135 234 150 202 75 334 17 46 185 46
267 264 35 7 304 70 151 260 107 100
139 117 344 76 20 119 58 33 282 87
332 18 181 140 45 36 284 184 206 271
149 221 272 312 301 272 63 159 218 142
190 223 27 167 226 337 219 141 234 302
267 280 74 319 346 43 332 320 19 170
189 130 245 145 268 37 10 255 17 262
37 106 86 293 48 322 178 333 35 290
71 176 253 8 265 311 185 205 108 111
300 10 311 287 75 102 144 79 64 71
301 242 33 260 299 303 15 78 331 337
290 211 47 188 270 20 123 44 47 32
290 255 163 118 25 137 143 132 239 168
221 289 137 191 274 344 182 144 54 75
243 142 145 76 342 88 13 274 250 114
114 198 88 153 104 247 270 299 123 22
291 319 185 325 194 92 275 295 179 324
209 286 340 341 265 191 310 308 285 30
65 6 254 283 29 156 337 95 322 330
78 38 17 131 101 77 247 208 303 159
16 117 256 228 206 234 56 63 295 35
95 46 290 35 104 25 118 325 252 214
336 79 257 150 318 282 328 320 73 135
160 21 117 300 84 137 297 246 161 26
341 319 124 210 165 11 324 326 143 238
144 184 304 71 271 148 47 134 173 201
293 36 222 240 222 159 156 172 341 172
311 12 184 298 327 26 224 83 175 123
188 267 343 116 161 323 183 144 54 176
38 236 158 294 36 109 142 149 309 240
169 232 249 30 183 314 57 135 113 73
87 142 74 161 325 316 115 279 199 146
36 305 60 242 44 65 329 171 196 242
23 25 189 128 145 283 240 300 63 85
216 251 45 84 95 179 324 274 342 90
251 55 145 156 167 254 43 102 159 142
346 79 119 309 32 34 73 175 319 301
10000000 10000000 10000000 10000000 10000000 10000000 10000000 10000000 10000000 10000000
198 47 180 194 261 310 296 270 199 134
248 44 162 58 31 65 204 261 45 214
43 61 324 272 227 268 329 232 320 158
299 322 165 25 24 13 57 169 239 16
322 308 182 100 76 104 55 274 327 206
69 29 122 165 183 242 314 295 146 44
301 323 14 178 59 203 45 133 38 166
230 52 12 80 174 326 193 291 229 192
176 261 128 294 123 154 41 6 267 252
78 271 329 122 264 219 113 215 334 311
49 327 306 244 40 188 314 303 51 163
158 100 218 50 215 335 223 142 306 63
60 58 141 72 34 114 39 95 107 102
115 232 149 169 219 196 253 308 206 327
325 267 339 329 77 165 252 43 195 56
220 22 345 149 33 44 45 62 278 247
326 151 44 276 123 259 90 8 136 61
204 99 103 210 29 117 309 140 254 271
105 6 218 164 188 89 162 251 294 230
215 164 7 180 238 42 259 146 267 66
198 143 294 149 209 35 251 159 138 57
119 40 339 79 66 78 310 8 230 282
276 10 335 172 194 104 38 224 103 150
195 80 213 178 273 175 159 194 235 31
226 68 258 334 28 15 37 345 154 292
48 172 149 326 191 241 215 206 212 112
274 47 143 219 249 257 345 192 216 218
344 327 246 306 92 317 195 29 114 35
246 256 281 40 289 170 29 260 71 296
249 182 72 222 19 206 160 78 242 293
192 134 182 161 347 38 306 264 118 109
37 278 61 229 9 307 207 36 340 186
334 203 30 54 104 127 335 103 80 269
325 144 190 219 114 221 191 258 295 66
130 244 345 69 118 223 34 200 190 263
111 281 333 215 262 237 257 335 332 89
290 315 249 325 303 245 47 336 272 288
136 249 96 108 117 80 176 48 281 66
240 144 280 132 60 62 300 109 291 151
36 174 70 171 17 137 180 302 302 312
336 325 333 347 247 190 277 13 343 128
86 265 92 321 302 238 140 126 190 21
141 318 324 343 171 70 241 251 201 48
310 306 30 283 93 29 33 71 305 138
130 66 13 130 260 303 141 310 327 213
82 156 286 180 221 90 301 7 97 196
251 98 291 243 271 214 23 54 52 331
277 31 142 159 163 16 198 292 271 313
232 237 20 343 136 23 68 111 293 288
19 172 177 285 156 6 82 312 43 17
311 15 174 29 210 183 237 330 91 238
118 170 49 11 213 49 200 181 257 96
303 258 171 209 298 256 250 235 299 150
309 120 221 197 322 168 62 162 217 130
182 334 35 131 32 170 128 330 90 219
176 275 243 137 184 24 265 196 6 281
123 294 98 305 220 65 167 267 144 137
201 135 113 191 130 318 342 31 128 310
336 101 89 40 210 40 204 318 205 273
108 52 13 74 254 320 78 278 299 250
335 125 277 203 257 115 98 158 125 318
242 69 80 15 245 117 139 237 255 212
89 40 227 144 121 128 152 213 236 89
161 257 311 290 214 132 121 6 186 296
10000000 10000000 10000000 10000000 10000000 10000000 10000000 10000000 10000000 10000000
341 196 90 201 13 59 306 119 170 30
99 272 48 343 84 237 212 141 202 57
228 326 305 225 55 105 56 298 149 74
163 79 35 112 316 238 103 273 335 27
294 299 341 240 228 178 34 291 42 50
117 303 77 297 135 187 320 219 22 289
79 193 128 26 107 5 14 84 312 324
263 125 74 269 224 131 200 109 43 170
130 48 288 140 318 225 233 325 68 98
13 338 313 75 199 15 285 62 178 38
293 287 340 339 14 241 306 318 164 168
43 325 211 241 165 203 59 37 44 47
96 72 296 250 118 46 102 39 280 258
261 181 117 311 41 189 261 189 31 14
194 243 139 121 68 304 248 219 135 30
70 159 138 38 56 315 285 69 285 172
62 136 136 180 57 63 204 170 338 86
206 77 259 278 240 145 264 287 183 134
130 211 291 256 184 158 111 27 227 211
323 199 15 331 240 30 98 207 159 347
332 193 259 111 266 148 157 83 32 33
236 67 137 66 108 21 230 108 192 136
201 80 303 148 286 112 6 26 103 207
26 132 261 62 146 20 200 271 72 219
153 11 300 218 218 121 167 168 185 263
245 223 343 306 190 322 85 334 226 347
55 247 112 283 161 95 38 338 68 69
178 41 131 139 214 183 283 181 26 187
329 171 83 134 161 7 218 190 199 227
220 235 270 314 287 151 135 136 343 28
108 127 197 231 54 327 87 173 127 154
104 245 179 148 206 43 6 13 45 56
333 125 318 326 285 177 6 97 48 155
329 218 333 274 55 98 218 225 311 62
317 160 257 91 244 141 319 338 164 145
114 84 139 62 74 15 124 98 240 139
132 325 69 46 58 215 66 207 226 76
200 248 111 29 214 32 232 316 20 32
345 28 55 174 83 96 95 266 128 210
101 118 182 76 176 213 225 303 179 116
306 295 101 247 213 200 37 11 104 190
38 101 324 53 212 132 104 9 38 129
179 269 284 335 164 294 161 345 52 50
343 105 264 120 114 173 176 6 285 260
274 220 266 263 103 177 214 158 279 70
69 109 143 23 212 60 207 68 188 247
12 71 330 18 75 171 13 215 101 329
165 189 40 113 184 323 201 172 143 66
177 124 293 131 257 281 182 193 148 69
152 295 296 321 347 225 256 118 36 339
328 242 99 46 165 138 117 263 48 237
63 184 97 150 303 174 267 209 205 294
277 150 193 72 60 10 270 257 108 121
183 92 206 282 285 96 29 201 181 206
333 90 151 225 271 199 142 172 280 149
99 130 166 295 341 7 111 129 220 289
107 205 30 117 112 285 223 189 9 27
176 313 119 105 214 250 344 208 12 338
9 126 21 218 210 175 89 207 120 59
216 212 8 336 288 156 55 80 30 79
56 197 334 65 307 124 240 95 260 304
195 299 31 105 109 212 41 149 345 192
71 282 30 227 292 172 338 26 296 82
286 18 111 187 274 121 58 302 189 13
10000000 10000000 10000000 10000000 10000000 10000000 10000000 10000000 10000000 10000000
99 10 346 139 62 125 333 16 246 145
54 46 163 95 65 251 57 122 168 117
60 177 22 232 77 258 214 46 45 131
89 141 91 21 288 25 169 305 97 41
325 326 57 340 158 5 197 115 40 60
56 54 101 148 13 23 299 44 323 48
63 139 168 138 48 271 15 317 19 78
41 311 194 101 63 80 222 135 60 231
277 104 183 339 186 335 62 286 102 120
24 300 86 263 288 330 158 244 251 222
144 150 134 236 113 328 11 295 112 98
48 89 289 150 271 326 165 157 330 168
148 206 164 220 185 290 268 292 11 70
296 150 83 23 139 151 20 209 168 252
244 125 170 162 145 37 330 257 56 195
153 109 254 22 164 140 344 110 192 125
212 244 58 208 216 329 343 251 282 83
109 153 165 182 160 274 234 144 73 332
294 254 174 242 5 174 257 142 335 230
162 278 277 271 106 254 77 134 256 301
164 272 109 197 273 291 260 262 65 218
339 347 28 278 68 164 325 336 50 30
174 268 263 323 278 209 85 293 203 42
155 163 232 220 89 197 325 178 94 155
325 155 95 280 43 273 72 289 312 335
13 181 79 188 338 253 123 53 126 161
325 215 262 341 250 210 148 181 111 331
233 216 85 52 80 154 188 124 170 173
80 17 139 224 142 118 6 63 106 62
93 339 72 258 52 279 318 227 336 30
237 94 328 38 227 68 89 44 208 184
147 20 183 56 301 115 96 276 277 176
59 218 36 342 173 127 47 97 207 236
11 234 29 338 91 196 100 248 301 101
248 286 305 246 186 266 331 203 47 252
215 17 108 232 271 12 253 201 16 331
75 272 181 89 112 168 330 67 307 153
51 219 36 239 250 210 89 273 305 317
214 303 32 203 198 301 211 71 186 249
316 198 97 28 33 201 37 91 153 193
139 288 209 103 262 90 49 145 34 60
85 85 81 173 170 121 48 59 234 155
227 96 122 156 51 250 256 54 21 61
221 46 112 313 306 193 97 264 156 27
335 239 133 186 169 190 165 33 55 300
302 110 290 122 105 59 26 226 72 237
62 249 51 71 76 189 141 260 40 156
276 11 238 261 172 8 290 296 8 123
113 32 27 226 16 329 196 89 28 7
236 145 260 13 218 280 139 317 187 44
69 63 92 249 51 40 128 239 120 306
145 194 245 188 326 69 129 25 292 107
144 332 223 54 5 51 105 303 66 103
69 289 255 222 318 156 59 231 5 137
41 121 77 311 175 177 253 165 270 28
314 268 270 45 179 161 36 22 261 330
113 293 266 234 285 33 126 77 114 261
221 255 48 223 38 177 276 140 25 308
315 339 72 182 343 179 107 178 161 223
214 267 194 191 135 206 35 68 130 271
239 263 347 248 202 207 317 263 73 138
18 245 192 199 32 121 49 341 6 20
289 268 62 322 197 285 43 318 313 251
279 137 82 124 115 289 314 297 200 189
10000000 10000000 10000000 10000000 10000000 10000000 10000000 10000000 10000000 10000000
71 322 47 79 302 54 229 15 201 116
288 167 224 287 263 23 323 195 274 82
320 69 90 99 262 127 127 238 57 326
45 123 159 138 136 288 300 94 116 233
323 224 196 117 154 16 248 60 311 333
63 235 6 138 80 247 92 128 204 249
101 249 22 250 211 325 183 160 125 154
232 39 172 325 17 203 345 53 242 316
169 122 102 32 189 300 252 321 345 164
258 77 277 178 271 61 113 222 272 40
341 18 306 323 240 255 277 19 97 200
16 320 188 198 155 64 77 298 163 167
192 328 310 30 237 263 264 29 21 222
251 296 95 126 187 104 197 311 220 21
265 233 76 255 129 65 172 207 201 58
80 97 302 60 217 176 167 264 218 126
122 72 30 190 274 208 189 115 313 19
174 343 285 157 8 113 193 127 190 305
299 210 264 101 306 69 165 304 117 44
39 6 97 85 249 25 167 275 231 281
150 188 53 94 16 71 20 90 130 232
235 25 275 198 173 177 340 305 69 103
150 186 56 51 8 5 118 72 317 206
175 184 126 38 264 236 242 344 239 109
150 195 216 42 283 28 309 267 34 115
301 257 290 137 76 146 122 180 108 245
116 310 69 199 115 122 24 203 290 273
190 63 336 138 251 180 148 75 130 241
116 28 88 342 156 84 250 131 41 27
108 345 182 46 299 70 235 16 106 145
158 71 340 6 120 157 255 217 309 148
296 66 300 221 58 192 157 121 7 269
147 187 294 325 199 159 54 222 241 328
84 191 28 266 319 20 99 337 89 57
58 213 313 292 337 167 346 207 239 261
193 104 158 129 91 299 135 267 200 243
189 51 278 129 346 233 42 35 94 25
8 259 93 249 242 228 223 56 243 273
225 190 46 276 194 185 306 319 314 325
273 183 220 49 26 222 55 251 80 115
66 75 323 53 148 200 48 136 260 339
328 259 173 229 125 272 226 223 199 7
219 171 98 296 302 266 270 304 211 316
203 268 59 285 335 21 151 158 297 76
43 153 117 345 234 192 48 326 101 169
88 190 342 324 97 331 102 250 210 110
82 167 237 271 101 47 129 89 31 200
25 15 9 341 166 239 34 205 156 342
56 224 202 230 174 159 67 271 49 317
319 248 123 196 301 332 75 43 48 53
294 102 60 8 332 154 116 275 56 297
79 325 259 302 153 253 116 326 146 105
278 318 234 97 286 204 181 81 203 248
223 173 163 146 256 144 346 334 186 48
61 23 15 321 198 318 288 268 310 115
189 65 129 10 148 271 44 284 247 226
108 246 283 207 39 308 155 32 33 257
140 304 11 155 323 293 128 266 166 280
187 310 229 255 268 196 226 98 18 150
134 230 214 25 274 140 112 290 101 268
225 322 346 229 161 312 100 298 185 300
19 133 66 165 335 306 55 164 20 332
23 343 159 157 56 77 291 65 18 27
283 347 128 29 285 89 252 224 277 28
10000000 10000000 10000000 10000000 10000000 10000000 10000000 10000000 10000000 10000000
95 139 73 266 175 337 291 29 313 238
164 134 307 326 215 245 168 315 112 196
67 134 272 20 308 260 306 53 156 40
155 76 134 327 9 243 88 341 311 269
332 84 305 224 49 244 163 301 154 134
130 59 327 213 33 17 35 271 86 249
96 73 131 143 24 128 329 277 61 30
19 108 163 102 346 205 61 60 169 273
189 73 235 93 279 94 145 223 245 45
204 232 296 78 320 13 272 78 267 196
30 161 139 270 109 162 224 283 307 73
278 152 167 202 214 264 263 310 63 114
316 297 90 273 84 292 282 195 76 67
263 344 238 281 88 24 29 87 173 139
148 112 263 267 72 138 293 283 26 56
58 178 141 119 270 57 273 334 273 340
5 138 153 340 61 345 16 64 275 54
151 77 333 233 57 86 65 98 255 297
159 312 34 203 38 98 309 44 299 39
139 25 141 79 117 78 159 259 90 115
143 133 281 243 237 242 72 260 133 209
55 303 242 110 147 266 183 347 21 297
300 314 83 194 108 168 323 14 112 87
126 73 147 318 216 101 28 162 156 66
136 137 57 171 243 65 281 192 33 23
101 144 300 343 304 134 182 68 42 70
175 337 335 149 80 340 134 345 73 188
32 208 143 191 135 338 168 282 347 198
165 104 301 195 337 171 187 264 290 216
39 211 160 335 138 232 75 216 170 288
111 248 291 270 279 344 339 166 273 205
289 312 126 182 310 97 155 235 19 304
71 273 151 274 73 71 7 124 266 156
130 154 142 118 323 243 89 44 55 127
340 69 15 274 222 289 133 82 257 49
341 47 329 108 121 185 246 180 58 286
47 245 23 243 312 25 249 112 93 182
6 319 338 168 343 170 47 193 165 223
113 125 166 120 277 263 204 288 104 229
121 24 116 315 203 192 74 252 274 154
9 293 288 205 231 269 187 10 265 343
41 210 152 248 132 204 296 173 223 276
227 62 281 308 266 188 86 318 102 303
25 330 13 294 212 25 238 30 21 342
123 59 26 178 72 193 97 136 86 129
237 161 143 315 115 169 153 330 317 292
48 209 285 142 53 76 265 56 301 134
249 246 81 100 48 30 129 190 31 183
144 196 332 288 269 138 303 95 150 258
232 340 277 267 220 84 200 23 291 306
77 117 318 57 8 258 315 148 172 289
84 142 144 244 269 334 93 185 308 121
203 228 282 249 8 101 331 47 166 61
114 160 156 34 315 171 126 153 20 238
95 138 270 107 194 192 159 153 9 302
19 86 185 262 25 46 71 19 31 201
192 196 223 130 184 180 120 82 190 268
21 75 145 163 120 123 34 308 38 191
254 144 247 58 91 123 188 217 267 266
35 84 295 266 8 313 240 57 192 133
82 73 103 229 194 127 39 122 91 167
39 299 202 243 188 26 6 262 169 158
193 330 9 116 216 181 315 177 138 341
21 336 47 135 186 224 75 107 31 7
