10000000 10000000 10000000 10000000 10000000
3180 1475 2658 2060 1682
3587 1569 440 2751 1496
1659 1272 1934 1575 233
3548 2043 627 2067 2334
110 1969 1793 424 2851
4019 3359 2025 3076 4313
2679 3595 429 1429 3889
708 156 3331 2747 3067
3783 2909 97 3450 584
1286 1351 1144 1591 2079
775 1847 3500 314 2145
4153 914 451 2885 3324
2090 1873 3873 2768 2379
512 4144 3497 2206 320
4437 3632 2532 3176 1524
429 155 111 1318 3857
1874 1348 3534 277 3256
1904 2418 173 1148 360
721 2817 87 4414 3754
1367 4528 943 1412 2250
456 126 2994 1074 2959
341 2587 4261 1723 378
2853 1439 2187 4510 1966
1525 4150 3308 3730 3347
1634 4048 4234 4507 2077
2217 2361 4518 3448 1708
2244 3226 1497 4543 608
1948 996 4367 808 2082
718 96 2645 213 3407
4029 1062 1955 3456 1488
2628 2660 4403 474 744
2027 2190 2265 2167 3506
3502 1370 2280 4179 455
336 3473 2145 2417 1174
874 1385 3698 3608 1883
1583 4027 1243 2255 1780
1177 147 3420 4486 2591
2908 1997 3570 1392 3491
4519 3720 4162 4511 1567
192 874 3689 3027 1567
1862 2345 696 239 356
525 886 1401 3485 3739
496 3545 2538 1457 535
695 586 3717 922 1731
276 4096 1988 592 1170
1764 2236 4283 2539 795
2689 3717 1585 1301 525
2967 4268 2458 1230 2208
1246 3586 2636 2102 3645
1957 4351 4289 444 4222
2851 2690 1175 3879 984
4023 3044 2065 3316 3224
3964 451 3022 4265 2851
1925 441 1349 434 4344
3708 3382 2693 1791 3917
4538 1768 3119 1541 4318
3307 4187 2207 293 2259
2802 4481 3804 875 1379
4208 4154 3112 1794 194
4405 1340 3173 1321 3378
2218 3682 712 2366 1059
1363 2780 3309 1610 3174
2166 2159 808 3150 713
3249 1408 2947 475 489
1797 4001 963 1823 2871
1501 798 2077 2908 1578
1906 4429 2377 1363 4139
2285 1600 2814 4535 562
2384 740 1546 450 2541
2744 3172 328 4341 3488
1738 1564 1668 839 2370
2639 3740 1320 2842 1930
1427 2114 2095 4055 460
3954 2416 3699 3000 3931
3898 1407 3665 1217 4290
1511 1570 4030 1004 2826
3211 1778 1895 2523 1157
2754 3983 3367 2235 2110
1955 1446 3484 4537 3416
1937 1993 1419 475 2356
3187 4248 1135 1222 685
3542 1637 4406 1171 376
1907 1293 1965 973 3546
766 992 2555 1634 910
1608 192 3572 3004 242
351 3299 222 127 2208
1874 1552 1392 1763 2202
3248 800 475 3741 3403
1338 2241 914 1719 791
221 3009 1324 93 2643
1071 345 198 149 4449
453 3992 2852 3418 1262
594 1763 2051 4035 1581
1158 241 3939 4283 1745
346 4041 2125 204 3035
3346 265 1459 1282 179
1560 1426 2729 2858 3795
2335 1623 1703 1132 632
3406 1166 1017 2783 2028
10000000 10000000 10000000 10000000 10000000
1242 3728 2625 2545 3793
682 671 4354 2212 1857
2520 1096 1515 955 660
3388 271 1692 1755 2288
1952 3891 2832 3426 2415
1534 3537 3334 3049 2195
1356 1940 472 4544 3396
489 2982 4373 906 3354
1292 3101 1837 513 838
2359 214 654 2194 1149
2152 3607 717 2021 1472
683 3183 3530 1410 2962
1115 2334 4131 198 300
2963 1072 875 3549 592
794 2786 2757 3385 2619
4128 1002 2374 3665 3236
4061 3091 1949 2280 4293
1449 3463 350 1950 1918
2774 4237 1447 336 1150
143 2187 1177 324 3042
1089 1148 1539 3094 3728
220 1326 3162 2432 2019
483 3169 3521 740 419
3379 3395 1345 1220 2392
1777 4149 2282 250 1391
2748 2452 2963 229 1185
3362 4298 642 2629 431
685 624 4355 2335 2065
2658 3242 3961 4013 2295
816 399 619 4375 711
3001 609 4006 4279 625
1914 4385 1804 1585 2681
847 3002 2231 2444 267
2129 2680 1478 2448 2470
3028 1594 1455 191 727
2604 1545 3680 908 4140
203 2079 2742 4499 3677
3926 249 3969 2266 4082
1848 3542 3375 670 1400
1666 4060 2086 2612 441
3254 1258 1101 4061 409
1934 1885 3037 796 754
1982 596 2495 3382 763
2548 711 2743 1115 478
562 251 2689 756 3850
2087 3766 2322 4340 2077
747 2790 2283 1070 3045
3185 238 1781 3790 656
3568 584 693 4008 1700
1572 3466 833 1320 911
3787 2412 1611 731 2778
460 2595 2411 747 2861
4032 1744 746 3445 384
4152 1529 3551 3033 962
508 1257 3516 2862 388
4301 1445 440 1710 985
178 716 4091 2472 2363
2822 709 568 1607 1650
2222 288 125 4542 1394
292 4228 2339 458 3588
1202 2067 4329 3546 1612
1116 3336 3150 1601 353
3699 1428 4373 1289 194
3018 3284 2587 3254 4119
522 1422 4540 3153 725
451 442 1169 493 3093
2511 375 4135 4251 2123
553 3746 4356 3947 2839
878 512 496 3511 539
3660 475 4156 1803 4225
3775 1674 2862 2518 1228
1797 2915 1628 1271 1350
1313 114 1580 3434 4409
3686 678 1049 160 2667
2671 3842 3080 1265 4297
1491 653 1619 2096 4237
635 965 2965 2858 4040
1418 3872 4073 4033 2292
3175 3190 1714 1896 2963
402 1470 2560 600 1288
1110 4443 4299 2494 4142
4127 1947 4492 4193 3514
821 2038 433 989 3747
1721 1559 2019 1478 886
4518 1900 1386 399 3865
822 3483 951 1311 1701
2939 2844 310 2348 3688
1922 3658 3558 1983 1186
2809 4003 2783 3325 1146
4496 1136 2470 4455 1373
751 3357 1331 1932 235
2926 4061 750 4291 1557
2659 2136 446 2613 2669
3277 3459 3854 3895 2995
3164 4461 3217 1296 1996
3531 525 3573 1438 3536
2597 1172 1104 3824 2376
382 2904 1626 2575 4137
1936 4188 1356 4180 4407
10000000 10000000 10000000 10000000 10000000
198 2245 1444 4431 3932
2420 4521 2406 2861 3294
2470 4114 218 4322 4274
2823 4071 746 166 653
1153 1611 3963 3329 1390
4257 1724 1816 2487 1890
619 1379 2145 287 4381
4472 3400 2511 859 2645
1186 4253 2343 2124 2530
533 2911 2350 2248 363
1498 997 2817 4082 3907
449 1916 3854 3987 2187
3798 3521 3379 244 3967
1448 2145 4145 2807 916
2038 542 2956 4304 2132
3697 163 3753 1285 186
85 356 1321 887 2928
1511 2741 3579 3188 4065
1823 596 2654 2259 2655
3023 771 1354 3354 1880
3989 1706 627 2331 516
2115 591 3086 1872 3199
2593 2402 3124 3268 3322
446 3282 4166 4367 4413
3417 2762 3021 1461 1883
2679 3070 3320 1645 4178
4264 1789 3012 660 4495
381 1230 1847 2380 4456
2360 3154 506 2360 2789
4418 3252 3140 4332 1926
833 2184 886 946 653
3458 2922 3320 4526 780
2811 2271 4048 2743 2224
1821 182 657 4459 2436
2166 2938 4211 834 507
4080 4064 3422 429 3132
897 2418 4542 2403 2008
3852 1731 2848 561 3718
1372 2497 4424 1733 4065
4120 3771 2273 1881 390
2756 285 974 3314 2792
1721 4496 854 2881 3664
634 2725 3500 349 977
2622 1191 2093 2589 1522
1548 2209 4270 3798 1003
1487 3005 784 3746 3282
2389 3736 3440 302 115
2796 105 3609 877 1336
3039 184 3169 265 2697
3737 3276 3095 2068 2687
433 4441 1216 3492 4259
2124 185 4249 2111 802
1484 4542 887 3845 260
3214 3057 324 1962 3738
1541 283 2562 152 2630
4318 3850 1056 4538 2403
2198 2476 1092 2663 3590
2117 4258 3784 2953 299
825 3031 1004 3240 4479
3530 3257 3969 539 1877
3289 200 4377 4314 1352
1485 4202 2144 2825 1405
2240 3661 3914 154 2880
2755 733 2735 638 3370
349 3831 1865 3681 2663
342 1215 2671 94 2686
3240 3680 3174 4180 3922
2889 1387 4502 2179 1802
4256 3843 4156 2592 2474
1301 3717 2291 2406 1454
4542 1551 3079 2422 1749
3259 1745 472 1735 4139
1991 2256 824 521 2993
915 1299 1774 3035 1090
1072 4283 1256 2783 4127
898 2787 1360 2838 3203
3934 297 4214 1127 3098
370 2913 714 485 2748
2403 4245 698 3389 2379
4376 3317 1212 2942 4418
3503 4136 3395 3731 1501
4516 1460 3941 3792 431
3696 2668 2964 1834 2121
1693 2595 2901 4172 123
3765 2097 2345 2418 3755
1031 2753 564 1645 2616
3440 2662 2520 1206 2063
2147 1894 231 4395 2110
1273 4038 2220 2981 2755
2496 1167 3530 1435 1278
3056 1524 3458 3889 2928
1424 1239 324 1287 3544
1622 540 1225 1880 4013
2349 1272 2183 1221 2327
506 4452 577 313 4101
1072 1537 4039 2340 3116
3385 857 753 3496 2501
1423 1985 2782 3392 1811
350 844 4270 3299 3367
10000000 10000000 10000000 10000000 10000000
2036 2281 3110 2178 1136
3392 4529 3312 3362 2031
583 4169 2333 689 505
945 3177 2622 4321 1036
4236 1437 4342 3522 3781
3114 476 1268 1415 3030
946 994 1412 4271 1573
4295 2051 2810 4493 3547
4238 3533 3041 419 2773
2653 772 4415 3495 1534
3345 2976 2042 962 1553
1473 1101 3541 3333 2580
3444 320 891 2153 2719
3212 1908 901 3654 933
1292 2351 4017 2928 2226
3864 2295 861 2067 3783
1181 3187 1243 124 4016
130 2846 830 522 2313
4098 1395 1150 3591 1395
3411 1670 2066 1204 1115
2509 2635 3017 3408 424
3325 1786 4217 1411 2288
3035 1143 2186 204 472
1687 2876 3205 4448 2393
897 3520 1348 701 3753
853 1439 2021 3269 3252
1217 4225 3302 3197 1462
367 624 2848 304 3887
4378 811 3504 3799 867
4432 686 3395 883 206
2882 1555 964 1923 2270
301 574 108 2436 2746
480 4243 450 1502 1877
4122 1426 4289 1705 1130
2133 1839 4368 1922 2121
1092 215 1333 3230 3514
3492 3223 132 4422 4018
1876 1180 227 2200 1074
3427 4428 1401 689 3520
2743 2894 984 613 136
3178 528 400 3695 3698
4364 168 706 2797 627
1032 1621 2817 753 3093
2919 3127 3726 1960 3278
3740 2378 881 133 4237
545 2549 3420 2820 2730
4186 3819 3252 4010 3175
1696 3777 1374 3160 1188
3953 4126 3530 623 2833
2478 4390 3482 122 2068
3351 3669 3055 1833 1999
1203 3284 1947 850 684
1116 3613 405 1643 3140
3473 482 2942 351 1795
4424 379 3580 4108 3006
695 462 1489 3703 1764
2849 865 1951 713 1877
825 940 2921 1246 3815
1327 1011 3508 2100 721
1255 635 2978 708 1138
2578 349 3955 1813 4290
3750 1489 915 770 202
1313 3009 1984 1573 600
3286 3665 1752 1813 2161
4183 2640 4178 2595 4332
2430 3721 1834 731 4327
2710 4147 3555 1449 278
1152 1120 4353 1779 3769
1577 2972 481 1874 2084
3812 3945 949 3992 3857
1346 792 3434 4351 1830
4517 3080 976 2102 1853
2760 2290 3658 639 3436
3274 1625 3692 4259 1464
2470 478 3538 2803 1952
4075 2291 3079 2547 865
1972 2668 3225 1027 738
4322 3108 759 1440 580
1477 4427 2166 825 4206
3512 2828 508 3527 1025
3719 1561 103 4091 1580
1689 2154 208 2368 3499
3079 3304 4456 3278 3286
914 2921 3459 1353 999
149 1001 672 3070 1956
4096 3747 4002 3028 1240
2107 4336 1942 525 2368
3287 3564 4323 2285 1462
3330 1362 984 981 1960
123 210 2041 4036 3425
3028 1402 989 3673 3271
1340 584 3029 2033 3808
3137 2166 2776 3168 2607
3483 1302 985 513 2417
1122 3405 1936 3869 2790
199 2534 821 1993 2799
4244 1996 1819 2795 1311
2009 4534 2673 4399 1510
1156 3731 3906 1290 3667
10000000 10000000 10000000 10000000 10000000
1911 2666 1123 2701 1185
4538 382 4279 2559 2260
831 599 2412 1505 1298
1512 3354 940 3291 1412
3994 3074 2002 553 1979
747 3118 2173 280 102
1691 3423 1443 3748 4010
2101 4097 2952 3097 4137
3946 1625 3086 2173 4197
1875 4517 3667 2262 4130
606 544 3477 2421 2320
1096 2807 678 190 1267
1344 2303 3200 293 4019
2801 4010 2306 3957 1544
1552 3865 634 4199 4274
961 680 4033 1138 994
1174 837 3612 1635 1847
3956 1102 1479 537 1695
1814 4389 1380 4402 2680
316 3337 2523 1048 747
3264 3538 2659 2989 4146
4364 3740 3188 4211 3230
4427 2584 2560 1717 2639
1163 1441 2027 1024 3452
1532 3991 4442 3321 1334
3886 409 3249 2540 2933
2867 2162 4512 569 1319
2933 1123 1245 2390 926
1498 1364 510 3426 1687
2313 2610 4162 3281 4501
4078 794 4172 3241 3659
3193 1563 2163 4132 3361
4183 180 1914 3802 3470
2668 202 2693 3990 1242
314 3300 3418 3646 3468
1675 2906 2584 1933 1947
565 4122 2615 4206 3760
4438 2256 2416 3485 272
1734 4204 2039 1062 869
904 3197 826 574 4514
3737 3910 1233 4306 2513
2094 1989 4179 3532 873
3297 4122 3040 569 3851
4047 1047 1481 2632 610
4522 4310 2196 2263 2068
1743 647 3699 2766 303
1653 4157 1314 3478 3226
3539 345 2710 137 3346
2825 2387 2898 2765 2114
4172 857 2195 3366 4179
224 1630 2801 4462 1660
1318 1525 490 4382 4071
3469 3061 3877 2342 1970
2358 4312 4120 2072 433
1665 4055 687 1595 1996
2824 2077 1984 3175 2824
3930 1440 1374 2091 1113
2013 624 4423 2629 928
769 143 2454 2673 3924
1419 675 429 792 134
295 4022 679 3164 2630
798 2682 4072 4318 3074
3789 2039 4033 3842 2562
2176 4264 4462 2060 1950
1194 1128 4312 3160 2352
201 1718 1600 3009 4290
113 474 1050 1837 1592
508 1476 1405 4110 2834
864 1609 4307 1412 2512
3424 1410 4103 2884 3298
1311 4317 4298 2825 1023
1203 942 3470 2565 2614
1313 3324 2043 3038 3591
1302 2431 3734 3745 3551
3615 1983 1210 461 3642
757 4188 3398 1600 4409
4477 2351 637 2399 3587
4358 2462 1209 296 2992
2934 3098 1371 1863 3269
3952 2718 4032 1982 981
1416 1018 3116 3672 2566
1959 722 2978 2185 1386
319 3785 4370 644 1705
3971 1969 3387 1518 3593
1065 3467 1382 2456 3040
1076 475 2118 3535 4452
289 733 169 2412 1834
1391 2808 1878 1204 1991
3922 2462 302 2116 393
1354 3153 790 4236 176
1156 1661 4234 456 3386
1910 3247 4032 1825 3557
4462 1802 581 3604 3453
3178 3510 4373 2503 3261
3358 4180 309 4098 846
1027 2928 3040 660 4298
3161 1867 3248 1912 549
4183 1369 2524 114 2919
365 3685 884 1993 505
10000000 10000000 10000000 10000000 10000000
881 272 670 144 3215
2640 4272 3219 3161 127
3873 2055 1983 3381 2665
1021 2542 997 343 1810
3109 585 1325 2719 894
3342 1016 3724 1729 3711
4388 786 2546 3792 3466
3024 3562 2548 1537 3247
4525 1687 4186 670 2573
287 651 2780 4157 3905
2144 3632 3393 4525 4361
2482 1228 1739 2703 802
2925 2848 2474 216 2060
4049 4528 323 3737 2556
2118 556 1110 2906 4521
2189 1899 661 2525 3731
733 728 3218 4012 4499
3370 2199 1192 4266 3949
420 4224 4229 2482 468
1001 2842 248 3133 1951
2891 1961 3769 1728 2780
704 1198 1419 914 2296
520 2302 3543 4298 2243
2715 1700 3665 849 4453
352 1313 2497 4446 785
563 3833 125 318 4311
701 3802 1380 2458 699
194 2330 4074 2279 2438
2773 3536 3131 1721 879
3587 4034 2573 160 2315
3782 1527 366 1959 1490
470 3565 4272 4484 3947
516 3774 2869 3022 1507
181 870 2314 2293 1732
4021 159 4513 107 3191
4454 1560 3535 2846 1502
3384 2769 855 2648 299
2970 3140 3414 3691 2522
848 2229 1034 3130 3222
2382 1363 1070 3936 2944
3872 3427 659 1285 902
3440 1227 1342 3289 96
695 2472 139 2169 837
869 3412 3165 372 3224
559 226 263 1996 681
1460 4045 1333 1692 1877
3537 1574 2237 1572 2252
4000 3743 3262 3611 2858
2778 4012 3274 3040 2624
914 4395 739 2499 443
1123 3364 1671 2485 324
1241 2012 4293 2518 1590
1211 3064 2827 3272 2114
133 2101 797 1301 4534
428 4094 3353 2450 1939
4502 2024 810 473 1818
1860 564 2839 508 874
604 3204 1939 119 2923
994 3498 896 974 112
2772 363 1106 473 2473
4283 789 4079 2362 2709
2408 236 2411 2231 3498
3627 107 1505 2069 195
2936 1678 3008 3948 122
1491 793 2786 1467 1906
1592 3989 2014 3500 882
3994 2418 3565 3782 1094
1768 3784 3836 424 2756
4433 3830 4256 2112 2525
1779 1074 3198 1203 1059
2144 3782 4529 364 506
3088 4094 829 1019 2307
4391 3828 2286 2951 3790
3722 623 2811 3012 2512
1838 4236 791 3163 1943
972 3629 2655 2239 2205
2284 1866 201 4473 2584
2340 2696 2613 1924 2842
977 4071 3176 370 901
3448 1041 2506 1591 214
2392 3265 3571 2146 1072
176 2932 3206 4114 2837
718 1259 1684 2857 3825
3879 2610 4451 264 928
191 562 2846 1225 2374
2838 2026 3401 1720 3078
4056 720 2781 3210 3868
2699 1975 4404 1237 1169
1421 4445 137 3178 3701
2988 1422 3097 3942 3886
3841 2599 1522 2353 422
4400 1558 3574 1871 3403
3119 4345 4227 2749 321
3038 1965 2999 856 1307
3785 267 2689 3472 4241
2508 4269 163 1457 3672
869 405 576 3383 1709
3354 1816 466 1090 2585
2662 2303 380 2014 3788
10000000 10000000 10000000 10000000 10000000
4514 3525 1607 3757 1182
3734 1499 2866 4094 2798
729 302 3457 1810 2588
3811 2798 2113 1702 1965
3282 2015 2566 1935 2378
497 3526 4417 2214 2225
1127 1273 2932 937 2641
466 1254 1185 4534 926
2237 3578 1311 3206 791
127 1380 3502 2236 287
2680 1050 1263 3218 3301
1014 4192 1525 2245 2557
4316 2451 759 229 333
4527 1881 4217 555 803
3115 2670 3515 1408 3434
279 767 3005 1912 4421
3526 3250 4462 3368 2559
3209 291 199 1539 1395
4360 2101 4140 4494 1730
1317 1532 2275 3545 3649
3193 971 3953 1531 2477
1050 3412 898 4421 3709
2135 3834 1340 4036 2772
1677 3129 1151 1711 1289
952 1505 3631 2056 1124
2122 1991 4190 3096 3993
2540 3087 754 987 1861
1034 4394 3425 4495 3700
464 3162 792 3950 414
3004 2353 1846 4280 797
1328 3059 1391 2534 3941
2316 1222 1930 1192 770
2080 1597 1071 1154 1339
317 2837 3480 4194 3407
1794 1581 4534 1184 3912
927 2187 638 1731 1916
523 4146 3915 4377 3295
4506 1430 84 1945 3587
3299 1073 3350 2850 2035
2786 3292 974 1080 3881
1261 385 1980 2684 4011
1675 3132 2138 2062 814
2078 4252 2378 386 2823
3058 1597 2711 3519 397
2862 103 1361 1822 1081
3394 4342 3268 955 1261
3461 1286 262 588 1587
4445 3335 3034 1178 334
4093 1138 2456 825 4251
904 1780 2021 1073 1112
4255 4332 780 3109 3715
3080 2955 951 2374 1898
3515 3249 2139 3392 164
2949 4298 2551 1442 3748
177 2916 2720 1046 211
1979 2459 1684 4277 432
778 2416 498 3560 905
2882 558 326 1573 3963
3641 4090 2670 3724 1081
436 578 3974 3299 2504
641 3242 3919 3942 1629
536 2033 883 653 3949
2541 1704 2706 3905 1770
2534 3913 4356 1439 1318
851 1308 3718 666 1386
1066 4451 1773 1274 995
977 2135 2091 257 3252
1432 3832 2705 2918 606
3429 3636 2875 1881 2033
2353 3327 890 494 693
1704 1516 582 2717 1849
1159 1757 953 534 202
2346 2682 1252 2220 972
1126 2986 2477 1240 1064
2479 809 445 1772 2679
1666 2224 3843 4485 4158
3810 1879 3818 2500 1936
1287 457 2462 2266 408
2655 3529 1226 183 2508
3289 4363 159 4522 1094
832 3062 871 904 3075
2876 4036 1309 2397 1859
3275 340 958 3344 1234
233 4455 3293 3641 3038
3363 915 2996 905 4216
1341 1980 4150 760 2869
2409 1058 1173 868 2879
1258 2046 2365 431 3446
3768 1135 2278 3194 3471
453 4134 294 2263 2270
2435 2938 1215 2373 2531
669 715 1581 2941 1829
2173 1737 1781 4025 1818
372 224 1873 2653 4154
1963 682 3767 3319 3076
466 4375 2860 4423 3421
739 3637 2538 979 3915
4520 480 763 1961 546
349 4079 2835 1702 4141
10000000 10000000 10000000 10000000 10000000
2700 591 3405 4386 2378
1888 3807 3420 3481 602
1754 315 1677 1439 4099
434 3511 2120 409 2669
957 1731 2255 3418 575
3545 3671 778 380 110
3447 3301 3937 1568 2044
2687 527 3890 3398 852
1368 2051 1262 452 902
947 1040 4087 3411 1295
3018 4217 4024 1175 2047
2274 2523 4258 3282 4519
3406 4341 639 889 3921
3944 711 914 4081 872
1679 2075 2744 1933 3980
3019 2982 2872 1042 4417
863 940 725 3364 2595
3954 4516 3583 840 1788
3692 435 407 1199 3381
3785 336 4436 4398 3917
4284 3891 2555 1972 2331
3142 2564 1927 2668 3723
3391 659 4404 1208 430
174 4461 256 3586 3174
2517 4523 573 4173 193
2658 1093 1818 3078 2209
1817 2893 985 108 3700
2194 2596 3486 1471 1897
1759 4165 2536 2999 1628
3972 2817 2199 4066 3029
413 2153 601 3849 214
2084 3532 3722 1008 2065
2897 3463 3795 1103 2452
2280 4014 1811 1735 4127
2107 1946 1528 1894 1295
722 4341 1013 2734 322
2831 4260 2152 4496 4250
607 2922 3743 753 1191
2399 1621 2061 1426 3998
430 189 1847 101 902
2968 2237 515 1817 4339
3581 399 2029 2091 4145
129 1793 4318 576 4436
3266 3522 2407 2332 1964
2311 2793 1352 3962 2089
2745 1996 4208 4254 3515
3923 2691 4281 4500 1451
589 2509 1764 2297 4311
3373 3887 3600 4297 3035
3581 3011 2071 3608 2410
913 458 3655 2623 3237
1868 3925 2371 302 3088
2432 4431 3218 3679 289
1624 1685 4110 1536 4056
4510 1530 1432 879 1227
1168 4397 378 1134 4356
930 4029 4308 581 1116
1069 3202 3597 2122 1886
248 3214 3427 4236 2478
4373 2685 2504 3780 4077
3446 2376 2497 2247 1198
3207 1036 890 450 3228
2280 3754 4268 3530 3018
2677 2710 789 3350 1290
4310 1157 1379 4013 228
141 3407 998 1749 2226
3455 2615 3493 4302 2104
2314 224 3363 1518 3279
4188 1091 1237 1235 3641
3291 2032 2781 375 2973
2344 614 231 4156 359
1641 4044 4050 585 209
2927 1476 979 4186 4395
1552 170 1700 323 4424
2765 3540 1358 239 3495
1354 1135 2643 2311 4198
2890 3163 2145 3173 3154
1797 3937 4040 2309 4014
1424 1131 3016 1387 344
1575 1336 1395 2513 678
2646 3565 2295 4539 227
643 540 3185 596 2231
4122 449 1581 849 2195
425 194 2925 4480 4087
3448 2193 3539 341 2769
2550 1649 3074 1449 1929
2023 2005 4039 2223 1448
4199 181 360 1168 4287
323 205 194 3053 1262
2807 2169 314 1159 4282
3797 2923 1133 2215 3598
2916 3158 921 342 1465
4537 213 2667 2482 2599
2291 1905 1563 2696 3400
255 959 2150 177 1330
683 4144 3397 168 3428
1019 1057 4256 156 1874
773 3389 3443 1284 2578
796 274 4060 3978 394
10000000 10000000 10000000 10000000 10000000
2042 1673 2360 3102 2505
552 1821 3472 2674 3703
1223 3223 240 1034 4195
4062 2526 2115 1370 2733
3828 2669 3887 3759 3947
2252 4411 1498 4013 2752
3762 4488 3975 1611 90
816 751 1095 896 2187
1117 3179 1844 3647 3865
901 2435 3918 2244 3478
2170 1302 456 935 2286
3094 2118 1638 2527 437
3099 4015 667 3827 3123
322 1539 2043 3911 238
2090 3072 1162 226 1580
3274 1116 483 4424 2044
1786 3752 1358 2015 3964
341 874 1197 2757 1694
3441 770 1761 4146 1599
3367 481 4517 4038 4284
1254 1157 923 1065 2973
1221 639 1723 1997 2266
1985 2739 2815 552 1905
1096 88 2373 3480 1465
2098 1007 2773 1325 3330
1835 2699 3569 2948 1714
4356 2621 1834 4218 3313
2550 1412 2753 3418 1225
4358 1095 942 284 2706
3853 1388 1983 1570 2636
3806 1364 3580 3230 2538
2153 1314 891 1125 3444
3204 1731 3943 746 2716
2908 1363 4447 1402 3209
3982 2312 3768 1301 2656
3984 1224 3680 106 1907
3277 4264 3483 235 2628
4409 3248 106 3022 165
4218 3901 467 4342 3742
3758 3882 3328 3496 3776
3587 507 329 3173 1894
3591 3853 293 3308 2779
1682 3573 4068 2766 1541
1269 200 2569 732 1311
3380 1677 3309 1667 2021
2676 3217 3909 860 450
4220 3525 1930 507 3655
251 282 3541 340 885
3875 1538 2812 1849 4500
3205 3794 3042 1255 3710
3106 4002 3961 2566 2315
1421 2907 2897 1082 2250
1639 2706 722 2870 4531
1876 2736 3384 2484 2308
985 1293 1743 2310 3935
2537 4464 2429 3670 415
3024 1371 1146 1824 2300
3835 626 1604 3878 2296
2877 1667 2985 1826 2091
1113 3345 198 1506 1118
3525 3238 1044 3907 2876
542 4448 2928 428 3246
622 156 107 2110 989
3170 1767 3098 3241 176
4402 1444 2575 1962 3480
2342 3638 2122 183 830
871 3584 4377 1237 432
544 3101 2603 1118 1760
3394 1559 1052 2036 3767
3848 764 4321 2924 3880
3888 2078 2280 3741 3383
1439 219 1590 2831 1067
214 2923 1975 484 415
3347 1416 1038 426 2610
105 1853 1099 3499 987
1637 2171 4055 999 1378
1854 3556 3428 241 3881
2622 1935 1998 2579 3474
3384 4140 3941 2335 2869
226 3974 1641 3719 1551
333 3978 500 859 4338
4206 1600 478 1865 1041
513 3122 1532 2258 761
3025 1639 2045 4268 128
2992 3405 4254 2277 1938
1617 3597 1346 3257 1802
1886 3929 3092 928 628
1191 972 3379 420 1225
4397 3996 4416 2240 4091
674 2016 3532 2605 1361
4454 1583 3937 3383 3230
377 3282 1316 2482 3957
1171 2193 1643 4135 1204
2918 3639 1685 3787 2737
1429 3567 1784 2341 1937
3857 4155 2901 146 986
4328 4360 2157 2584 755
3995 4434 1987 190 4263
3870 3087 2681 3901 486
10000000 10000000 10000000 10000000 10000000
3674 797 3187 562 3195
4298 2811 921 1454 3442
2259 827 1439 1070 2836
1947 296 2252 2133 1233
4219 774 1343 2507 489
4261 4325 879 3136 1842
297 297 3523 675 400
546 4323 1590 2867 2517
650 2967 3892 1677 1409
3121 2362 3310 3490 3832
4510 3180 4278 4497 3779
192 4312 509 707 4149
3432 4233 1215 2713 4411
277 2610 2063 1311 2299
3656 3335 1164 2343 1645
887 2357 1518 846 2191
3777 1502 968 4115 3310
4172 3036 3846 3332 4062
1709 2247 2893 2506 2244
1094 1829 3417 2902 1099
1636 2314 155 2553 1200
188 2522 4469 1627 3716
430 3110 4123 1379 2249
3511 1398 4235 3893 386
3106 2283 584 4468 2458
4402 3730 2460 298 3764
479 1650 2511 1454 1657
1903 3537 948 2929 1484
2733 2159 1927 4380 1831
2760 1134 525 3093 4478
4509 4540 1445 2342 2414
3583 886 4008 4003 428
904 1681 2686 2687 3389
243 3339 3320 915 4222
2141 2253 4417 3705 3222
1695 1448 731 1706 4170
2719 142 4487 3157 3473
729 2556 2147 2239 863
2275 2113 1687 3328 413
3241 878 797 990 2566
2086 1437 1159 3039 2505
3497 4100 4236 3445 2083
2250 919 1629 1725 588
4230 795 225 3909 4116
876 2004 3755 3484 4514
4229 3190 3555 3901 2055
3222 3062 2001 2769 1074
2233 3717 3521 2042 3559
2101 1697 1950 4158 3782
652 3143 1890 1984 2706
1689 4283 635 1602 4164
2810 1795 2604 3757 2448
2925 3262 4061 3449 3376
4117 1918 3997 4308 2457
1463 1451 1847 1982 3898
576 245 3066 3022 1988
3471 4510 1561 1336 2435
3891 2253 2893 2164 2834
1795 2682 4083 457 426
315 1544 4205 4343 1711
3239 738 1694 2658 3093
1459 3470 2325 2000 1767
3317 3592 1506 1574 2431
729 3870 3707 2392 2625
3219 3245 3062 1998 4099
4076 486 3598 4424 3886
2705 2115 2728 3529 666
392 3698 514 1740 1776
220 4448 4213 1097 811
2602 594 2343 1894 185
4379 2523 3049 2696 874
3403 4104 3745 3570 2067
1592 2484 427 3351 1728
4182 512 1602 1987 1467
2177 2743 4113 2906 3057
4078 1624 1017 3200 1554
3878 3200 1771 1264 4230
832 1944 3757 2296 4480
4205 1845 2264 560 3190
1681 3777 2022 3745 845
1073 3677 2609 1393 179
1295 4316 715 4030 3664
2797 1685 1228 2133 2240
1864 4034 757 1423 4187
4396 3497 4505 4274 1473
107 2836 4239 3440 1657
4074 840 4252 2338 746
1660 1782 1582 845 2760
4230 641 1590 2026 2058
372 2578 3299 4193 3714
2182 802 2558 196 1812
1814 4287 3287 1395 2788
2542 3647 4248 1939 1796
1855 3318 562 3837 949
164 3386 4048 794 130
501 170 2842 156 197
3640 1574 3021 4011 2045
2765 2505 2729 842 4261
406 2574 283 2545 3065
10000000 10000000 10000000 10000000 10000000
2032 1136 2528 1781 2887
3668 2216 136 847 3534
3354 1957 85 1906 3635
3582 1186 109 4147 2258
2160 1779 3162 2701 2779
1430 2982 4284 4304 1021
2527 2520 3993 1274 1933
1351 3487 986 4140 932
2750 2185 1961 1681 1678
2861 1585 3044 1412 1131
3092 713 669 2611 3721
3800 3635 1350 3268 130
4500 1571 433 2945 3113
4464 4314 2511 655 4404
175 3919 4066 1071 1012
4190 557 2232 4143 3997
2462 3678 3924 1901 4230
1482 3830 418 1115 966
4504 2479 2584 1563 3290
3167 1139 3327 425 3890
2636 4483 2120 3926 3588
568 792 3599 3957 2975
4425 3539 2599 2944 2121
3355 4184 1403 2281 3813
669 4237 1974 3106 3561
3523 1077 3560 1947 1718
2482 3713 802 1397 3067
4412 1892 1057 324 1856
4302 3825 3253 2574 2476
4002 2336 4523 2632 3460
895 2861 1050 3816 363
1625 429 4438 633 2056
1562 1520 3634 1517 2863
223 1330 450 904 4046
3101 2828 151 3579 1677
2938 3520 4129 1568 3798
2477 216 820 3602 319
4217 847 1031 2535 1513
2228 943 326 2990 1273
4298 2004 1343 3397 4310
1358 2896 1942 1465 4112
540 4423 351 1294 3166
4473 3865 4328 1545 3125
1303 2199 3325 4386 2845
2335 319 3245 4501 1060
2429 1759 3030 3818 563
4298 3172 1506 2816 1739
3860 927 858 1269 3044
805 1306 1728 2217 3407
1911 4270 2882 3792 906
3261 2096 2085 169 3021
4099 3336 1996 3647 3020
221 2586 2934 2247 1565
4436 4027 4247 3562 1133
4435 1413 3297 2699 4137
3579 850 122 3618 1989
3760 1305 3698 2767 1508
1798 1835 1260 1962 552
3817 4411 4234 911 2332
3225 4012 2076 2027 4281
2213 3486 2341 4479 1134
323 93 1307 645 2055
4006 4235 1627 2703 213
3385 2780 917 84 4081
3393 1378 3719 1527 125
3972 3298 294 353 3743
3308 1527 1994 3446 1232
668 2263 1851 2223 3682
3158 3085 2627 1976 1402
825 3981 983 2785 3259
2560 2067 3725 1146 1491
1391 110 905 2666 2587
2868 2997 812 3268 4023
230 2709 3042 2527 1302
1466 3269 838 548 1891
2875 1202 3696 1439 4293
789 1344 1595 943 2200
1217 141 2623 4416 2370
586 4380 1852 3737 3830
1428 960 261 3265 3842
3476 3612 1668 3451 1692
1343 1281 1289 3216 1725
1564 2789 1927 3289 3348
2638 1805 1988 3395 2753
1288 578 3921 907 3229
1429 956 1011 242 3224
703 3908 2048 192 1408
462 2771 913 1047 3065
2444 3822 486 1601 3932
2538 211 1363 681 3126
2459 3609 1992 1407 119
2972 224 419 4051 2040
1234 3562 2994 3092 603
3373 650 1998 3156 3058
1047 3563 4516 252 1812
1891 2062 1313 2311 1481
4185 3074 2579 2739 4228
4238 3051 3048 2927 2443
4390 2458 2308 2451 363
10000000 10000000 10000000 10000000 10000000
1201 420 3331 1724 815
1859 225 1895 746 2509
3374 355 4157 1908 1268
1170 3514 857 3505 679
189 4389 1761 3803 2880
3623 2528 704 2891 740
3968 2907 2884 2874 2981
3512 1263 2976 164 3593
3271 4062 452 3203 3145
4048 593 2305 2670 4188
1010 764 2421 2131 1396
2580 4197 4228 2924 3562
2458 2915 3294 1200 1203
3137 1105 2899 2374 4464
437 2016 1103 1973 3262
3104 1023 3195 4174 2435
3360 2315 4495 4075 2430
1081 505 2680 2847 1379
1120 817 3699 1265 4110
3140 3564 2801 3930 4162
4421 1410 1040 2451 4255
3397 4287 129 2645 2619
2063 3333 2271 3012 4473
3996 3152 1689 1526 4175
2440 3099 4436 3649 979
1584 2823 1939 154 4470
4226 2576 960 547 3173
1416 1839 3421 1410 2598
407 4201 4245 1799 3603
1337 1082 101 2953 3563
840 2840 1230 1013 1798
3561 1483 3277 209 1669
939 3005 3774 4318 526
2072 358 4542 2844 1717
304 476 4394 659 278
4391 773 2934 713 2620
3648 1728 2505 2036 2043
86 1702 2687 1323 3805
841 2589 3763 3665 3270
2167 371 1140 1210 4211
3043 3565 2472 662 2242
376 1984 2098 3852 865
1979 1680 1248 2256 2909
1876 4144 278 4287 4232
3211 2739 979 989 2174
2327 1437 2337 513 266
561 1304 3266 1339 2293
2124 3071 325 2935 1638
3054 3791 1928 4089 3857
1948 1918 729 1004 1890
2828 209 98 3874 4394
4143 2540 3412 3713 1893
1538 1202 1850 4396 4425
3440 1272 1791 541 3800
2335 576 1264 2267 2733
2294 1233 3368 4143 4251
1720 1034 1575 4129 3362
433 4305 3218 1339 3287
1977 3434 1949 4334 3559
3771 3361 3862 2829 4464
576 2932 3044 2299 2386
1260 4543 2268 669 3369
4398 2122 2476 4182 2933
3386 2614 951 3731 1586
1355 530 4464 3448 578
3470 559 1635 4425 483
2415 2361 2860 1902 2247
1116 3569 1156 689 2519
3026 244 1449 499 1262
3201 3339 2109 1828 1025
3316 3079 397 1558 2760
769 525 2924 3584 1145
147 1310 3464 3168 2467
741 445 3743 1810 3196
2368 1450 2590 4046 827
4142 4226 2806 1491 4295
4440 2370 3756 1548 1824
3489 1642 1076 895 2421
2907 600 4459 2493 1450
4215 4527 1984 880 1470
1622 2838 4119 4218 974
1202 111 504 3195 1339
1052 1695 1448 2950 3566
483 856 4071 982 4437
4463 2690 836 1430 205
3583 1457 4246 3446 2715
519 797 2377 544 1902
4403 1200 4175 2789 3858
1817 2363 1591 1423 3210
4152 3973 1924 2929 1762
4434 1892 3935 3129 3940
2493 689 2544 3980 3229
3054 4040 1365 3285 3905
4147 2602 757 3619 2770
1866 1587 723 124 331
1098 3978 361 1786 4461
1081 625 1342 549 1800
3481 3816 2758 3439 1282
2904 1984 879 2088 3973
10000000 10000000 10000000 10000000 10000000
358 932 1994 242 2636
502 2760 2362 1878 4446
4135 380 2239 777 1127
4100 4231 237 3480 750
3374 733 306 2164 2630
432 470 257 1003 606
418 3035 915 3147 1215
4481 3504 241 3719 3446
1309 1570 1236 3310 791
750 2980 4068 2010 3966
2934 195 3337 1029 835
2317 3177 2286 4176 3062
1309 1821 1939 3488 1312
4130 3667 1761 3288 4091
3504 416 1663 180 1147
2437 1526 4204 1418 361
2751 971 3949 3858 1076
2233 1353 2505 1931 2895
3046 2025 834 3398 4193
940 2317 4313 3282 2722
3801 2940 1752 2729 2727
2033 3279 1823 3332 292
2585 1076 1859 687 615
3050 4305 1208 2149 1991
734 2574 2234 4116 2336
3998 1809 3520 1025 3218
4021 1290 525 3294 2647
1167 3820 1564 2278 3873
855 3986 1503 977 4279
3403 4369 912 2744 3418
481 1991 1618 408 855
3807 4397 2062 694 2359
1354 2762 3097 314 3651
3250 1337 1794 308 367
3892 3845 3541 1698 2438
4097 4300 1757 998 3234
1235 3060 2746 3537 618
3561 1142 1792 3049 4118
2866 437 2493 4245 3083
4325 4117 2748 1266 3338
4184 2351 1361 3007 3506
100 1558 3381 4456 2389
4001 3434 2833 4015 3933
1547 739 4041 1269 1106
265 2879 3482 823 1971
196 869 693 892 1134
2733 3134 785 1494 4342
1758 3968 1979 4116 2445
1587 2415 3525 1454 1742
3355 512 1673 2390 300
553 1746 1620 1691 4511
974 2679 2798 2132 562
4349 2866 1136 2895 2267
2683 3464 709 1286 200
348 791 1360 2226 1094
3587 3954 3136 3246 3927
4106 1927 3697 3175 4187
956 2499 1155 4507 334
3408 4494 1567 3224 1513
1245 3850 772 1474 1474
2428 2489 898 2695 1146
3548 4169 3717 3085 2155
2206 2447 708 190 2735
1553 1526 858 2692 1103
3272 1277 577 3803 2595
1328 2848 2257 3271 4404
3583 2099 4136 3377 396
3916 192 3198 2520 97
4334 296 1980 3871 2744
2044 2409 1955 2521 2677
2022 4261 4530 3373 1377
981 2623 3737 1152 2728
103 2676 4045 1261 4493
3846 3063 1488 1071 1591
4166 1400 2922 4041 3815
2357 3482 2790 1389 3157
440 630 341 3489 2012
2916 2207 441 3577 973
1096 2119 3142 1975 410
4260 4070 1666 371 515
1296 4096 3883 3047 1747
448 4032 100 1999 2846
3299 2198 3309 3383 512
998 2710 1335 2420 3350
2659 581 1196 2527 2722
1173 2891 422 487 3998
1514 2993 2932 881 4066
4097 3278 887 4424 3172
1881 3571 615 1400 795
1138 4429 4487 1148 3345
4018 1334 832 4022 842
4290 1770 4084 2518 1548
990 2882 2386 3867 1348
4376 2364 3953 2405 1213
2802 1574 851 354 3281
3955 4079 1960 1626 2747
1635 3048 1781 1593 970
2556 3112 1208 3871 4506
204 3461 2203 4041 3560
10000000 10000000 10000000 10000000 10000000
4407 251 508 3270 1680
3345 3488 3157 3022 829
2725 1802 3599 1723 616
305 2482 2049 1494 2893
561 3055 218 3836 2953
2607 3075 4404 1853 4296
2995 3348 2020 1190 3211
2574 3884 3802 584 1934
2809 1604 2259 3676 1235
1411 1440 1929 4186 475
4006 4296 333 2318 977
2385 2419 1131 2022 971
4062 857 3028 2824 1050
1134 3003 2958 1021 1930
971 4335 2089 1692 439
3769 3082 795 1575 2411
1615 3021 1245 2115 2833
2307 3754 3293 2202 4103
1897 4278 2366 139 551
4072 3974 3599 4073 3370
1667 2445 3203 3276 829
2543 3383 3050 4201 3529
499 1684 2917 2510 1505
648 395 3579 4340 2927
4364 3176 3328 580 4103
666 3546 1789 341 1500
2283 3713 469 1273 3029
4294 4242 97 599 1315
3988 2372 3778 3463 915
296 4125 3913 911 3725
2727 1078 4323 3102 2827
1203 3830 3967 3589 339
2196 991 2813 932 2912
1576 2820 3087 3785 1089
3991 1071 3484 3046 1924
1548 191 3106 4267 3683
2145 1582 4173 1981 3951
2516 2293 4074 2992 1878
1620 1664 169 88 147
1366 2716 2041 807 4454
4056 2864 2327 4384 2926
1228 4268 3017 3518 3148
4105 1485 267 2242 1119
292 2768 3615 2742 3826
1582 720 2519 1807 2469
4277 2138 2695 2359 411
3006 3366 961 1713 303
3325 1696 2631 4009 3346
3371 3428 3655 353 1100
423 3204 3706 1074 1506
1813 267 3277 3018 4238
1454 338 2483 2813 4495
2238 2263 882 1231 465
1015 4061 3667 1081 905
2003 1226 3186 996 2278
4076 569 371 353 3956
2500 1435 1580 3073 1699
674 1025 3888 4211 1847
1534 896 1963 3859 3097
4404 335 1652 1440 2735
2702 1705 3801 2561 100
693 158 1764 4354 1402
1037 1933 2079 3399 895
3676 3808 1327 2642 2316
1332 1237 1428 3008 3453
104 1139 1594 3896 800
2034 352 3946 1780 927
431 585 1767 4064 1599
723 4404 133 625 522
3977 651 2607 4104 4445
4327 2667 3912 725 3341
2713 4534 2033 3774 3528
3116 1604 383 3877 2030
1419 1250 3477 3593 4410
3888 1369 1743 759 2108
4105 3643 3240 1391 1295
2697 3746 389 737 3193
435 3769 1247 301 3078
3947 2663 2120 2272 3168
278 823 3690 2791 2477
2152 3716 1532 4364 3947
987 2989 797 2123 3062
1280 115 632 476 3919
436 1212 148 442 3920
3515 3932 879 3159 1573
674 4416 4230 315 3858
3563 3831 4129 2354 2438
2031 946 3706 1019 3256
590 387 2581 1823 3626
4448 3057 3519 3713 4133
2613 2804 3774 1870 1639
2669 231 1607 3801 4208
1408 2091 4485 122 347
2692 1742 1265 2456 2419
1949 2326 1095 3716 1563
2077 1068 1894 2442 3027
3945 3239 4330 4513 375
3386 3922 691 3992 3482
1263 4330 1985 2288 1095
10000000 10000000 10000000 10000000 10000000
4536 2595 4359 1050 265
267 2515 3938 2833 138
3041 3686 757 3894 240
1744 3902 3860 415 2024
2337 3903 2894 3676 1175
3741 2631 3094 4282 1677
1048 3384 2321 3892 1212
4416 949 3535 1098 3274
1338 2173 845 1476 2360
1697 2146 790 1669 2596
1484 1827 288 2881 3868
4370 346 3312 3125 614
94 3430 347 3834 3642
1422 4039 3670 1432 898
3023 3893 219 438 3956
3804 3215 551 3553 525
3462 2469 3401 2599 3462
3494 3929 1853 914 2819
4321 4192 2425 3588 2778
3266 3694 1446 4501 140
1789 3182 3101 359 3917
795 3741 2156 3737 2251
1879 1769 3950 1845 3468
4501 1418 932 1768 3361
1076 2675 4019 2915 568
1059 215 1951 2158 545
3165 377 3107 2886 1281
4009 865 1940 1605 2799
868 4100 4538 2285 1404
1914 4226 98 4397 2021
1117 3253 1030 2332 1306
2987 2539 3638 1324 471
235 3147 913 1670 2275
3684 3756 1612 458 1824
243 3294 2258 257 847
3075 2685 706 4132 4441
4459 1731 2256 318 3560
753 1850 3289 85 1529
2311 3613 2679 4115 1133
3211 4266 2278 2449 2222
3014 3113 1998 2138 3190
4151 2939 688 686 3393
3183 478 1770 2007 4319
3347 606 2340 423 3201
1887 1616 254 2308 2722
4391 3172 541 2518 2644
1872 4490 3928 3378 1547
1915 2440 1012 1653 3662
3496 4025 837 1929 2929
2192 2356 126 4167 1268
2542 3571 1874 3792 1583
2143 2861 4348 2495 2494
2120 494 2545 2446 939
4227 1870 1595 1877 1528
3899 1085 2325 3838 3809
1239 2810 3468 738 1980
3232 1648 2035 1207 3286
2569 2518 2304 916 283
1831 2423 3098 1735 1543
1713 2770 3826 280 3796
3363 2950 986 1040 3805
1298 3186 4397 3979 2409
3974 105 2962 3308 1472
2811 1103 4463 1216 3287
1109 2780 2042 806 2451
882 1137 2257 4436 3595
2868 2751 3387 2904 3392
4439 1102 2935 1954 2109
1040 1914 2360 3303 4162
2319 2757 2992 1214 570
3021 2479 2823 4527 3099
3225 1855 1511 669 3560
3218 308 2361 2376 3685
3829 3411 695 626 161
442 898 4069 1461 1258
1433 1944 1866 3846 4515
2816 680 1480 2189 1284
821 3356 1210 3419 3115
115 2238 2156 3894 2334
3141 2745 3234 93 447
180 2228 4129 3945 676
3785 2723 1221 1146 1032
3861 1654 4336 313 1597
4249 3724 3979 2996 2804
1102 844 2250 3797 3935
1094 2386 765 1992 3399
3943 4357 2519 1687 777
774 2766 2563 1281 2903
2814 784 4026 1646 1541
3584 1120 2289 2118 213
2611 1308 3168 3433 2984
1472 3778 3666 3955 745
1450 1957 3481 1834 1458
3193 3060 4315 929 2375
2629 515 4263 3002 748
2987 1047 2007 1991 2979
2049 1547 1279 1262 3219
2545 3551 1050 3994 3652
2008 2333 2330 4481 410
10000000 10000000 10000000 10000000 10000000
827 1847 1980 3911 4192
1261 2432 3491 767 529
4094 3053 2648 1470 464
2878 2002 485 230 2292
3523 3309 2604 2051 1824
2456 4015 4012 107 4540
4471 1237 3400 408 2970
2560 1470 264 1531 1843
1370 262 880 1067 771
1388 264 1185 4512 1586
2719 1657 3013 3281 1745
1521 1422 1911 3320 2127
3569 2331 944 385 568
2508 2648 433 3344 1284
1905 1140 1385 1960 2857
3190 1712 2576 1163 2647
4275 3270 946 3655 4166
159 945 1732 821 911
2686 4036 3589 3213 4416
1218 1871 391 2296 190
4266 3357 1861 3041 4323
4194 4097 2599 4458 1811
559 3164 1820 2739 2186
408 649 2507 2028 2523
1060 2957 3648 3436 2977
4323 2558 178 2218 1013
3705 278 1909 2876 1671
154 2974 177 3231 2277
567 4525 1141 1404 1175
1106 101 3650 746 2832
668 887 3241 2764 1699
576 1865 2792 2021 2314
756 859 4187 3712 3498
1560 661 363 2619 1089
2199 2248 3012 3287 864
2734 1672 155 791 2820
3262 469 4367 1893 660
1496 4309 2591 3631 1911
3573 2141 1679 4079 1220
4272 892 3549 3270 154
568 2560 1703 1522 3032
4310 3933 128 194 1974
4107 2221 2411 2988 2232
2742 3166 945 4462 1238
3258 4136 3445 3470 1158
837 500 535 1110 1099
2865 4033 2270 2202 4135
3209 3720 1927 554 2884
756 3135 466 3874 3492
2289 541 2660 1106 1684
4373 4101 2455 4127 798
3755 1500 1596 3098 336
2266 679 125 3322 4448
578 2895 2546 1703 1455
1649 4012 1796 3676 957
1125 2908 3543 234 2210
1581 100 4412 329 3518
2199 1438 1040 3076 1486
1495 1908 3007 1954 1298
1989 1987 1095 900 621
3458 1739 3256 3192 307
4314 3973 3253 3608 3940
1578 2793 1787 792 3412
2771 1931 1438 1312 498
3429 2218 4512 980 1944
619 1172 4175 4445 1419
3607 2832 3619 1888 419
4486 986 709 4190 3115
2454 3909 2310 3529 2865
981 527 4063 699 904
531 637 1134 3398 4254
1120 2187 1258 163 2732
3395 2075 460 2693 1088
2329 3123 1138 236 2564
3887 2291 3552 3216 415
423 684 2859 4107 4544
2641 2320 2028 3120 2786
2890 1751 1937 2934 169
3486 367 562 275 137
4411 1848 3414 4422 1304
1592 131 4111 4115 3808
1402 4256 564 1807 2663
2659 3050 1578 3670 462
3753 3907 1329 3449 696
4496 4016 1578 2155 3241
817 2587 3681 356 2921
2699 2730 3930 566 144
3312 1351 1143 3096 550
933 3004 4259 2490 2381
2973 2725 3506 2169 3601
3683 4291 2428 3793 1250
4080 3967 3664 4334 3728
2244 1648 1817 2655 3831
1359 259 1234 2777 350
998 3080 3844 3633 979
3546 2888 1156 3531 2348
1707 1256 1188 1923 3915
2073 3486 462 2811 549
892 3163 183 4161 825
10000000 10000000 10000000 10000000 10000000
834 3731 1712 3734 2449
4366 4004 288 2532 2172
4167 3296 3471 4359 2808
1017 1774 4258 1706 3787
1480 3790 1277 3528 3408
634 153 500 3841 1987
2232 3862 3284 1161 2042
3342 2447 3224 937 1352
1302 344 3398 4514 2322
3634 1692 4245 2083 1649
3145 2579 126 2458 3415
2664 3849 1302 906 3831
2133 3889 152 1189 3979
3950 466 162 3025 2584
2071 2229 2277 1138 349
4243 1750 2551 3001 1380
1832 2702 3053 609 3223
3027 3451 3389 1307 2519
1228 1708 4443 3838 1006
3974 4308 4410 2155 2267
3800 445 632 3785 3581
1131 3688 3751 3348 3599
1227 3060 131 1747 1097
312 4401 1659 2537 1038
1647 2753 2807 1958 2281
3874 1483 3756 3008 4519
2280 2572 3051 1686 1650
1406 1236 3240 3847 1984
1918 1988 3723 1364 1447
3702 3392 827 3030 2378
3728 2836 3053 4071 885
4194 3973 3598 4488 1941
3877 1538 3368 3934 1521
4472 3722 3280 698 3271
997 3497 876 1794 1125
1192 3957 3294 3166 1565
3134 1680 1010 1043 2554
2824 545 3686 2208 3273
4343 3989 1472 762 1712
4159 4461 2423 202 972
3130 3815 2764 3557 4535
2823 1374 970 4202 3996
4010 420 2581 3523 800
4529 1681 360 2389 1005
3642 2534 2962 1380 4386
333 3146 2848 4203 125
4201 3894 2340 3674 2104
1957 3860 1444 2578 2386
4463 2423 3345 4248 1156
4484 3974 1209 4316 405
2421 960 320 1880 3355
1056 4026 4302 2130 3045
2141 3108 3416 634 692
3138 3880 896 1350 3405
1022 1770 544 2370 2031
2305 327 1906 371 984
1903 1419 2900 3739 1427
3965 1927 3821 3563 2910
1796 2749 3531 1330 1580
1364 2582 4070 316 2094
1120 4163 1046 1542 2074
4315 1229 506 330 3769
3671 1058 3212 3790 4217
2391 2239 570 2487 2672
4434 415 1944 4210 3673
223 1657 3477 3870 3184
1038 1799 3384 3102 2274
2209 1123 3092 2274 1629
2287 3251 489 2847 3681
1914 4339 3390 1139 241
1095 398 1782 2011 2738
645 602 3365 3540 1007
3041 566 2129 2631 3591
120 187 3701 4404 4351
950 2902 2913 236 4116
2153 3182 3741 4045 3992
2221 3085 2717 3836 1333
1738 2573 3374 3665 2379
985 3635 2524 3309 3341
2340 3158 4176 1931 230
1967 4314 3682 228 3290
2143 1556 3481 653 343
1277 2316 2613 4120 363
2487 879 795 3376 3389
1129 1083 339 1257 958
2137 4371 4045 432 4359
3512 578 198 3399 1183
2428 3360 2971 4122 380
2626 3219 2918 3552 1350
184 450 845 1152 2329
115 382 1721 2315 4205
1471 4500 845 2664 698
726 1647 302 1674 2865
4202 4195 1509 3348 1857
3144 4352 4339 1642 2030
407 2736 4157 733 2535
1902 4167 4149 3224 3094
852 3817 2247 3999 278
3515 531 1690 4370 1390
10000000 10000000 10000000 10000000 10000000
3509 2690 4304 979 2980
2290 3862 3642 4226 4063
3704 3249 399 901 4170
201 2647 3286 3987 1016
1043 4258 2406 3093 4072
3632 538 3745 2350 3749
836 1745 3850 3689 1561
708 3017 3597 1412 1847
953 3155 204 647 4009
3174 3302 2156 2148 2876
2436 1400 4504 278 4301
3437 296 925 4518 146
3263 2213 3985 1538 4319
1521 428 1019 2454 3795
2300 3866 2682 2391 1050
129 3143 3767 3291 1339
3427 207 3752 4454 3266
498 3459 4093 3008 910
3247 1748 3438 1312 2987
2789 4289 1175 1623 1771
2620 2820 91 2265 1469
2646 1872 3355 3050 865
1128 2500 1182 4150 1736
3933 3134 4277 4105 4298
1180 3803 3910 1173 3764
403 956 2451 4191 1730
3545 3909 801 3779 847
659 605 1296 2058 1090
249 2867 263 2153 2842
2210 3636 1202 1985 125
2341 566 3885 3173 640
942 1365 3661 955 552
1304 3647 2894 2929 2899
3033 4471 1884 3752 365
400 3999 3348 3557 1471
1764 3935 2111 3499 3681
2204 4294 4358 2143 4497
3105 2324 609 1459 1507
3309 1083 2634 822 2189
4412 1495 2205 4335 3319
1360 3142 359 491 3480
4485 1857 4164 789 2842
600 180 1428 963 4291
1144 3374 2502 3128 2871
1703 2070 342 2663 426
3732 2815 538 3495 2296
1336 1270 1329 2632 3953
3828 2887 317 2456 3455
2890 4141 304 409 190
3095 859 621 4015 3706
4030 2205 1299 4402 464
515 2353 4124 2998 1028
4407 2040 3660 2411 2785
503 1675 2142 1877 676
4065 412 686 1215 464
1906 185 1472 2977 135
1428 1321 2520 4059 3349
4223 1350 3734 3922 1488
193 1490 1529 2397 379
679 488 2613 412 3887
2689 4459 4394 3833 2254
3342 3364 2231 1432 1200
3802 4014 1244 1274 4512
3579 465 649 2392 4355
983 1659 4141 3251 2293
2678 2342 2841 2794 3565
1319 287 1516 578 3009
1867 855 2648 2546 2048
1134 2051 1726 1056 4077
1148 2023 4107 703 1433
325 1054 3528 2856 3225
2978 4310 580 1025 3192
2139 2687 672 989 4139
2824 833 4085 1702 3933
896 446 993 1151 2610
3777 3022 3914 4247 1658
3451 715 2996 1716 4539
3802 4309 1380 2611 865
2930 428 2530 1250 4320
525 1969 555 3381 4254
1149 3589 3852 4371 2687
3899 4360 2869 1739 2438
738 2786 3959 634 2447
270 2186 1701 4171 4199
2104 1148 3036 2770 450
3576 2455 1962 3565 2902
560 4466 1401 4275 2063
1590 4037 1437 2327 3139
3307 2506 3115 2588 2824
84 1736 297 2291 2755
288 3106 438 2289 2639
1208 725 2668 3182 837
2110 3973 2681 2453 1592
2409 4013 1780 2065 2671
4377 1797 2154 478 4110
1051 4282 2696 4200 4523
1433 3325 2788 4388 4130
2675 2765 3126 1341 2030
1189 138 1246 4168 3996
10000000 10000000 10000000 10000000 10000000
2789 88 4266 3638 1690
872 2452 4203 1138 2378
938 4292 4531 1193 3538
418 4463 4005 3587 3675
1677 1219 1511 1988 1048
318 3475 3760 1324 3382
2711 1665 451 2038 1691
3727 1750 1236 2133 294
2111 1788 3699 3598 1125
470 141 2374 4324 3758
2580 2031 250 1660 880
1589 813 3300 128 2098
1362 1145 4479 1823 2904
156 2769 2416 3843 2508
1329 2438 2036 860 431
2608 458 4466 3534 4166
748 222 4200 2779 1037
1774 3013 211 876 126
3870 581 4018 4488 3648
2970 3317 3978 2132 4200
3310 2593 525 2060 2446
1496 2257 835 2995 2747
3689 2908 4131 2307 2931
819 4188 3053 2168 4154
4039 3267 161 3042 191
602 2372 1556 801 424
2135 4154 1628 3457 2510
4301 1622 2523 2802 1954
3757 2361 744 1667 2533
3505 2638 721 4357 3412
4113 1103 2162 1908 1901
2984 1907 2763 3576 3085
1096 2195 4187 3586 3829
689 4329 1082 2634 3697
1058 1567 380 168 311
4414 2622 1762 4139 3954
490 2681 1002 3357 1398
2985 3033 1715 1050 2248
3368 2389 3249 2908 2383
641 1403 468 610 3525
117 3251 1767 4438 819
794 3233 2394 2724 1388
1322 372 1465 1756 1584
1154 2045 2238 3524 3632
4113 2192 1865 3513 307
1022 1223 1951 4305 1335
2776 832 455 2201 2211
4344 1197 3078 675 3194
3917 2399 1385 479 566
1105 1231 595 3907 4259
2108 3788 1045 3083 3769
2851 1102 3147 473 3953
2888 1902 83 2075 716
1874 860 3580 2375 4258
4153 575 3106 2998 3892
631 1676 591 1746 806
4391 3030 383 1635 4366
2695 1460 1124 2348 4512
3307 3045 136 1579 4214
2200 3187 3689 3710 3996
378 485 4252 2421 4484
4176 3082 3513 3043 3370
119 770 1747 1737 2744
4030 3541 2060 383 3525
3732 3354 3064 3596 443
572 550 2120 1423 761
2015 2334 3204 808 1445
3040 2890 1887 1225 2870
4442 2875 720 2482 3174
2566 707 206 2581 303
1944 1663 1648 4044 2049
3951 1939 2856 2067 1137
2100 2370 1399 1212 288
4245 573 2891 4314 3471
223 3842 2932 201 3317
2565 4502 2307 1635 1870
3662 4001 4179 211 4165
2460 3657 1933 2675 3958
3616 3555 3234 4397 1897
1744 122 1091 1850 4418
339 620 4076 3671 621
4124 4136 3400 2862 632
2632 1022 355 1205 4391
4191 827 3269 989 1689
461 1113 2098 1343 361
4513 461 1145 1579 2718
2703 4494 3065 1483 430
1097 2078 2675 761 1938
1969 171 4383 3757 2218
4223 252 3571 2160 2396
2958 3431 107 3650 458
584 2850 3375 4320 789
2536 3884 3530 3279 2866
3038 984 1476 4223 1798
289 2152 3040 565 4465
1657 1359 568 835 2603
1692 3878 198 3432 1277
1039 616 1203 4093 4294
3649 3054 764 1123 2281
10000000 10000000 10000000 10000000 10000000
3473 4287 3957 3782 782
1145 3415 3790 3919 4311
4503 3673 1239 2797 399
3831 3687 1978 1906 2451
388 3405 1580 3316 3280
3838 2104 2023 3247 3067
269 911 1593 1899 3663
1602 997 170 1909 2906
3061 1151 4084 871 2380
291 1167 2633 4332 2431
1191 4516 551 3550 2201
1927 1772 922 436 4443
4417 1829 2401 777 4266
2378 3692 1060 440 1949
1303 3587 3068 2535 2910
2089 4276 634 4050 1965
365 2483 1867 4124 1303
4526 255 1707 1433 2202
931 1382 4080 775 3013
1611 3839 3335 1483 1627
140 536 1775 649 404
3727 433 2252 764 183
2619 2494 708 3953 3676
2279 2794 2495 3486 635
4125 4144 2094 2841 2203
2454 2742 1323 1729 1838
800 3351 1500 3982 1914
3769 1419 813 4371 616
2824 2286 3056 1480 961
2744 908 337 2615 1225
3806 2151 4067 4540 1463
720 1045 3422 3965 2641
1598 3066 1524 3719 2501
3804 4262 2817 187 2217
4064 176 145 3466 1969
2403 2532 2845 3778 2866
199 4164 3465 3450 1796
3940 339 3883 1272 4168
4437 1911 4228 1803 2343
2960 141 1608 1966 2470
4458 4312 473 1337 3985
3388 1596 3462 133 2535
1570 2642 2673 455 1718
197 3942 3048 2798 4326
1516 2322 3487 1803 2876
1876 1980 447 842 3262
2838 3574 3799 283 1245
4414 813 1826 1094 874
1834 4474 879 1234 2728
3145 3441 4140 735 3550
464 653 133 1652 3468
234 1514 1745 4077 2411
1808 3060 3010 3027 2602
3776 1986 2142 159 2429
1383 2467 928 3782 957
3199 2862 3989 535 1996
570 3295 1499 4310 2994
2116 1687 3874 731 4015
2101 3678 3100 3947 1873
2063 2946 3077 3413 929
772 2450 4318 3657 2528
2340 2413 4481 931 4426
3501 3490 346 2712 3197
1005 3295 1418 3008 1818
2782 794 1316 461 572
2845 1440 2891 3389 1422
4042 2869 2274 2624 1798
3828 2627 2355 3682 382
1384 579 2597 190 1933
3961 2952 204 4406 2324
391 390 2577 3381 3807
3544 2735 1018 750 3760
1509 4304 4380 2946 2856
884 1940 1869 2534 1298
331 1230 1060 3662 3525
2883 4208 1441 705 1065
1307 3047 2329 2885 977
4399 1960 359 1282 3863
585 3654 3679 955 3501
690 200 3725 2287 824
4474 3539 1260 1150 3727
775 3387 1171 3773 4118
205 1741 1240 2076 1426
1953 4179 2285 1052 1326
4352 3551 2337 1560 612
2490 2319 1499 4251 2806
3874 1632 1321 170 1301
1622 2340 3314 1132 4193
188 1138 1140 774 3681
3620 3939 844 2566 3042
3187 1528 3603 1370 2979
1872 4289 370 4056 4451
235 2334 2518 3275 1970
4532 3106 123 1159 3224
1719 4441 1763 1024 1830
3180 3116 766 1430 3887
1166 4404 2029 3692 853
842 2587 413 3087 2137
4356 1581 2258 4335 3606
10000000 10000000 10000000 10000000 10000000
549 3012 3671 777 2219
791 4168 3790 3615 2096
4151 3277 2477 1939 2251
3859 4431 4361 336 1731
2196 966 2106 3250 2560
1579 3879 350 2598 1686
3164 3869 805 1991 4315
1057 951 1655 3207 3286
4223 3314 2982 2813 3232
1191 1794 4393 2634 2875
1598 854 3368 2290 2290
1003 753 1630 3144 3937
2009 3762 2924 1000 4365
1610 1897 2793 128 2211
3288 1502 1795 3898 2922
2985 2063 1881 784 800
1391 3312 3506 543 4128
2145 2876 1038 3742 3948
1327 4477 1058 1189 2808
2614 1067 282 2106 3918
4482 2505 3130 1949 4096
676 3550 3655 3098 3106
1283 2158 221 302 2408
325 2032 4251 3323 2227
382 4300 1397 752 545
3779 4486 695 2116 3224
2375 2773 1590 4080 2669
3795 3860 4318 2364 762
3947 2989 1661 1361 2406
4528 3738 1728 1296 4026
2398 1426 3768 4543 4106
4183 1976 1597 2245 2442
1298 1472 544 1161 1793
2504 2378 3595 3836 1548
4517 451 4385 1281 87
99 624 1902 2369 1262
242 186 1401 1978 1094
2926 4088 1352 1612 4010
1284 2068 131 2365 3341
834 1858 3787 4102 885
2875 3876 921 4323 3433
1377 2485 3845 2670 2796
1149 4195 2800 1341 3389
1148 3124 897 1678 3960
2363 3563 4124 2378 221
3340 2271 3435 2886 4317
470 4540 4035 3008 3359
3629 1728 2378 4233 1453
1275 3722 3528 4175 3235
3612 4020 2372 3482 1192
2952 4534 1542 4438 2723
1015 176 4276 917 2682
2910 956 4211 2983 852
3475 382 469 251 2926
4381 2728 1309 3131 648
3532 3614 95 2040 2770
3170 2969 1156 3701 3726
3644 1116 4262 1810 1933
2235 3859 728 1841 1704
4062 2620 4531 518 2308
2836 2507 1968 4313 694
774 3454 1083 1788 889
4187 4339 3819 247 1892
1838 3722 3999 4012 460
235 2789 4223 1527 3359
329 1323 4027 226 3659
3066 3227 1220 1048 3222
2599 1843 2427 1074 1021
4242 1199 3037 4063 1711
2907 82 3584 2606 4267
1313 2100 581 1061 387
4522 2845 1208 2974 1745
715 632 1033 1671 4251
4404 4391 543 883 1128
3424 1189 2452 1460 3387
3488 3936 2408 2532 3671
1771 858 3233 3427 1968
1204 1753 241 2346 2261
3163 3570 2395 1983 1967
2740 3156 1293 2642 2783
2377 3590 2206 1758 1413
2193 2833 4458 336 250
4042 811 3996 4249 1533
1639 2856 206 505 2404
1374 1861 2454 4234 3108
2411 1586 4152 3333 261
214 1336 580 1303 3227
630 372 1191 1740 907
4024 4181 1088 782 1011
3756 4313 4235 1090 1343
1309 1422 1990 3843 3437
1460 2451 2262 1792 3616
4453 1908 3946 2245 819
732 4114 1536 2347 2185
1656 613 4517 2536 3662
4010 1289 2359 1591 4444
603 3595 1112 3116 2901
1108 1778 3197 4314 3002
714 4028 3259 3952 4004
10000000 10000000 10000000 10000000 10000000
3604 2189 573 2382 3496
3635 1686 3784 3779 227
198 328 3749 3189 91
4037 2782 91 4179 1218
2880 4114 4046 3526 1111
1144 125 1756 3527 3703
1147 2087 804 2441 333
2182 4432 1962 3859 239
4503 2748 1662 1636 3099
2647 1810 3582 3890 1178
1879 2165 1902 4343 3069
3695 2567 2332 4139 162
1748 3101 1894 3727 3175
3620 3070 3925 3159 3635
1647 361 1950 571 1388
3599 1973 4180 3680 724
4365 1677 1183 199 3361
157 3003 3289 1679 4454
2599 1974 1450 1527 3893
4519 283 843 915 578
4413 4235 1134 1115 1741
1221 763 1094 82 1158
3443 4344 3274 2707 424
1626 1916 894 3137 453
3546 2059 906 3168 4227
2239 3643 1352 1336 2814
1722 2383 2256 2054 4170
1200 3696 3359 1305 3055
3234 1997 2477 1147 2529
3775 976 3564 332 2479
452 1009 3120 2776 2266
996 2485 382 2795 594
149 3206 2071 3193 2714
825 3517 1282 774 291
1824 2743 3674 289 2844
4296 2404 400 3508 3691
2553 1867 2257 1570 1590
3814 2924 3604 2272 3895
3487 3513 2958 1651 1101
1689 4061 4039 542 3494
2742 1624 2902 3242 2771
4146 4440 3058 1066 1341
1587 4123 4288 2331 2093
767 3883 2190 2713 2104
1703 4006 3301 1657 1395
3416 4374 3856 1947 464
4532 4082 747 1001 364
265 2666 3409 2173 1385
2805 1784 1983 786 910
761 2840 1198 1266 2014
485 2167 2748 2324 1431
3893 3770 4475 1263 3169
469 1665 2695 3998 3742
4047 2520 3775 3371 3397
1621 4353 3302 1459 2902
1741 524 3490 4182 1635
1400 982 164 2294 4012
4525 3828 1581 4070 3616
2368 1031 4320 1103 913
404 1088 3913 182 2631
1034 4309 1934 4060 1126
4387 354 3947 1487 2579
222 1116 486 4003 1733
3894 2283 329 2797 1181
2509 2928 3799 473 3335
2964 4229 910 852 2323
3322 4358 309 2586 1876
3288 222 3088 313 2398
84 2350 3237 501 771
3681 2723 464 1303 3500
3921 1408 389 2465 4538
1644 2261 113 3709 279
4496 3098 3898 2451 3882
966 3157 1279 1820 925
353 1852 812 3111 3929
688 1745 4198 2989 3166
2457 4203 4316 420 4267
3532 3445 2985 442 1428
521 1672 823 266 244
2036 2718 1709 370 1280
380 781 4494 4012 1534
3134 2790 398 568 1583
2257 1845 1348 1345 1002
3013 1944 2450 1520 581
676 2657 1653 1473 2585
2506 3908 1648 2850 2223
1417 2574 883 2586 379
920 3553 1826 995 936
3131 1952 3462 2382 2736
3927 3290 2758 1886 87
3000 2252 2385 538 478
4090 959 570 474 858
3392 3642 2804 3306 4219
3074 3481 2941 1652 3214
3460 4027 3870 2133 1537
3451 2192 1895 4259 1275
987 977 704 4446 2205
128 734 1335 3636 4307
2990 2859 1658 1650 4161
10000000 10000000 10000000 10000000 10000000
2751 1180 160 1019 885
1126 4193 2458 3026 2282
3789 1269 3895 2332 3739
1538 3455 456 3963 1573
2817 2881 3351 1817 2071
962 2772 433 1962 4391
4513 2711 3414 129 1242
2699 2479 917 1040 2915
3915 3511 2081 1856 1524
1935 4142 2089 4382 3686
3607 3833 1212 3027 4259
4115 3018 593 4256 3167
1998 4289 909 4344 503
1217 3032 1464 664 3347
195 416 3122 698 2922
4453 492 924 1463 2188
3139 4070 796 985 993
3318 1382 3872 1033 3334
2408 1167 1821 4303 3212
3907 2319 3477 4543 665
613 2348 3410 701 1863
2497 4368 3244 3676 1012
2637 1980 3132 618 747
220 3890 2667 1562 327
2422 2348 1566 4123 2046
2555 220 1931 2949 423
2365 2234 3167 821 1803
272 2210 3617 3604 2176
528 3008 1923 2159 3810
1432 579 2902 1415 2796
175 3262 4086 4288 154
1650 3511 2438 4347 1010
3629 516 3123 3129 3705
4043 1302 3192 1886 2533
2064 801 854 1435 4028
2669 506 1989 1103 3537
1180 1267 880 2195 1651
3757 700 3198 467 3621
3490 2056 2355 1461 925
1971 2899 4236 867 1627
187 1812 823 931 692
1044 3377 1810 557 4282
2594 259 4379 720 845
472 3991 1956 4284 2341
3117 2758 1995 4191 3737
882 125 1607 4210 160
1221 2747 2759 2131 2548
1243 1144 317 364 3453
248 2116 3958 3537 419
3941 3090 1644 104 1023
330 987 4220 4138 1219
1349 4224 907 2473 873
2152 2650 4493 3951 1883
2652 1925 1978 718 3478
785 2750 296 3060 1099
3625 921 3260 3055 2884
142 2455 2595 2690 1663
3151 3289 3041 2862 4350
2160 2449 331 344 2604
152 1892 3549 2438 4222
2810 600 3564 1520 2426
554 2149 1005 670 2416
585 3699 3024 3761 1461
490 2425 2370 1238 1633
2700 462 3678 2298 2055
1224 1236 2566 1659 1045
4357 1121 253 496 3249
3017 760 3010 2994 4239
2365 1106 468 3685 151
3453 1219 1526 2889 2957
2035 3654 4248 2756 1044
923 1964 2106 2513 2219
485 1280 2730 3170 1880
2717 2457 1077 2519 1739
426 1437 1217 879 1688
628 2360 1500 3711 1759
1403 883 1072 2424 3731
461 2790 4056 4207 3522
678 1644 856 3783 4441
2168 4170 1527 4311 561
1362 3487 4167 1954 2235
2891 2148 3728 1434 454
2039 2407 194 3017 1211
1217 1898 1291 3702 4242
2016 1828 290 755 606
2540 742 2447 2842 1829
4466 939 4220 1307 4394
2209 1295 4326 826 2221
3816 3736 1182 4341 2368
3828 3439 1486 536 2438
2580 1531 2169 1799 2087
638 91 3188 2960 469
1101 140 4532 1060 725
2097 1762 655 4479 3583
3656 1248 1911 2580 4440
950 3624 4123 2487 4407
2820 1794 370 2099 1002
1857 334 2094 1360 1151
2364 1416 1226 3014 414
10000000 10000000 10000000 10000000 10000000
3435 2521 858 4035 408
1413 3975 1061 942 4062
3313 478 210 1126 873
2997 1849 2180 3509 144
2091 1887 797 2373 780
555 4304 2613 266 3973
1466 1994 3877 4173 2985
90 1422 211 901 3948
3253 3896 1919 4034 3030
1211 1476 4302 318 1820
583 584 1809 4036 3203
1472 1338 1043 1460 417
522 2819 2821 3629 2698
247 2086 1657 1866 4401
357 304 3483 1284 1943
4321 2335 3363 3373 3833
4215 898 2770 1263 2154
2595 3539 3446 3180 2237
3268 2026 349 1619 2027
3224 3035 2539 4124 3247
745 3235 3563 504 2730
2111 1760 3491 1200 2729
182 1206 4242 4392 4104
882 3258 2311 275 3893
1324 2090 3949 3756 3566
3852 4004 3324 1272 2392
1225 190 4538 1810 1586
4517 3337 3352 1145 2998
3889 1823 1474 3834 1949
4218 3795 679 2902 4199
401 1252 2490 4498 1470
4470 948 496 420 3772
1068 4248 1647 3659 1155
542 3827 2983 2448 4072
4521 3853 1056 114 498
3695 3127 595 4345 3106
1037 1755 235 2355 342
103 2943 100 123 3932
4272 646 1825 3244 4426
1403 767 1577 4104 945
467 1089 3808 4376 1151
2326 3575 975 3109 1910
2930 2174 2939 447 1714
759 3631 1189 2403 3607
4057 3457 1089 2181 3620
1800 2236 3154 2576 856
4066 214 1404 2785 831
2055 2215 3338 3906 3098
4295 2243 3928 957 1705
3662 1649 4172 2399 254
4494 2907 1175 2338 2046
3250 2178 3144 1565 1260
1124 4164 3545 2981 787
399 1113 4273 3003 2790
1920 3749 1718 1803 3422
4232 1109 199 3914 3392
3217 1049 1009 3269 2979
367 4213 1439 3795 1290
2554 739 4142 2340 3027
3985 852 1880 2025 1887
4418 1781 3545 2443 3377
1630 95 2275 4128 358
2070 1559 1424 3964 1695
4196 1400 2534 229 1681
3214 3503 2336 3596 668
3544 582 2542 1442 3636
1333 894 557 4285 4014
445 4019 3495 4499 3654
1444 1759 2516 1383 4146
2429 561 4020 1680 2091
3983 288 3438 1281 1273
3969 1988 130 415 559
3067 1934 3845 3539 3596
3436 4082 3264 806 3118
3642 3932 3723 2110 202
1573 1569 1628 1018 3935
475 1595 2997 3916 3350
4083 2658 1002 1100 4084
1955 4413 1991 2859 1035
4126 4500 1723 2704 3042
2055 1665 2035 1561 2756
3735 1522 1933 668 3373
135 2487 274 1647 3511
403 2276 120 2291 1365
4373 1043 841 3003 879
2163 1388 2589 1764 3989
1543 2110 2791 3654 1290
1113 253 3879 2059 3821
3109 2625 2699 1414 3850
1261 3896 2192 1611 3683
1669 3142 1251 1580 3514
4150 1071 425 1763 949
2549 1127 1853 1890 3105
740 980 1195 2035 3948
3127 2592 2953 1245 3049
1882 2512 327 4352 394
2056 3081 1723 1147 2265
1920 2553 965 1252 952
3482 2283 2097 3916 743
10000000 10000000 10000000 10000000 10000000
3998 1379 131 1202 2849
1167 1785 2297 2679 1897
1179 2042 2812 3594 3411
558 2343 3648 4204 3591
1403 3594 1732 1492 2535
4333 2775 1515 3465 3089
4075 4399 4104 365 3119
4378 3657 3960 1443 573
3453 2323 3816 1571 4161
1213 3243 3470 3615 3449
1196 2624 762 3592 199
1643 1754 1363 1622 3457
3525 3049 2059 1155 2380
569 477 3948 2300 793
501 3998 4257 679 3933
3006 2765 671 2811 2884
2822 1424 2276 2194 2283
484 2180 2056 3427 2326
636 4467 3376 187 525
2075 242 3558 3229 1257
2371 2693 637 4427 3772
4327 2882 1588 1497 3297
1926 3977 1193 2167 812
2803 4302 1404 479 2281
3773 2936 1288 4024 631
3402 3230 135 3171 4379
2721 1494 1192 1355 214
1761 2249 2677 4395 4010
2635 1610 1650 306 2009
3359 1689 405 208 421
4004 643 2238 1857 4381
2440 568 2190 1869 1838
2592 3969 4050 2273 1943
1819 681 4391 2966 442
3786 3831 2169 4343 1847
673 4171 1116 873 2523
1854 1622 1514 2107 3793
3207 1029 537 4250 4286
1907 2073 2071 2109 98
2044 2586 2238 1677 2846
3604 1784 3126 3329 2087
2960 3103 227 4349 831
640 299 4069 899 1587
3555 1062 4072 3440 1469
325 4186 2941 1969 3444
2912 1971 354 1422 136
2022 3878 1464 1064 4490
977 2832 236 3902 2740
1531 274 1668 2339 296
3130 1149 1932 2383 4013
202 1844 2414 1482 1877
3501 3534 2538 1411 2904
3252 175 484 3926 3505
1325 361 4144 222 371
3476 2658 3618 4218 1874
3113 2556 2955 792 1924
4141 751 4287 2103 4107
3164 2729 2095 2746 1627
4470 3189 1946 2263 2675
852 1058 1433 3655 2241
1419 1075 718 386 976
95 2832 3954 357 1041
2451 3981 174 1023 1034
228 813 2087 1910 3421
2055 3850 3164 4405 1289
1897 1999 2760 345 128
671 893 2570 2912 2835
3915 980 2795 3902 2518
3183 4469 1364 4269 884
3954 1316 1192 3706 2993
2141 4408 4122 3428 1191
4430 4070 2536 2907 2105
159 992 1482 4246 733
2056 1516 2650 2322 148
2250 2707 1117 2478 1795
969 1683 508 1858 1258
866 3235 2829 3739 1994
4537 473 4520 2019 2643
2288 790 4326 1404 825
3082 3527 2586 1076 1596
445 975 3990 3938 783
3673 278 2742 3357 1105
2584 3983 3515 1266 4482
3230 1589 2048 2470 1287
4068 1529 2826 2523 1120
484 4521 1674 3179 739
2223 3909 4486 4274 3894
3018 1258 148 1121 2400
1474 4493 3396 2505 3958
3114 4185 3723 2414 3747
2855 4540 4311 1612 1828
2860 3202 3704 4198 3062
3477 1116 2106 653 3633
3564 1159 3590 1766 4459
898 1942 1645 1861 1951
529 2799 3613 1462 1618
4265 1816 3831 4146 3100
4290 208 1059 2520 3186
2961 796 2000 1522 269
10000000 10000000 10000000 10000000 10000000
931 258 3622 1932 290
2152 3181 804 404 1223
3589 1161 3342 4280 246
4007 4188 1682 1599 3987
2694 298 3688 1955 2625
294 1381 1251 4246 2950
2286 3551 1638 4199 125
85 4200 723 557 715
1075 2206 3915 1754 3244
431 1902 3914 2025 4133
4456 4400 3590 2239 2418
556 4519 1239 3110 819
2078 2738 2428 3472 2168
3899 787 1302 4428 2272
1356 300 1833 4123 81
217 2076 4102 1168 3031
4218 1368 961 1635 919
217 739 3077 3278 3479
1486 3521 2479 933 4456
1163 1914 1197 128 2406
4499 3079 393 3366 4389
2958 3335 1885 161 3379
277 2709 857 4416 1333
3869 3403 4045 4449 490
3823 3605 813 3411 4273
894 4299 3395 497 2389
4113 1370 677 3980 674
2692 2403 250 3361 1247
4314 4368 2300 4425 2086
3637 1444 1343 111 3571
1166 3630 3744 2073 3743
4253 4488 2233 2915 3460
4457 3674 2172 1129 236
3188 3827 1632 3651 4458
3883 355 2315 1577 3541
3613 4425 1955 1005 1274
3740 1996 826 2556 4169
3164 162 4383 125 1595
3975 4512 1032 3417 2441
2330 285 3171 3452 302
2588 561 4510 4448 117
643 436 1149 714 4397
4240 3370 1292 3370 1084
3032 1606 1910 246 3894
2064 2501 3151 1640 1369
4290 1483 2080 2756 1821
3688 1063 262 3851 2969
4418 1282 189 1470 1675
2463 3485 1692 4107 3519
2608 416 3723 1064 3836
2966 1268 1758 3465 3255
4218 1332 3507 1849 511
2948 981 2074 2256 116
2087 992 3451 3020 1032
4514 4444 2952 975 3776
4313 635 3926 136 4291
3279 2409 1472 4102 3716
3073 3808 3035 500 708
920 869 3262 961 1084
4338 1496 2591 997 1630
4255 2204 1050 115 395
1309 3081 3521 184 4376
1834 683 2287 3704 1502
1705 3070 1346 2285 2000
3201 1064 4271 487 760
4002 4210 4353 801 1633
3687 2387 4193 378 3826
397 1476 2981 545 3954
341 2402 680 683 3940
2382 2006 2595 4173 3513
4063 3501 3289 4466 3278
3536 1932 4235 2113 2750
347 4010 85 3627 2088
1648 1584 3826 4184 1145
4048 3383 894 1701 3979
4060 4140 919 4537 2431
2145 554 1855 1696 2250
1278 607 4447 4063 387
2778 651 1788 1012 2915
4037 3294 2496 939 176
4318 2138 3057 2760 468
4184 3539 3769 3597 3028
914 2621 548 345 492
3983 1196 3722 2238 1691
2973 2677 3460 4137 4179
4442 2875 3128 2508 2101
4400 3553 275 4520 644
4257 2135 564 3064 4241
3201 1550 3461 2976 2964
109 800 4489 589 3756
1952 2499 2141 802 3708
1226 846 3178 253 4150
2416 2332 4459 2308 1793
2377 2723 3769 2485 2093
3854 1281 2913 4008 1100
2035 3563 2992 644 1862
443 335 2145 1935 3147
1842 4364 3998 3516 4395
2477 668 3853 2413 1881
10000000 10000000 10000000 10000000 10000000
105 3228 2164 4320 739
588 1873 818 1532 3208
3521 2571 2838 4350 860
3677 2402 2387 277 2699
4460 505 1525 4278 2354
1431 215 4520 2587 2958
753 2783 4332 2481 3785
1443 705 3209 2957 1852
3093 1453 3959 2669 271
800 4484 1098 1303 2443
1462 589 427 3278 1255
1609 2573 3936 2906 1188
2249 1822 2738 4089 1382
1092 4374 1604 1021 1482
2688 1660 3291 1714 3183
3186 2096 166 3332 3300
1744 953 2657 4433 3484
3709 2414 347 1945 2743
4182 4081 1068 2080 1195
445 4117 935 2782 1947
1834 2169 374 2597 1336
443 1888 2331 930 2906
1272 4423 2162 3622 1686
1758 2766 2582 2528 4336
1525 4504 320 3782 3088
448 4085 1016 3306 921
1413 1928 4165 2128 1400
2249 185 587 2591 2848
2785 881 648 3305 1498
4193 4108 4504 687 87
632 1851 1717 2325 350
2305 276 303 3535 917
776 3764 1684 3784 3742
3881 2073 3764 1544 1837
1455 948 2392 2153 4390
1629 3586 3693 3398 3770
4453 2066 437 661 2249
3560 422 3672 1491 3332
2769 937 2230 1799 760
1341 508 3007 4464 3672
2801 422 2128 875 2674
3788 4386 4187 1587 1615
968 1922 2863 3404 3480
1193 2471 2877 2730 4176
2226 473 3200 2309 205
3791 2830 3470 2389 2031
1886 1163 805 456 393
3292 579 3105 4129 4515
385 580 4541 1764 220
2013 3218 2355 1306 4346
1617 2925 4413 799 2709
2594 1938 1866 2018 1154
2815 3165 2762 3492 3763
3215 625 2055 977 1627
2425 1199 914 1449 1783
3549 3743 3361 524 1980
1437 3204 2946 517 4335
665 1241 1797 4336 3356
3542 2358 286 249 685
1480 3248 1878 3309 1514
110 639 1671 1439 1544
4083 3180 4125 635 2831
1086 4413 852 1653 4318
459 3349 923 394 570
1853 170 1504 917 3270
3325 647 1634 1725 3445
3562 2810 1483 4052 4188
2117 2414 2621 1129 900
3203 1378 2140 3572 3410
4153 3218 2554 4418 1815
295 796 2743 1158 1399
3845 3793 1052 4297 498
220 3526 2879 353 227
3290 86 2398 2777 3180
98 615 893 773 577
2636 1378 3496 503 649
3203 2004 3987 3010 1958
97 3369 3944 897 1569
4073 2441 3991 1813 3138
3342 912 109 334 2430
1284 3453 1183 2493 309
4122 1231 1316 2785 388
95 4145 1249 1487 4192
3245 2641 2323 4327 2117
2915 1919 1270 3011 3758
4192 510 231 2512 2996
3880 336 636 3142 3682
1324 849 1690 3832 3668
1651 4300 1458 2967 698
240 1694 806 4533 3910
3571 3597 174 1425 676
3718 4013 589 3930 2373
326 2758 2124 4072 4036
913 3298 1867 2962 509
2456 1101 3332 3827 951
4045 2603 3922 186 2617
2119 1519 4023 3437 4532
1659 4542 4484 3240 1272
1670 3448 3233 784 1457
10000000 10000000 10000000 10000000 10000000
1729 1673 928 1325 1192
371 1389 353 2097 1781
1458 2263 3104 928 4504
3818 2393 686 1793 1286
1735 3617 4258 3783 253
1517 2154 507 747 1232
735 3177 2107 4080 4526
2294 1281 3370 3235 4306
3795 2982 3340 1831 3338
4044 302 3369 2217 2267
1941 1178 1840 1764 3181
734 3567 1290 3053 3616
4544 2275 2229 2037 1248
2525 335 798 1377 547
1432 1022 1163 179 525
3238 2471 3421 201 3494
1975 3593 2410 1508 824
3654 3286 4355 3098 1049
4144 584 1721 4060 1651
4311 3498 2535 273 722
2726 1511 3074 3976 3984
1283 917 1115 391 3570
4540 3212 2893 3078 2276
2373 2730 1672 1923 3649
202 2254 2818 313 3685
3307 3671 2881 3977 2201
3293 717 1680 3084 3635
1111 355 1191 3590 827
410 2350 837 888 3731
2624 1496 753 2056 1822
4512 1243 3092 2945 2262
3332 3145 2095 932 1934
491 1490 3602 230 4210
1010 461 3289 2702 2748
259 1315 2873 1081 2104
3483 718 2025 2686 4467
2427 221 4388 4111 1644
1360 1554 3898 2469 3327
924 3304 1285 981 89
3556 3234 3122 2762 2827
327 2579 4020 1956 676
3187 3177 4066 4004 1674
1469 2167 4283 851 591
4150 2101 563 4369 4141
1318 2676 1795 3046 4216
3028 2152 3698 436 749
1323 2840 4059 485 2639
1441 465 2251 1411 3375
4311 2128 4031 3998 547
489 974 1699 3170 4398
1009 3011 394 628 3395
4387 710 1362 3776 1235
1079 1626 4074 3541 2353
833 4048 2257 977 814
531 1994 1010 2727 3481
972 3334 3422 2352 931
3038 3133 1169 1103 2412
4434 939 4168 1772 267
2849 384 3892 2959 2476
1193 3557 4362 2305 1463
2146 2167 1799 1737 2848
751 1180 4000 1778 2693
1301 3934 1382 3351 3685
3518 3817 977 2007 4176
642 1007 4057 705 762
3009 1244 3246 935 4209
4207 1468 2341 2017 3282
3041 1341 4348 4137 3449
4153 2101 469 1022 2226
119 1353 821 1102 1675
1022 1513 3418 3224 1478
798 1985 1882 335 2970
85 4244 418 1287 4274
3696 2024 3892 3141 2460
4445 3565 355 3692 3516
4390 1904 1503 1571 918
2630 4061 129 3283 4031
4365 122 2113 1080 4099
1231 3396 3310 591 786
4374 760 1106 2633 2580
1638 4238 3830 3447 3393
195 3176 693 4193 1777
3042 2375 4492 1311 3846
501 1543 1911 385 741
2829 2066 2197 3958 221
352 109 3803 3771 2236
3145 3441 1660 2955 2721
3749 2379 957 107 3297
2908 256 4184 3207 557
1146 2040 3557 4304 1487
4522 4043 735 460 2354
4040 622 1963 1498 2995
1616 3955 4400 165 1955
501 3820 3259 4414 1267
4206 648 3942 3577 3268
2891 724 2833 3898 877
110 1136 4288 4499 2037
2286 3315 2902 4529 627
1072 2015 1937 1244 2765
10000000 10000000 10000000 10000000 10000000
1512 2590 2185 4055 727
2749 825 2275 1595 3356
3160 1243 793 3169 3585
2082 3406 3662 134 2366
4392 1076 1450 3153 1662
1648 1889 1560 204 3004
989 2384 2833 1327 2859
301 4536 666 4057 2381
1364 1990 3478 2989 2651
4121 2570 4148 4397 2735
1092 3688 2256 1625 953
1982 85 2316 2250 496
497 1742 840 1123 198
3823 836 1661 1340 3033
1702 870 842 2411 4057
3975 1127 122 4023 1802
238 2200 1074 480 1925
1991 435 2506 1251 3321
4247 3188 707 3919 4133
4029 2153 3449 2728 1216
107 289 3975 2010 1524
2183 1311 4363 1962 1884
3027 4112 1704 3283 469
1417 235 428 1352 4125
483 3882 3665 2836 4416
1173 1621 3484 3803 2134
4155 3190 3112 3160 4345
1086 1697 3353 977 2236
2871 3164 4171 2683 4331
738 4049 1300 1131 3450
557 2429 1752 879 3475
3452 381 744 3189 2975
2703 3131 2141 2084 1186
2340 3580 2526 3850 877
1042 4177 652 694 4157
221 1146 945 4303 1966
3339 650 3460 3870 4078
2763 861 3419 929 145
4532 847 958 4478 3442
3726 561 4398 3264 2633
2097 4344 1461 2867 2179
467 2912 1474 2650 1555
2986 3687 964 1674 4542
4083 292 2927 4306 1639
208 1519 3144 1370 3093
1742 3679 1329 2458 2642
2100 2162 2335 2277 816
3182 2016 3783 3819 1633
981 3871 3772 3514 3914
2589 2561 3321 1130 874
1068 776 2289 4190 322
2766 4248 124 4038 3117
3231 3814 2520 4393 4492
3976 2678 4353 3688 2891
2552 4484 2339 4321 81
3449 1931 84 1401 2959
1915 3568 1522 271 2798
4187 314 3058 1201 146
974 3187 2303 408 945
4094 3487 270 461 3196
2143 528 3901 1532 1745
4384 2276 4145 2897 4098
4150 2109 1044 2692 1119
1644 987 4342 3926 308
1672 3261 2957 584 1668
3231 1883 4306 895 2874
3602 1810 1530 2943 3520
102 3799 1059 4239 3019
1526 2481 4450 2493 3545
448 4222 3853 705 3789
1326 2657 1208 3965 1812
459 3734 1760 477 2979
1408 778 2490 4431 4098
3387 2431 1299 1787 2269
3632 1986 4230 2261 1242
960 1707 1723 3192 4527
1575 1684 1318 475 2480
693 3591 229 4506 2222
2173 2164 2724 2761 4024
872 1001 2457 1624 1039
1822 681 3128 2723 2952
1875 662 3458 474 2967
2356 2159 1236 929 3698
3829 1374 1037 4119 4395
1749 4191 4528 1879 3382
1468 3217 1577 1237 3260
1757 4382 3661 1456 3353
2565 4491 2885 539 2253
366 1488 2712 2704 1962
3793 4164 116 3473 2048
2922 183 3277 2074 2624
3212 837 1703 1285 1903
4497 4477 4506 1019 2219
1779 469 4099 4155 250
809 1523 2165 2440 3902
2791 496 754 2138 814
207 1687 4380 1197 1639
3816 724 3806 866 3315
1317 3304 1818 3683 657
10000000 10000000 10000000 10000000 10000000
1633 1200 2561 691 1375
192 4398 2489 724 4031
1759 4148 532 3288 3632
956 262 4483 1697 4206
1374 2292 3406 1091 1412
4305 3588 4397 3123 1855
3939 4077 2207 1553 2909
4507 4347 1813 2147 1019
3237 2200 1363 4313 3325
1344 2282 4535 1063 2318
1767 3608 2463 3114 398
1362 862 629 3090 4269
241 222 3203 2171 3399
4421 4393 153 4473 370
4181 3856 2000 2540 2391
2224 2428 2737 2607 2774
1133 2558 4450 2440 2509
1479 798 785 1638 291
2612 3656 304 2743 635
3502 2930 3205 2644 1536
2289 530 1413 3585 3512
4092 119 2187 3491 2538
1903 1105 1323 3607 2054
2985 2927 2763 1291 3380
957 2355 317 2877 994
1949 3972 3917 1893 81
1604 3495 2783 2440 1366
1757 1327 1479 2451 2999
396 654 196 1358 3904
3592 345 4428 3687 4468
3605 3904 1423 3154 258
2456 1792 645 3158 247
4126 1534 3206 4071 485
1829 1924 1621 2501 965
3006 1487 2014 3481 1749
4386 2683 3556 3015 1084
3933 4195 1097 3261 1169
303 2163 1548 1778 3169
3309 338 4352 535 2298
2609 1231 1168 1960 441
2070 4160 1304 2857 3610
629 358 2887 1639 2018
850 1767 2280 3016 2539
3722 1776 194 1636 98
2403 170 3507 439 2120
748 1710 4240 4400 2824
2921 1825 3666 2453 3641
143 2817 2862 4277 3462
2279 2920 1927 3209 2358
4473 4403 1118 4323 790
244 1200 3853 527 1625
202 4397 2560 3317 4253
297 849 830 4111 602
2513 1214 2231 2526 211
3024 2677 4007 1666 3174
1553 1345 2813 245 4292
2850 3627 1473 2321 4021
4402 4391 1655 2064 1255
1167 4355 3413 3873 1357
1201 3871 4505 2247 2118
2956 3638 3858 4244 4260
3285 3275 4424 1134 4246
3259 2539 2712 4274 1655
2019 2660 775 2512 2605
3007 2930 1829 1406 4050
2839 3975 1896 4386 3525
4500 2188 2763 2424 623
4374 583 2661 2335 2892
3773 4423 1308 548 3904
2598 4254 2120 4078 1167
2568 3349 2217 2608 3585
1597 4005 2970 2532 163
313 2999 4183 4135 3931
3850 636 173 2009 1571
1353 3058 141 2318 727
1724 3815 4489 266 3868
3958 3560 2801 4161 2224
2595 2827 3393 3742 4338
3148 1996 2351 875 3726
3899 3564 198 754 2718
3964 4272 749 631 4531
396 2362 3181 882 2193
3210 3801 139 3684 3847
979 2531 3627 3797 1481
614 2437 1359 3390 3853
3534 4136 738 2675 735
3484 4209 142 4308 4325
2978 1591 2468 4088 1503
2977 1962 4523 1241 1803
2803 3465 4094 3544 974
1811 3249 1107 936 2819
4257 984 4236 3035 3070
213 1100 1704 1238 3092
3727 2934 1223 3630 1386
1378 2424 2379 4051 4524
304 1933 2779 235 1959
491 2437 1090 775 4365
649 1756 902 2629 1978
2852 1761 1155 3269 4082
