10000000 10000000 10000000 10000000 10000000
243 168 279 42 245
68 18 176 30 9
308 232 234 260 133
272 287 264 218 148
320 210 202 194 151
86 182 76 125 46
187 104 193 89 11
263 222 185 243 198
252 102 204 279 58
151 14 144 62 232
209 97 134 240 7
180 207 39 159 172
296 214 279 36 167
305 304 172 81 280
106 111 137 52 237
14 309 323 179 249
178 130 191 47 277
110 241 165 132 54
263 19 118 32 33
156 261 140 149 7
208 56 276 101 243
188 130 16 156 79
319 19 234 319 290
234 95 67 54 11
260 125 325 161 71
58 241 135 293 166
205 113 114 175 43
5 284 73 184 240
319 178 244 9 63
47 219 318 27 216
129 85 262 273 261
56 7 295 112 314
299 236 190 295 249
104 273 192 313 320
314 75 145 328 203
283 158 232 94 267
88 258 140 296 262
66 104 57 169 134
57 43 327 42 106
213 39 166 93 193
182 129 104 168 149
316 208 261 230 46
321 154 83 198 96
57 274 207 121 55
42 239 203 281 290
42 289 214 142 293
171 181 280 53 253
248 56 109 243 269
89 304 318 28 297
160 88 43 128 230
152 119 92 293 42
265 171 109 15 281
168 128 321 150 80
283 19 71 301 145
161 146 297 56 48
325 232 164 149 32
55 306 237 39 78
208 250 288 116 298
175 83 305 32 200
227 51 109 148 177
43 77 284 239 12
218 115 317 292 104
118 325 228 107 33
185 302 241 316 232
248 270 244 274 310
136 19 40 132 254
134 248 39 142 183
228 97 240 176 212
68 200 35 226 329
203 108 241 250 49
156 287 97 38 308
210 227 288 88 130
329 328 269 319 5
47 109 177 312 161
123 30 247 230 205
184 143 226 316 65
242 281 300 197 291
25 97 145 329 286
158 121 126 20 20
9 120 296 259 319
311 133 270 327 211
136 206 156 41 301
157 8 216 111 30
274 17 216 212 134
285 10 259 48 210
183 26 189 39 316
291 223 90 305 243
298 116 206 5 32
75 95 14 189 59
33 138 111 226 287
226 258 103 138 319
129 5 193 53 71
67 239 170 237 229
158 62 48 244 178
62 212 277 204 175
264 218 311 228 24
81 154 156 175 135
44 255 295 167 265
258 101 170 78 309
70 79 152 217 93
59 262 103 138 194
71 158 314 105 277
57 132 249 155 278
33 296 149 138 210
66 159 49 233 120
70 130 278 104 228
151 252 223 299 133
202 194 131 300 230
193 145 122 261 260
262 194 112 159 90
131 91 166 260 233
53 55 104 210 94
24 307 285 314 22
205 81 160 7 80
18 152 292 158 224
235 249 113 142 256
145 85 57 81 16
316 122 13 218 149
323 219 215 152 227
272 79 41 270 103
10000000 10000000 10000000 10000000 10000000
51 35 330 216 199
142 200 186 78 234
122 295 328 253 75
155 323 93 76 248
315 129 131 165 289
201 38 169 209 141
142 81 9 206 245
80 316 40 178 181
279 267 198 255 127
22 191 285 227 75
142 224 250 71 276
149 19 149 208 261
305 289 116 76 55
148 94 5 88 86
320 56 100 113 129
23 122 277 84 64
234 168 311 56 329
304 237 280 321 283
174 17 260 192 276
247 132 88 191 113
257 283 231 19 27
297 330 210 116 315
177 291 206 275 77
61 91 148 315 280
124 79 26 271 295
256 105 190 235 284
146 137 50 49 21
151 151 312 220 101
80 139 248 135 67
193 226 39 202 70
214 95 10 165 23
329 59 310 96 70
78 272 64 285 301
305 113 260 248 148
281 160 35 105 78
168 22 112 149 48
328 244 272 33 312
211 88 43 214 308
306 304 104 190 222
63 329 239 76 60
289 320 306 155 171
319 139 200 310 93
202 285 310 151 122
217 208 194 144 225
205 229 197 180 35
141 104 101 295 133
301 57 257 102 267
182 292 330 60 20
90 94 322 173 124
312 93 51 132 290
5 136 115 254 25
18 207 310 32 252
86 316 258 322 225
273 39 85 30 302
32 153 143 119 99
126 118 177 328 149
289 216 66 149 247
81 34 255 47 150
182 8 78 180 248
219 76 311 108 22
112 208 25 320 212
236 57 119 19 46
11 74 80 58 188
222 66 121 277 83
305 245 17 250 188
109 77 98 8 275
77 323 318 246 23
246 263 293 244 318
322 273 282 69 74
89 223 83 42 202
290 225 12 225 271
113 203 110 320 80
254 121 187 135 258
42 16 239 196 158
180 297 234 27 115
158 75 307 20 311
205 119 217 305 143
128 187 19 325 315
53 283 181 164 79
47 178 277 220 128
37 137 303 12 102
291 296 171 148 227
61 325 267 120 12
293 82 275 225 237
213 309 61 286 297
46 199 73 147 49
11 93 154 60 83
122 261 123 28 60
17 206 37 319 117
68 57 284 19 184
71 168 259 242 325
102 19 131 184 126
128 30 276 185 112
110 162 281 319 328
45 254 179 62 163
236 132 174 34 108
185 41 113 190 324
305 239 46 240 79
95 180 237 277 61
79 11 7 90 15
278 106 135 168 310
66 21 77 90 238
239 38 83 301 128
234 206 20 258 214
207 141 192 225 35
329 45 279 301 88
136 67 208 43 31
214 55 29 8 324
56 316 151 117 288
151 288 317 117 132
47 113 138 307 214
127 215 98 267 302
214 317 312 131 39
30 62 211 59 273
109 20 207 324 46
165 23 127 302 236
330 176 107 244 215
218 96 196 75 142
27 175 300 172 319
247 86 83 321 42
10000000 10000000 10000000 10000000 10000000
41 242 206 156 40
262 164 72 253 227
45 301 100 103 43
298 209 243 224 25
201 265 87 40 277
207 44 48 326 167
232 130 287 123 80
202 60 276 229 231
57 97 311 25 124
184 7 282 154 250
301 110 110 138 174
82 330 229 195 275
290 266 227 195 261
38 235 100 239 317
166 20 201 321 97
177 125 238 309 310
263 247 183 9 69
233 203 74 24 17
144 239 324 145 86
238 88 149 52 194
154 100 260 292 25
280 254 173 221 263
185 254 42 303 120
289 5 229 146 230
189 214 151 90 146
225 281 274 233 97
268 231 291 280 320
28 321 294 61 55
59 23 87 252 135
147 298 231 236 177
238 30 153 113 106
5 297 140 240 260
212 136 312 303 94
243 329 7 96 208
26 22 20 297 110
80 253 109 264 266
289 69 154 28 115
301 203 266 262 120
314 81 87 219 152
11 24 217 116 300
214 259 175 25 52
12 306 214 263 301
27 95 174 73 232
240 119 97 90 72
149 22 271 30 119
26 309 36 51 82
158 146 316 124 278
94 228 305 138 196
263 196 26 176 196
220 81 8 280 135
53 329 302 260 31
81 93 43 78 191
44 260 222 167 31
309 170 280 248 62
11 250 323 182 96
125 54 119 299 99
96 100 235 135 21
258 146 130 330 199
109 248 142 295 200
300 227 173 112 184
303 93 185 162 253
220 126 307 238 236
54 204 82 78 78
60 284 143 82 316
49 89 186 282 66
101 170 321 91 233
159 233 31 108 173
143 230 296 49 151
59 143 71 290 300
81 250 221 222 317
303 131 298 246 107
323 30 189 179 161
286 139 190 16 30
207 263 248 125 43
88 80 115 306 197
126 323 113 98 243
181 8 59 181 8
246 269 176 327 197
255 9 184 89 316
238 21 141 67 318
170 127 76 15 193
136 31 9 297 49
26 78 294 322 309
286 25 150 319 245
143 296 113 97 69
272 134 251 286 207
255 307 300 310 116
77 159 81 89 230
308 90 64 68 85
60 254 216 319 156
44 116 71 71 227
187 161 113 126 60
216 171 251 173 69
43 260 197 64 184
144 141 15 144 249
188 58 199 33 219
216 179 263 182 156
256 258 307 105 177
195 234 122 195 132
319 182 323 178 150
17 79 114 252 69
190 173 108 125 70
250 264 178 187 129
37 209 80 203 139
76 107 312 161 277
296 323 40 273 242
272 249 330 54 25
86 260 298 171 15
268 159 122 195 312
264 290 324 200 166
209 214 21 129 319
64 24 228 330 60
266 250 218 53 295
48 5 193 159 224
227 249 6 63 115
84 186 49 252 123
299 316 89 281 77
305 199 278 51 158
292 8 117 261 55
175 157 221 164 218
10000000 10000000 10000000 10000000 10000000
87 22 180 294 9
124 122 199 283 165
48 25 158 170 199
54 194 225 125 283
87 121 90 89 252
57 236 239 14 138
201 27 40 280 165
95 305 255 170 154
233 307 6 176 290
18 60 253 184 254
304 193 310 251 213
162 165 222 10 102
40 230 147 287 12
103 57 91 225 270
176 246 233 277 56
156 88 329 75 212
101 7 93 169 91
305 164 225 229 180
42 65 14 28 145
315 237 295 168 284
246 193 44 285 230
310 309 7 277 304
223 66 143 82 272
247 190 219 309 239
129 206 77 132 135
84 147 231 164 297
200 303 157 329 48
295 268 53 108 251
284 277 196 27 177
223 232 309 282 67
108 283 126 261 199
222 318 167 252 123
35 320 24 70 100
171 175 25 291 86
77 311 227 88 311
158 298 293 135 240
95 25 85 309 169
28 306 176 320 211
280 42 305 223 135
296 46 223 192 201
133 278 48 279 215
66 44 154 196 126
68 150 70 49 70
187 72 238 173 207
285 291 211 170 155
141 50 30 289 316
145 250 315 138 70
56 83 76 121 265
259 180 257 131 147
121 295 292 198 262
300 192 127 139 35
28 50 59 274 156
298 180 154 321 35
44 327 148 238 84
9 324 52 300 252
64 231 81 163 183
9 85 226 227 268
246 215 147 103 143
150 224 176 265 166
230 177 320 275 102
5 8 268 31 212
34 256 158 290 274
134 99 115 77 115
286 288 45 164 13
304 215 204 75 318
221 73 84 217 282
202 134 34 223 322
37 276 239 152 124
79 289 209 217 319
187 90 264 116 312
291 184 185 202 161
236 258 293 252 66
319 230 68 244 127
169 221 117 230 25
75 302 308 296 193
101 94 11 33 299
247 137 5 81 186
22 213 86 212 231
74 186 68 100 308
322 249 317 72 89
205 17 196 264 242
75 313 34 82 11
42 64 36 143 310
133 256 106 282 56
258 184 99 192 66
229 169 279 298 55
28 266 233 242 289
179 77 49 150 50
200 291 209 217 140
184 65 42 48 30
321 18 32 321 168
98 283 105 247 73
259 17 326 176 59
142 15 189 57 138
246 9 92 204 214
297 245 125 264 322
109 219 12 279 296
69 142 41 203 206
54 182 32 124 198
253 202 237 306 325
309 295 205 49 323
281 227 34 60 171
238 119 241 320 285
306 277 88 239 241
244 232 168 76 11
114 314 49 106 223
65 172 110 68 271
326 311 208 267 330
232 173 68 178 123
63 53 217 140 213
46 233 184 75 7
107 24 49 143 111
228 122 318 64 23
52 233 39 19 250
274 143 309 111 225
38 79 247 232 121
9 162 80 24 303
125 138 232 263 193
106 188 191 14 128
296 265 288 50 291
10000000 10000000 10000000 10000000 10000000
321 116 294 306 63
109 191 25 65 29
46 330 280 281 140
329 116 19 7 250
51 47 31 209 148
307 283 326 330 239
75 76 191 130 113
75 227 83 304 237
97 254 60 283 240
151 175 26 303 28
84 133 304 269 25
210 204 136 184 170
66 226 27 325 274
283 91 217 328 67
105 167 295 324 18
23 6 39 316 187
22 10 54 61 239
63 141 295 299 20
328 129 272 286 68
22 84 26 186 219
237 96 270 206 138
85 164 153 169 116
154 202 170 95 247
303 227 65 22 321
83 112 187 174 220
305 201 232 211 255
23 51 328 10 107
289 238 187 92 245
309 212 140 93 316
196 161 65 294 296
38 221 39 119 265
300 70 134 187 245
209 310 230 148 238
164 320 135 83 232
254 142 49 226 72
136 261 128 311 23
240 6 145 200 60
32 71 190 186 284
83 152 71 185 295
296 225 64 317 283
238 141 258 124 87
193 26 188 7 305
174 11 271 44 130
128 188 148 81 81
232 324 316 242 100
262 191 241 141 176
87 80 266 92 124
282 315 313 226 287
157 16 18 301 181
207 26 310 209 328
15 274 296 219 200
173 295 254 320 142
71 60 326 141 294
93 65 218 149 111
53 124 128 51 264
107 329 288 217 31
60 184 221 161 145
83 268 169 130 20
5 22 171 172 265
198 110 246 8 112
32 76 69 265 278
264 290 87 234 91
21 187 225 145 49
185 183 311 298 137
129 236 226 262 94
253 16 26 175 183
231 139 165 208 324
223 284 294 66 258
68 169 191 197 81
101 98 252 112 236
278 256 324 98 306
37 153 211 290 284
90 269 130 184 27
177 275 141 66 179
281 62 66 244 251
318 136 48 275 278
209 311 126 179 15
319 80 322 129 185
129 223 141 128 222
83 196 142 79 113
232 113 289 278 120
314 122 115 252 99
160 107 70 172 149
50 197 60 184 39
281 149 168 242 195
66 222 84 321 128
230 26 259 193 165
238 265 138 302 264
306 177 320 235 168
9 76 173 239 122
250 45 231 149 219
313 6 222 96 286
318 162 305 295 148
113 45 182 98 38
88 210 208 197 155
117 48 227 64 307
218 309 203 313 170
298 47 312 198 115
292 252 9 261 302
51 243 122 139 261
157 25 36 304 282
311 97 313 144 67
115 309 173 126 186
168 284 167 188 158
100 234 22 218 51
222 217 318 203 210
192 117 308 217 158
114 82 182 101 249
141 113 12 142 323
212 139 317 312 192
174 168 241 262 152
74 17 31 158 166
313 304 139 223 258
115 120 198 137 34
137 156 195 243 110
226 80 102 172 132
123 221 37 92 69
88 51 215 237 167
132 288 265 133 230
190 74 8 248 330
10000000 10000000 10000000 10000000 10000000
53 123 103 159 69
114 305 72 144 251
198 29 83 319 304
43 113 160 246 149
217 18 22 79 284
304 295 84 81 205
75 57 147 244 123
126 174 278 206 262
207 227 52 50 32
107 303 273 104 244
286 268 211 233 200
264 254 313 76 15
250 209 248 85 273
137 296 147 293 217
165 294 35 295 164
5 159 63 181 267
224 306 167 115 201
225 178 97 110 187
212 36 109 175 207
328 243 268 227 296
193 124 123 74 68
61 9 134 62 109
245 90 121 53 34
173 126 122 41 68
31 204 249 147 188
176 307 188 223 286
220 66 269 155 170
225 123 47 5 232
242 258 6 121 313
182 327 322 317 196
297 233 26 35 124
42 191 117 210 277
262 258 161 38 67
65 17 231 276 174
106 131 315 56 164
275 213 30 254 256
36 184 58 98 224
223 109 308 43 204
159 154 49 45 134
274 229 9 249 49
148 178 256 310 278
213 96 157 197 75
46 27 283 9 315
255 263 199 251 35
215 232 307 110 123
67 52 272 231 156
124 315 276 11 172
38 131 260 128 15
266 67 230 48 308
235 96 43 222 218
53 124 210 303 170
260 311 127 323 212
112 85 70 7 62
324 320 156 5 168
136 61 198 219 172
327 193 241 9 246
18 297 102 153 248
58 257 159 85 245
153 295 301 240 241
290 253 270 196 100
157 94 89 133 168
214 229 190 271 18
6 301 100 330 95
289 321 136 225 185
194 263 63 123 270
299 134 304 63 165
271 299 228 268 192
250 254 121 256 327
259 200 15 305 221
67 254 129 115 235
154 309 200 210 97
97 177 255 181 14
131 217 39 57 163
216 197 309 236 136
196 309 267 272 80
72 322 167 208 22
108 172 301 246 181
24 193 136 34 96
6 96 158 74 192
153 139 267 185 84
273 295 13 158 23
93 37 301 115 15
210 94 58 172 49
256 185 285 9 78
118 57 257 10 262
147 6 294 67 9
99 107 43 138 258
130 8 199 292 148
134 274 84 260 63
188 52 96 184 112
295 180 167 291 135
78 183 305 63 303
178 116 225 206 285
244 79 18 70 117
185 224 56 179 158
102 155 299 304 231
159 259 278 241 261
170 237 309 193 220
290 146 311 35 294
260 93 15 37 47
162 12 142 310 172
175 270 53 191 121
29 188 191 12 207
104 92 233 296 304
101 276 225 319 199
107 305 155 242 123
122 29 148 245 49
179 194 112 224 320
259 43 221 237 37
292 244 77 289 5
140 110 15 203 261
136 173 203 63 323
165 264 296 190 196
328 315 153 184 48
225 106 247 54 30
201 134 129 92 157
98 27 66 45 260
214 282 99 183 198
122 24 103 286 281
189 196 157 191 290
10000000 10000000 10000000 10000000 10000000
146 276 7 192 70
268 130 323 290 64
89 191 256 244 272
210 75 132 210 207
308 287 172 173 125
226 9 49 89 255
224 253 312 287 13
83 159 185 190 297
321 234 40 214 86
190 91 216 207 250
11 127 10 248 15
214 275 214 193 212
238 62 257 235 323
262 240 18 55 300
90 209 69 193 68
196 298 38 25 87
217 324 6 272 296
290 258 153 117 222
134 124 44 48 89
317 319 32 191 172
131 202 19 93 183
285 132 44 128 299
191 318 115 320 285
209 5 173 187 114
80 19 36 84 124
174 136 328 273 102
22 272 256 240 156
244 311 184 254 237
177 179 284 39 61
295 230 180 138 10
199 12 243 256 250
57 20 124 153 253
12 281 305 43 120
317 242 306 233 314
156 241 328 96 235
203 152 62 217 204
156 51 312 75 34
66 262 92 105 131
97 62 177 114 126
320 309 298 179 276
50 255 146 312 125
220 211 129 91 313
212 51 24 240 265
82 45 208 215 127
319 172 307 191 89
55 228 209 17 289
54 268 202 93 90
57 91 136 117 238
57 284 94 6 94
92 56 132 88 303
149 204 148 188 222
203 11 264 92 14
328 160 9 150 14
23 28 162 141 230
97 52 287 302 91
7 235 306 50 235
295 274 95 67 129
36 187 72 253 12
161 85 66 43 189
241 166 240 243 305
185 64 222 65 86
239 218 271 98 247
272 220 315 17 59
247 230 92 300 110
276 37 266 28 39
284 205 238 19 216
317 148 89 149 235
138 179 33 74 73
321 122 30 296 227
13 258 244 33 261
118 262 125 73 238
280 245 267 99 185
279 248 121 187 104
82 299 37 14 190
276 196 318 85 100
279 90 110 188 320
230 267 36 67 70
117 314 135 329 281
234 265 234 97 95
206 312 151 205 10
226 231 213 240 44
275 70 204 141 19
323 51 92 201 325
323 214 245 328 313
257 211 79 250 294
109 198 287 179 51
129 49 31 104 121
37 54 138 89 206
264 272 176 198 202
281 85 145 289 302
141 37 109 8 287
223 124 192 321 201
207 144 63 77 302
239 13 231 266 225
9 268 194 116 316
280 99 124 236 81
92 285 144 267 31
317 104 285 97 84
55 121 100 191 298
55 159 278 320 94
218 171 153 225 18
84 263 292 182 46
230 123 254 145 284
205 69 151 109 322
65 252 135 171 139
55 54 233 208 152
173 66 119 50 198
154 161 135 249 289
284 47 227 302 40
160 138 106 209 75
279 155 13 322 182
277 24 295 121 157
65 202 296 201 147
168 220 161 170 176
95 118 187 124 205
270 32 327 163 291
57 170 120 288 328
185 224 309 147 189
103 39 204 86 86
267 271 224 34 262
10000000 10000000 10000000 10000000 10000000
75 45 120 297 5
213 71 127 211 222
111 121 108 130 57
171 142 238 6 234
242 29 182 74 261
97 327 117 78 216
283 136 111 235 43
62 219 18 127 135
77 156 270 279 320
82 12 234 133 183
110 11 267 267 264
83 32 33 197 226
194 99 130 243 295
236 288 292 102 244
103 110 123 33 39
40 124 112 60 269
18 216 124 204 292
242 59 46 101 50
241 258 107 84 17
226 183 66 27 50
245 313 68 14 104
90 82 11 230 322
79 180 263 269 115
52 137 84 67 191
21 5 235 172 10
194 298 330 322 293
167 283 136 101 211
79 157 65 159 5
180 144 182 99 143
327 316 267 146 222
26 105 43 139 147
280 254 263 280 89
151 206 275 210 220
309 197 207 56 213
290 239 116 267 276
278 237 176 174 124
33 209 57 213 129
99 267 96 262 16
198 312 115 96 285
169 213 8 296 77
268 284 82 220 64
135 253 24 178 278
224 50 219 207 66
251 93 303 149 154
71 165 258 272 327
221 114 192 268 321
141 83 233 227 23
8 142 299 145 25
71 270 100 98 24
65 282 37 39 270
296 246 142 141 140
222 20 291 190 306
30 201 14 174 262
296 255 110 239 175
40 195 218 274 293
265 280 171 301 219
57 265 24 239 164
42 319 218 190 212
264 166 301 95 24
245 125 309 268 184
309 181 328 131 300
221 168 96 278 118
173 245 15 39 283
219 196 85 82 201
264 92 257 184 262
146 279 231 44 121
33 173 101 167 38
180 184 91 175 119
214 47 198 148 136
157 201 282 85 229
232 24 222 199 309
249 245 80 73 229
180 313 307 267 99
49 11 127 143 222
212 150 158 120 255
220 110 119 258 80
240 83 88 42 173
149 5 6 53 132
303 314 313 98 9
175 315 241 72 247
182 129 105 201 31
149 12 101 16 57
323 268 80 330 63
256 123 238 21 157
17 16 280 210 191
33 104 235 108 192
161 116 137 251 226
156 101 198 23 219
112 12 28 185 163
103 50 207 216 50
286 26 193 70 234
166 112 23 85 44
187 297 67 57 86
32 269 142 49 51
249 216 15 40 152
192 52 180 268 39
59 324 190 61 131
321 120 322 50 84
109 91 198 119 100
114 215 96 25 17
324 23 71 216 217
326 87 249 199 302
141 27 280 317 39
175 121 275 101 43
292 301 268 313 320
160 108 107 163 312
261 192 210 11 144
138 288 57 238 122
202 202 211 302 209
324 172 150 46 102
65 120 299 279 25
291 287 155 86 117
37 280 79 154 76
115 39 147 269 255
113 141 263 18 78
211 128 40 321 161
207 221 320 14 192
81 190 89 227 187
225 79 281 121 77
307 274 302 159 25
10000000 10000000 10000000 10000000 10000000
194 98 264 308 187
46 18 86 117 108
158 40 30 229 246
308 154 63 266 209
179 11 137 100 66
131 94 60 49 297
286 16 281 168 133
174 191 261 177 5
39 234 48 231 20
292 122 118 87 110
7 147 74 113 52
119 314 312 25 75
211 204 94 244 319
245 227 141 283 167
104 135 174 112 59
14 294 137 280 266
41 222 297 161 193
68 100 5 54 272
88 323 126 181 109
231 154 27 81 95
119 98 234 281 141
114 246 28 195 147
149 318 202 46 299
113 207 229 179 220
50 116 200 57 265
229 8 314 80 187
206 30 188 134 203
305 213 101 214 188
205 278 225 19 148
201 297 35 320 24
69 140 311 82 120
168 215 119 123 126
189 327 241 310 185
329 11 87 119 237
92 305 136 182 57
142 277 324 18 99
319 8 188 46 254
321 320 61 260 245
274 163 164 267 196
297 202 264 192 132
50 249 193 51 22
132 93 74 11 187
216 165 175 22 311
311 256 295 297 194
55 194 217 194 223
238 102 241 56 287
131 47 104 240 287
219 281 74 219 213
192 273 105 30 93
243 246 62 57 150
247 66 236 155 34
9 105 39 304 282
243 24 289 52 210
251 54 165 194 259
319 205 312 165 69
246 145 229 26 101
112 32 291 240 218
61 271 309 9 226
116 154 251 131 41
282 267 91 276 28
219 54 176 129 295
312 248 11 185 258
325 103 163 5 42
14 123 283 235 235
145 122 222 120 242
112 198 14 95 229
251 77 22 121 106
120 156 32 253 204
34 107 177 235 202
248 305 287 25 161
32 167 297 195 209
186 5 6 315 94
136 92 258 203 252
274 138 291 195 158
267 114 112 129 330
77 236 114 148 221
101 70 222 181 95
235 315 118 31 264
291 43 28 10 28
157 216 42 210 309
274 115 310 25 50
324 315 153 204 317
173 113 221 258 57
275 295 167 296 275
85 153 198 121 235
135 241 94 224 210
232 122 276 17 60
288 114 258 60 93
237 30 249 277 124
53 306 247 229 278
115 312 227 319 145
261 120 53 163 69
186 246 245 299 199
173 100 281 209 176
309 122 168 294 312
113 195 9 104 101
93 165 326 284 315
309 297 9 43 189
298 83 29 259 274
209 218 213 261 176
202 123 25 31 322
202 185 226 327 163
43 81 42 37 181
98 39 269 192 90
11 76 248 40 180
249 24 83 327 21
303 265 327 229 125
311 312 278 302 50
176 159 29 233 39
122 66 74 166 132
250 295 78 260 288
201 58 313 268 11
236 327 120 75 147
148 257 128 56 35
5 313 99 56 91
65 67 154 253 293
37 95 256 303 259
129 258 142 330 301
7 77 310 32 109
241 108 125 218 133
10000000 10000000 10000000 10000000 10000000
90 307 12 235 280
60 208 309 156 58
224 240 154 135 159
241 256 91 267 49
232 281 129 297 144
103 205 26 219 308
282 64 311 236 328
59 82 24 140 148
50 327 251 127 270
161 75 247 15 58
209 25 291 261 198
251 158 126 200 94
226 67 296 140 34
155 252 303 98 76
171 186 113 57 115
14 70 309 180 250
329 68 312 245 255
230 34 115 24 99
202 29 202 221 266
11 22 90 304 145
93 271 258 51 93
134 173 81 312 234
113 224 114 83 55
163 41 211 161 62
245 320 319 308 205
260 290 104 222 229
65 125 322 188 213
83 131 311 267 37
49 275 211 9 104
259 12 296 220 284
175 129 159 24 324
82 262 105 297 271
10 201 103 18 239
12 151 186 303 184
31 157 76 136 18
57 89 66 105 35
201 104 175 136 39
239 139 246 304 291
82 224 85 59 32
232 116 47 51 57
16 156 102 136 213
313 129 28 117 242
235 253 53 160 66
257 275 29 236 104
172 155 98 94 135
140 313 302 288 9
324 214 221 42 254
108 302 55 151 303
54 241 140 31 198
181 252 5 49 155
167 44 230 55 180
190 8 211 241 15
76 269 134 33 326
13 110 248 281 210
211 113 169 223 46
39 255 229 169 34
25 298 291 105 289
240 325 31 209 318
237 101 102 154 141
297 288 235 138 234
309 236 156 318 190
284 188 121 243 49
208 291 145 285 287
19 170 155 10 185
90 290 165 177 317
11 317 268 80 264
259 320 160 213 55
280 92 139 265 175
93 179 266 263 123
99 78 156 119 318
43 33 252 99 60
120 210 261 128 53
228 129 267 258 186
177 288 85 167 96
189 195 158 122 65
222 230 12 200 150
283 155 155 99 137
267 126 217 145 79
22 291 7 107 164
125 213 245 305 277
89 43 176 304 265
35 140 156 281 257
148 263 188 233 175
329 192 238 288 308
260 7 274 97 72
288 187 227 270 22
146 7 42 143 269
223 143 308 199 282
72 197 177 325 279
82 186 255 209 131
15 111 271 65 116
225 328 150 197 128
17 241 102 301 321
163 122 183 9 238
70 286 266 43 36
302 223 7 213 82
319 217 5 160 222
158 187 22 279 327
200 311 89 233 35
126 301 299 5 246
30 303 239 76 292
122 97 318 208 307
269 104 235 48 78
262 326 197 295 238
251 88 109 316 266
10 261 211 301 65
21 175 234 30 127
22 293 198 41 118
230 315 63 25 23
303 119 20 174 182
32 220 169 203 64
183 249 136 305 189
183 159 321 130 13
173 11 276 79 225
291 232 77 319 212
227 206 13 21 95
46 220 71 295 170
184 59 131 19 45
57 228 95 123 279
296 312 49 91 94
10000000 10000000 10000000 10000000 10000000
280 313 318 12 126
162 312 12 27 166
251 139 201 199 6
27 107 34 15 301
199 237 299 208 109
270 66 286 251 128
5 287 307 36 248
102 324 74 159 274
27 272 317 248 284
86 16 320 99 38
268 101 25 225 285
188 212 279 19 287
323 240 293 27 118
158 295 193 221 186
270 10 96 119 264
248 249 103 244 254
165 298 247 91 65
110 56 161 184 168
250 190 22 307 174
328 277 136 208 211
150 73 32 183 183
147 277 28 52 201
26 37 314 201 67
65 128 133 80 30
329 91 11 155 227
290 140 54 48 231
197 91 292 183 62
27 88 253 291 34
308 68 45 133 112
59 73 77 22 128
13 281 143 194 161
298 226 129 61 183
19 37 135 153 82
215 61 86 307 48
143 279 224 159 138
125 238 202 323 95
186 70 311 329 147
273 54 181 284 20
117 328 27 254 183
311 297 55 274 137
145 154 286 269 114
124 208 100 167 289
92 237 141 187 199
309 52 8 234 223
189 81 262 297 227
326 66 80 37 85
217 173 172 158 141
315 45 71 32 113
197 39 295 90 194
115 111 253 319 98
195 240 253 299 105
79 144 233 322 297
16 254 199 199 303
266 251 92 330 186
207 139 223 98 265
127 72 11 16 95
178 29 27 81 113
258 61 77 328 270
94 89 67 289 170
109 36 161 175 12
303 164 178 190 247
155 245 53 83 212
251 264 107 219 285
137 312 19 284 203
156 231 307 79 177
317 277 212 216 318
203 132 258 63 36
139 143 132 190 28
200 188 118 305 115
29 136 308 9 33
218 201 308 251 19
190 307 208 114 255
169 238 146 121 35
246 143 260 158 172
175 98 68 166 124
114 190 268 63 150
9 135 90 304 251
281 118 21 187 186
117 60 212 308 84
12 219 154 292 309
196 37 38 130 173
230 209 328 200 214
199 48 179 318 326
168 133 294 173 98
30 233 277 195 86
297 66 319 157 320
167 212 100 88 31
209 233 209 92 327
41 128 170 128 74
251 58 259 300 173
234 254 208 305 47
320 28 213 318 39
34 292 94 234 213
62 260 210 224 23
68 116 219 160 48
286 127 17 16 113
177 66 86 260 173
323 143 200 318 251
105 295 29 45 254
25 29 83 89 287
259 129 318 174 57
23 223 106 286 269
205 189 137 172 211
72 217 42 273 330
147 312 238 295 28
137 77 319 155 212
81 324 220 304 275
237 144 89 180 200
157 24 311 42 8
224 224 43 203 94
121 51 50 242 235
170 324 30 109 235
239 114 180 33 83
18 221 118 288 57
80 226 61 289 44
236 191 155 52 284
173 25 295 264 71
311 231 85 148 13
191 50 305 68 159
217 53 243 75 302
10000000 10000000 10000000 10000000 10000000
191 87 330 54 200
113 62 137 113 220
209 286 121 47 142
64 124 176 299 54
13 104 312 157 265
249 226 223 198 314
274 172 254 178 221
208 198 82 281 158
139 129 127 211 61
89 197 64 226 136
55 182 173 202 275
324 176 17 171 122
282 296 231 58 323
110 255 229 102 221
296 47 109 145 163
137 132 222 103 316
220 227 35 75 38
329 122 132 298 78
312 270 127 254 252
276 89 183 231 329
122 262 164 185 232
13 243 302 117 16
118 186 131 106 179
181 186 250 328 119
145 91 218 79 281
248 160 44 35 176
208 134 141 79 222
8 192 154 35 276
78 85 258 226 249
74 307 85 76 100
185 328 148 315 171
137 242 28 302 136
156 288 54 115 257
7 164 138 182 110
177 105 294 94 289
214 197 110 209 67
95 289 25 114 30
258 241 80 153 298
29 115 162 200 147
26 170 40 108 222
125 206 295 190 108
202 214 171 284 174
187 212 55 255 268
123 125 315 184 178
76 302 76 25 166
261 65 153 300 309
119 236 13 17 136
162 183 248 201 17
244 23 169 225 41
193 238 327 168 229
93 131 196 132 77
314 73 249 96 55
179 11 159 283 35
18 233 114 44 330
261 226 180 36 294
81 245 271 27 59
70 190 215 66 111
144 160 139 59 178
154 134 29 89 11
118 158 162 223 107
217 15 291 94 169
59 190 107 95 10
227 137 322 265 101
156 75 316 226 284
182 38 83 328 244
114 241 79 108 73
166 140 203 70 46
54 275 266 217 38
127 313 241 74 63
321 237 49 238 211
325 265 64 187 80
7 45 185 39 330
235 297 227 147 259
297 213 40 212 214
264 9 5 266 141
269 132 74 281 308
121 254 9 284 311
149 41 181 67 279
160 189 293 220 80
131 239 253 297 102
92 183 100 140 20
156 257 277 208 233
197 9 321 91 174
136 304 27 217 163
323 204 316 126 154
108 109 118 243 317
31 31 58 228 101
79 255 289 304 94
262 105 163 252 227
190 273 320 110 18
48 39 325 248 92
30 8 64 318 32
321 310 324 99 177
119 164 169 125 226
26 218 179 305 128
62 270 229 156 203
301 48 276 288 101
175 35 255 292 223
35 230 232 124 309
60 330 201 198 63
9 275 151 86 289
136 172 137 221 140
109 132 149 98 171
207 13 95 233 268
73 235 82 141 306
286 281 87 215 8
37 20 101 140 297
261 33 245 148 302
93 304 248 217 208
27 289 187 306 132
239 159 141 175 78
165 32 295 268 195
126 281 309 227 109
128 48 114 53 80
75 42 265 314 35
280 318 242 149 129
107 25 37 69 198
165 97 24 243 227
307 147 43 209 238
318 189 160 245 296
10000000 10000000 10000000 10000000 10000000
311 135 25 189 35
330 49 151 235 275
321 295 118 44 286
199 174 93 45 130
314 147 83 165 289
208 227 143 42 147
26 102 162 87 232
104 104 232 98 76
220 168 22 56 234
143 48 133 283 11
250 98 269 44 111
44 143 110 74 162
271 82 302 112 258
45 198 303 39 24
297 274 286 283 231
265 283 62 170 176
88 139 9 238 282
327 29 86 113 109
298 322 293 208 220
238 135 225 287 173
66 192 43 230 182
195 7 308 18 8
36 170 138 65 81
143 294 156 204 64
250 321 131 221 265
89 15 158 254 186
192 266 235 131 297
249 186 232 263 106
127 247 58 279 186
279 44 268 256 268
129 98 86 301 120
87 73 156 59 71
308 281 27 49 215
134 310 166 212 24
253 40 322 26 42
55 183 104 122 187
171 317 323 47 186
321 158 123 12 97
171 39 296 242 114
130 142 271 220 33
287 79 295 118 133
267 90 5 7 299
308 60 16 132 142
281 161 11 146 190
43 179 33 255 177
262 119 26 229 59
116 198 255 195 283
178 115 99 311 110
328 317 49 195 58
30 133 274 127 153
10 53 163 261 322
271 166 186 47 254
274 265 74 172 66
202 178 305 27 153
154 82 207 268 244
176 253 265 261 204
196 265 241 275 199
92 21 181 259 44
323 184 193 249 61
66 205 246 60 169
231 210 17 184 274
282 200 282 320 211
14 306 172 295 281
245 216 188 217 243
246 194 59 33 186
79 274 324 297 118
274 231 309 197 190
249 68 189 227 214
293 254 241 77 17
69 330 84 75 124
131 279 11 170 273
229 206 264 293 193
138 189 239 140 300
134 32 292 248 104
285 183 221 93 78
26 79 42 291 139
297 250 241 150 169
273 95 51 312 146
241 52 318 294 6
277 183 210 282 24
327 163 199 26 257
267 265 47 9 203
79 204 268 123 146
286 218 31 98 322
60 200 267 281 31
103 218 315 290 65
150 296 47 266 231
54 207 53 63 132
172 5 296 77 295
279 166 223 8 324
46 36 29 280 293
266 14 145 205 24
197 278 279 89 194
17 188 23 279 87
142 317 11 256 222
43 75 229 294 257
78 289 134 192 44
87 212 74 308 247
149 27 34 31 274
115 5 320 125 228
55 302 130 184 262
8 286 169 225 35
222 242 322 237 41
122 303 40 90 51
75 247 264 301 145
312 317 139 185 127
321 306 321 48 202
312 288 156 133 154
257 27 126 32 291
101 317 285 293 248
310 135 308 182 137
139 240 95 270 9
35 109 257 68 328
85 130 91 183 179
118 107 23 24 171
212 287 254 302 144
257 270 57 286 83
326 8 221 301 192
328 98 255 76 198
77 33 324 15 165
10000000 10000000 10000000 10000000 10000000
257 47 49 267 203
271 195 277 73 41
52 92 87 8 284
289 207 109 54 112
73 140 104 319 43
274 275 83 85 192
283 308 38 62 230
42 182 112 222 20
29 134 18 308 131
232 312 220 302 33
62 84 198 224 308
121 180 244 213 299
61 63 248 308 226
9 87 118 220 319
308 27 8 255 66
16 18 326 179 285
261 50 214 14 284
133 141 30 209 171
54 268 295 238 112
195 170 260 295 308
164 109 312 114 79
90 208 190 62 326
193 77 32 177 250
177 181 9 299 322
28 193 234 197 42
32 140 83 69 159
269 85 245 319 228
281 29 26 60 147
304 290 154 212 103
16 56 51 91 98
252 179 208 76 303
134 179 298 82 174
291 317 276 241 7
267 141 55 244 72
112 139 272 213 142
187 321 158 303 108
90 322 275 142 183
149 281 199 19 277
138 265 191 241 94
161 119 171 325 290
201 178 152 252 34
92 37 89 235 199
11 198 118 237 166
311 176 172 235 157
179 184 312 230 132
14 104 226 253 149
258 36 198 181 67
44 114 195 217 81
152 224 59 263 58
145 10 287 247 212
269 61 89 257 207
7 133 15 93 289
255 119 215 176 136
147 95 156 128 296
229 148 62 267 50
205 31 244 195 148
241 303 252 131 235
250 42 207 268 7
193 68 50 77 264
322 119 324 291 9
308 253 208 245 7
250 86 306 134 259
321 43 135 40 24
179 236 10 234 23
312 194 144 44 20
115 15 179 276 98
80 131 168 37 111
24 246 311 301 124
14 211 256 41 290
328 106 192 189 250
143 206 95 36 59
129 257 303 174 222
284 228 271 113 17
147 313 170 6 181
167 279 170 285 275
192 101 256 206 289
83 259 135 110 288
236 234 158 174 84
198 261 183 174 28
227 268 230 308 246
101 164 86 50 201
328 33 233 38 210
234 46 191 228 44
228 283 142 32 53
148 158 216 171 91
291 101 187 27 160
259 167 188 197 156
65 91 185 291 51
153 218 230 195 286
82 265 54 158 166
184 172 76 277 58
234 263 134 51 9
228 126 152 162 198
159 163 259 13 58
288 75 248 304 182
77 172 145 300 197
132 63 102 327 288
53 74 159 270 321
195 171 84 42 90
74 320 223 130 240
185 239 133 273 68
218 65 269 9 89
229 286 213 233 154
166 168 216 220 240
202 322 254 306 277
208 20 271 137 300
97 140 68 269 105
69 223 115 227 220
87 53 316 171 67
234 153 325 291 168
285 117 275 18 319
311 62 326 54 170
260 71 33 329 66
315 93 194 273 94
226 158 217 309 261
192 290 214 168 44
233 175 197 310 125
324 86 53 137 84
138 86 30 64 127
306 130 275 318 32
10000000 10000000 10000000 10000000 10000000
142 238 89 105 180
132 304 46 89 294
239 29 54 50 290
165 210 107 148 251
29 153 36 136 161
191 233 94 94 243
18 133 324 307 232
269 153 245 214 85
71 249 58 110 206
301 41 37 288 220
81 129 10 170 157
295 193 19 135 180
312 133 291 284 195
125 184 39 326 101
250 126 232 33 212
241 94 276 208 145
118 61 321 311 293
211 65 272 248 246
154 210 150 178 326
45 271 154 70 301
44 145 48 282 216
18 98 193 235 62
266 214 269 231 64
261 212 220 59 256
252 295 315 120 9
311 195 192 288 281
291 275 133 44 251
111 311 285 24 19
9 271 231 283 230
28 62 238 34 57
130 47 276 309 232
141 41 330 188 49
16 186 270 200 71
315 66 175 135 247
297 284 236 292 191
291 214 78 203 59
55 287 225 268 323
153 8 327 199 272
160 45 127 133 84
103 205 254 23 304
286 285 176 46 305
135 102 28 284 214
66 13 63 172 109
196 204 120 99 282
121 80 113 145 59
183 134 273 45 247
131 289 144 68 9
118 318 244 227 310
291 16 118 256 131
296 62 274 279 37
14 26 96 251 305
13 69 60 232 68
228 275 59 144 298
183 261 64 188 71
157 176 97 290 279
80 54 264 92 260
249 62 195 54 102
215 250 118 199 63
183 297 281 103 280
188 38 130 148 263
195 96 35 275 118
253 237 50 108 37
234 284 211 7 233
95 7 102 214 240
68 202 50 223 329
51 289 308 44 240
23 262 149 222 88
83 321 232 236 125
18 208 62 189 67
86 140 175 173 116
284 29 116 142 66
250 54 168 29 281
276 35 90 214 122
106 78 51 261 272
68 192 276 111 214
185 207 129 86 110
259 262 271 296 85
233 92 42 235 326
161 190 237 242 19
17 124 229 158 231
244 269 249 188 270
267 31 248 9 63
249 197 150 217 65
99 306 258 295 288
155 329 139 304 212
132 162 309 18 300
109 78 55 216 168
128 259 263 257 78
325 253 119 318 88
6 73 36 92 312
15 57 144 82 44
158 111 152 149 134
193 38 146 248 259
82 123 123 40 139
150 273 41 175 37
21 63 94 92 312
79 137 212 315 282
274 211 329 247 176
128 124 220 88 30
47 302 16 239 189
204 216 302 268 322
218 32 329 286 325
55 67 252 284 55
287 38 272 123 110
88 133 194 159 63
232 234 23 21 235
330 84 309 9 173
24 321 158 233 53
95 122 6 278 228
150 35 71 51 152
92 120 196 131 293
217 94 102 256 303
166 283 68 201 34
330 69 189 243 309
95 157 41 225 326
170 40 132 287 92
53 47 67 58 241
234 26 98 142 245
295 326 263 82 172
307 267 321 21 305
10000000 10000000 10000000 10000000 10000000
129 236 198 12 123
202 315 97 239 203
239 22 21 29 246
279 194 83 152 52
98 186 101 243 248
210 193 261 163 115
71 199 198 161 30
264 308 37 255 85
155 273 78 260 121
287 51 95 276 43
167 76 172 152 328
150 196 76 110 96
316 133 236 11 329
196 251 280 257 25
301 28 149 316 317
47 54 157 137 196
78 84 173 161 251
301 144 235 288 304
242 325 254 299 110
319 169 232 152 201
231 288 283 41 12
198 103 226 114 279
194 301 208 204 165
32 330 285 290 54
91 23 231 188 122
82 329 294 27 250
289 281 145 89 50
47 77 43 257 101
106 91 290 209 142
12 198 150 84 263
109 190 313 291 38
240 140 67 88 122
131 251 225 221 114
162 216 88 8 313
207 303 277 293 170
29 249 233 277 91
46 244 86 106 49
166 5 49 317 323
300 66 300 26 13
61 32 36 81 185
146 186 32 135 248
285 106 146 262 94
148 170 214 83 21
50 253 57 88 324
106 246 79 171 67
264 306 299 288 181
234 235 324 222 321
330 46 277 197 113
11 11 65 200 123
307 257 64 22 226
242 158 73 132 72
220 210 5 178 44
291 221 281 171 136
149 184 281 229 120
12 18 34 290 286
32 100 21 148 106
94 158 189 143 160
69 300 26 257 56
125 325 105 45 291
29 219 280 164 147
246 150 145 311 204
117 204 290 94 140
180 18 19 41 74
197 157 143 146 223
209 89 60 109 280
321 161 71 290 29
61 224 316 112 116
68 236 43 111 59
209 8 216 318 241
174 290 281 33 224
119 169 225 55 61
233 305 280 160 250
142 173 116 224 328
23 23 250 146 217
330 50 286 6 316
136 300 286 44 137
46 91 169 126 312
181 7 296 119 195
140 16 114 152 285
243 109 158 69 296
244 292 310 209 274
254 250 36 256 253
163 212 107 232 290
234 322 163 109 220
180 94 89 177 182
68 292 200 82 109
173 125 120 62 180
17 267 129 156 175
25 182 67 133 256
321 145 180 74 326
212 160 87 90 61
77 327 87 132 127
19 203 258 303 21
74 179 93 77 330
134 218 30 5 275
134 313 287 256 19
59 102 167 96 95
190 304 69 211 227
247 303 161 255 197
185 85 317 304 12
90 315 153 102 143
7 209 165 42 325
248 250 251 272 253
36 232 47 234 273
313 310 279 13 56
326 31 84 247 147
221 157 154 288 228
277 289 108 10 242
64 100 302 75 297
293 158 306 144 81
166 107 205 123 282
115 31 229 184 247
7 31 19 185 190
57 157 247 183 58
263 95 109 62 313
170 69 281 294 22
49 58 283 174 34
310 72 270 313 217
147 317 235 214 50
53 96 187 273 304
10000000 10000000 10000000 10000000 10000000
34 321 239 173 74
275 247 149 139 62
45 282 26 326 202
279 41 86 131 30
329 124 104 318 104
223 237 233 123 230
263 160 220 306 248
226 158 80 188 156
22 232 272 190 247
325 9 217 301 187
132 71 259 285 161
310 289 186 173 9
159 222 244 132 178
16 145 211 140 230
208 45 100 271 32
184 93 99 238 215
296 259 304 120 186
113 330 185 132 225
232 41 280 109 16
62 136 186 233 138
102 242 15 262 242
226 250 202 52 11
230 273 95 23 154
20 193 204 159 303
273 309 58 65 301
231 162 184 6 168
138 274 227 19 68
40 68 179 305 280
96 196 71 134 168
63 255 144 23 182
121 157 315 277 161
101 162 177 58 191
166 300 224 74 304
68 108 79 273 171
112 69 231 268 64
64 121 146 38 182
23 218 136 56 199
117 125 98 106 273
24 301 302 242 295
100 185 95 83 17
71 205 302 68 193
264 216 46 98 157
13 27 45 306 195
31 123 283 122 203
202 166 215 79 276
9 144 71 223 163
304 213 143 21 168
302 104 60 9 313
280 242 307 198 206
105 44 71 254 64
48 69 180 294 157
135 248 115 135 143
77 191 73 15 308
316 168 170 316 235
94 138 292 39 148
281 292 131 53 204
242 173 87 30 226
262 48 9 258 329
199 66 175 221 61
159 311 175 33 121
124 186 239 88 25
12 247 294 19 298
202 61 113 195 222
272 160 152 137 162
142 276 295 195 136
206 299 113 114 321
318 24 11 90 286
305 138 250 165 98
158 221 319 62 239
53 156 262 69 264
145 210 53 126 84
195 254 50 139 249
29 107 40 321 132
164 312 167 259 274
222 219 298 130 97
110 104 126 256 142
102 290 147 216 242
239 252 119 101 205
157 101 19 279 280
5 84 5 103 105
318 293 105 60 155
324 310 72 284 122
205 181 82 39 135
291 303 297 308 319
183 168 286 186 11
244 238 219 210 208
73 265 119 48 304
156 231 124 296 297
165 26 174 92 216
105 261 149 120 90
178 284 49 134 232
32 45 46 226 198
235 291 97 161 86
134 175 102 117 269
270 297 86 300 131
323 208 81 35 189
87 319 127 13 60
52 187 127 96 163
239 118 276 52 195
243 119 283 45 83
236 246 52 6 214
317 54 102 238 218
243 321 137 176 128
326 7 134 314 203
15 138 239 213 273
14 60 108 79 78
117 305 141 302 80
192 52 271 296 153
282 241 268 320 170
206 239 178 325 124
326 17 12 106 262
120 182 238 51 292
215 61 280 277 37
186 297 122 67 137
271 187 188 165 23
25 241 231 68 147
205 93 46 19 111
77 248 183 23 233
65 157 14 98 244
113 191 73 188 217
10000000 10000000 10000000 10000000 10000000
23 150 282 114 303
159 10 47 297 121
296 156 115 147 162
120 269 65 32 295
42 24 167 284 135
244 13 69 75 147
299 180 244 163 59
11 176 294 83 151
300 57 22 182 79
121 242 70 316 295
308 112 322 73 149
139 44 267 274 117
267 159 258 262 154
108 125 79 31 292
303 203 257 108 83
87 191 313 99 275
137 107 197 78 217
102 12 170 95 263
241 214 230 191 114
130 41 65 103 314
55 103 13 21 214
216 301 206 45 165
170 242 47 104 260
86 152 99 103 279
60 102 127 308 214
161 5 307 140 294
39 165 170 154 177
26 80 77 302 256
307 314 177 28 192
266 184 174 40 164
259 183 188 53 246
66 221 272 138 44
153 181 113 199 55
317 144 41 35 106
312 212 173 263 86
34 35 186 131 63
39 234 298 204 89
100 57 100 77 303
184 294 289 96 260
294 179 132 214 295
65 76 143 265 101
183 53 282 144 172
295 54 45 223 248
163 20 53 172 259
240 293 194 108 245
195 76 68 180 69
178 96 151 43 210
102 307 136 176 205
115 131 98 307 193
111 85 36 81 137
138 9 63 141 48
58 212 306 309 274
307 172 37 294 84
199 106 49 172 308
149 312 79 52 179
66 306 207 127 123
183 7 267 127 44
78 113 227 257 155
166 154 8 25 237
134 290 327 246 249
194 149 122 212 223
149 35 123 195 30
293 153 84 311 321
94 296 10 74 75
199 93 168 277 300
300 142 210 37 59
329 252 52 49 247
261 97 292 133 308
279 238 112 313 86
269 106 196 88 184
182 210 46 124 243
144 322 203 282 69
102 145 100 81 250
78 252 307 225 153
133 123 31 151 101
40 322 322 328 75
130 317 113 117 280
129 25 284 104 278
21 121 264 38 102
320 278 149 10 48
270 302 289 161 66
138 191 252 131 32
169 51 113 111 30
269 82 209 323 73
234 311 69 198 9
242 321 180 281 63
280 211 262 73 246
123 46 217 329 112
209 65 36 175 46
77 68 276 149 155
325 251 185 327 323
95 6 149 143 307
30 5 50 188 26
28 70 29 85 112
156 243 179 256 59
96 264 243 329 112
182 271 328 84 303
94 274 195 289 287
150 306 26 134 122
121 100 244 35 243
122 13 318 116 100
53 218 220 253 124
154 70 46 302 307
50 64 200 168 277
206 224 113 186 261
63 193 223 188 149
117 37 232 159 18
280 87 12 64 50
297 16 223 286 153
49 172 34 219 83
184 186 301 164 279
150 160 181 77 111
106 226 220 301 296
329 187 27 181 234
137 76 263 167 151
297 330 284 165 96
134 19 290 46 146
311 232 157 189 89
10 282 275 31 278
303 67 234 34 29
10000000 10000000 10000000 10000000 10000000
270 228 77 204 122
15 143 314 100 85
121 275 262 83 66
316 22 70 194 164
258 121 59 235 122
115 36 135 157 28
328 111 22 319 92
18 292 254 289 330
180 228 107 262 242
115 95 54 31 10
147 282 252 330 211
43 194 108 295 49
95 191 20 231 120
202 295 222 255 29
60 269 138 180 32
42 199 20 93 120
159 171 141 256 16
29 160 262 111 306
183 292 234 84 262
79 127 109 40 259
138 157 324 16 39
217 182 227 195 184
251 96 182 201 128
301 14 127 305 153
288 63 323 34 16
74 213 131 123 55
279 117 303 83 285
106 235 81 167 212
309 104 147 182 292
236 117 55 105 258
181 73 57 8 117
185 175 59 121 213
311 222 76 128 313
259 57 126 309 65
274 11 118 274 21
191 85 313 276 321
158 274 128 212 55
50 113 98 246 33
121 216 33 188 28
216 15 238 84 60
126 14 176 70 304
222 290 14 128 252
274 207 204 300 267
211 154 248 221 85
147 175 89 37 106
91 189 212 189 272
83 173 225 160 52
104 231 248 47 266
124 18 47 32 319
114 90 221 103 224
41 17 94 304 328
218 113 65 172 117
54 268 299 327 312
280 96 139 177 274
105 77 59 300 115
215 118 252 59 211
91 270 119 315 151
187 164 211 167 48
206 309 139 120 11
300 51 100 235 69
79 247 18 275 240
258 164 159 325 323
250 104 249 20 181
19 83 167 100 276
187 40 318 67 250
209 180 267 138 230
236 230 103 140 178
131 19 41 252 272
169 64 311 76 258
180 245 186 214 41
300 261 223 177 269
308 189 231 38 92
123 281 190 318 243
266 215 140 51 50
228 79 58 219 134
20 280 225 322 146
292 190 244 201 210
159 10 92 212 327
51 312 18 132 52
330 323 143 197 58
113 240 237 170 250
152 42 127 129 54
300 89 184 86 25
54 279 144 184 313
146 143 88 86 297
307 129 16 157 307
97 329 117 134 321
226 303 227 194 310
162 7 81 309 167
52 170 284 263 184
81 132 99 35 130
50 251 172 7 27
255 112 271 49 279
130 17 162 61 215
75 40 15 182 251
185 90 174 275 254
134 58 144 114 265
8 138 267 221 150
47 113 244 42 329
10 24 88 141 174
140 163 248 79 249
78 141 42 217 33
129 321 90 103 187
79 239 282 118 66
253 171 249 149 6
66 171 118 328 166
259 227 323 167 278
81 40 105 212 197
132 280 108 91 42
323 149 131 100 154
44 262 271 114 206
90 179 55 152 55
153 132 219 248 310
150 250 35 161 294
284 116 198 114 322
15 69 294 201 184
59 141 60 294 321
192 64 229 317 185
305 6 267 232 174
218 135 57 259 54
10000000 10000000 10000000 10000000 10000000
194 92 184 8 56
282 29 250 303 131
320 213 318 140 257
13 104 93 311 326
134 291 39 20 274
57 318 25 176 43
119 21 312 203 106
195 72 125 28 214
135 270 106 195 171
316 248 330 236 161
198 147 58 275 53
15 9 12 61 295
231 243 217 240 259
184 230 219 17 136
14 202 184 263 123
177 61 86 122 299
326 184 71 163 268
92 274 169 155 301
277 259 255 312 62
240 254 226 284 235
293 108 50 136 289
178 219 38 225 296
180 54 164 87 21
138 76 71 68 239
86 263 172 255 26
102 141 129 32 249
90 180 27 46 303
178 225 76 66 315
78 171 197 144 260
234 291 156 23 266
184 170 50 325 56
197 39 79 63 315
263 105 269 304 278
215 211 287 146 261
307 301 328 330 198
233 148 53 73 283
199 228 189 87 86
249 245 233 23 151
227 146 236 209 271
189 20 65 234 164
231 254 170 106 238
160 170 74 92 127
288 61 55 305 126
15 239 185 208 160
175 222 28 244 172
86 68 250 152 48
225 260 71 187 159
204 139 226 124 153
27 321 208 315 325
251 287 165 153 161
263 184 293 145 227
215 89 263 238 43
283 101 134 266 162
56 256 23 59 106
50 22 230 251 44
171 194 155 33 261
327 90 17 33 306
223 198 29 141 101
95 73 177 216 167
195 203 27 76 169
134 11 71 298 237
15 309 119 212 223
266 168 126 236 192
81 178 206 121 312
47 165 219 216 249
268 143 84 121 274
40 6 62 142 95
232 136 89 123 189
285 153 242 275 202
189 226 123 27 167
96 243 77 158 308
99 14 69 317 164
104 214 74 318 40
250 44 135 28 297
76 67 26 304 185
50 238 76 202 171
97 53 43 53 113
32 287 91 247 302
327 15 113 249 260
127 283 109 34 13
269 176 230 127 15
307 249 107 280 5
63 64 20 48 82
236 271 235 236 285
84 241 77 42 98
82 45 219 275 156
45 274 103 30 25
330 303 126 75 137
72 62 95 285 250
211 111 232 173 84
117 62 252 192 155
264 107 41 62 282
171 22 84 245 174
76 193 150 160 33
248 112 78 14 227
195 263 19 222 311
65 250 300 191 109
282 328 107 192 38
235 290 276 234 105
221 31 33 268 259
200 321 317 231 292
107 231 185 66 142
225 257 208 195 73
180 134 212 194 75
291 281 164 328 36
248 171 29 271 101
302 83 7 216 171
55 90 157 269 49
304 218 197 225 143
285 201 108 17 22
136 63 188 67 64
98 77 76 288 98
330 121 231 229 294
249 175 292 213 172
197 118 59 307 164
121 314 166 83 32
21 190 118 244 165
319 304 32 289 161
262 148 286 193 306
42 237 183 55 197
10000000 10000000 10000000 10000000 10000000
302 238 145 24 238
53 156 64 38 155
163 123 215 118 88
108 168 254 234 85
38 28 87 62 19
102 253 106 261 124
101 217 24 234 50
264 262 298 325 32
161 55 227 200 124
151 25 54 173 95
94 84 297 257 214
269 290 153 51 295
128 38 144 67 281
212 245 272 230 230
167 242 296 274 188
52 120 252 267 263
167 279 299 329 269
255 230 295 314 260
107 238 320 117 253
235 158 94 274 124
96 258 225 199 42
238 125 275 191 28
134 31 128 316 244
116 314 130 42 112
216 120 294 7 305
76 306 297 242 292
227 95 170 27 36
192 128 268 82 218
23 34 11 269 187
180 65 314 313 326
189 263 182 255 43
118 301 280 272 325
92 108 125 101 187
299 230 181 78 245
324 64 272 55 226
38 268 112 229 111
10 57 48 84 57
300 286 321 216 318
48 237 191 101 41
204 120 176 45 63
64 317 320 115 116
238 227 21 264 87
149 152 92 275 303
279 142 23 240 304
301 120 261 219 323
207 211 61 172 300
167 197 230 126 210
54 36 56 36 168
12 117 7 311 236
237 222 94 270 7
38 66 202 45 98
148 308 24 242 212
303 167 92 219 271
134 308 148 215 191
257 218 35 211 149
35 159 267 208 68
103 64 152 212 284
180 163 182 173 306
69 197 91 299 203
210 151 148 296 98
220 25 138 212 251
43 119 188 208 253
49 141 254 192 71
96 95 134 226 128
158 21 78 280 292
319 53 153 210 258
18 64 141 218 117
166 300 318 58 111
315 215 45 177 121
325 330 264 29 225
31 298 196 47 263
211 304 248 230 83
236 227 133 78 230
171 120 55 306 238
255 144 154 194 74
216 109 286 311 274
323 207 144 214 293
179 182 136 101 135
241 282 283 24 149
20 240 134 311 117
65 297 188 140 227
15 251 60 213 104
91 79 66 265 7
313 141 295 144 246
316 103 71 295 264
322 206 40 118 297
243 281 260 308 272
178 97 325 210 17
36 35 236 324 239
43 273 144 167 308
218 66 179 255 175
305 226 304 105 56
6 255 269 212 22
88 93 177 39 11
192 268 40 7 165
38 234 212 180 296
72 318 182 210 33
253 50 12 274 102
77 201 77 155 160
42 205 58 267 215
109 45 40 253 217
208 293 168 37 233
166 196 190 316 99
169 52 230 292 309
95 108 200 137 109
328 116 61 176 193
261 253 208 219 195
118 30 295 284 143
274 20 54 124 113
322 46 227 235 145
318 36 8 98 285
275 95 214 270 275
191 118 321 246 167
83 104 226 200 244
97 60 162 31 165
76 109 274 31 322
125 142 145 27 68
209 170 261 298 270
317 121 292 6 215
121 62 39 146 124
10000000 10000000 10000000 10000000 10000000
200 186 289 323 256
180 68 251 207 67
206 66 171 324 11
285 253 276 165 263
151 32 123 275 12
66 88 282 78 294
151 256 148 301 97
265 109 100 319 320
322 278 309 113 253
105 26 210 82 315
190 61 124 255 110
86 272 71 316 164
217 183 158 82 161
260 258 101 43 57
72 65 318 15 318
316 54 236 130 169
282 21 212 79 260
38 167 13 305 258
203 217 115 200 104
160 201 272 189 194
104 275 217 22 89
307 216 236 142 219
102 157 17 306 251
312 137 140 14 154
191 313 99 201 169
122 54 187 121 8
213 13 7 286 34
182 293 87 55 290
98 118 161 284 190
284 99 100 260 315
100 252 288 176 315
172 22 137 52 98
263 278 267 326 120
178 90 30 277 64
43 229 208 255 61
142 238 110 89 251
153 8 289 328 163
321 20 139 157 272
324 126 13 43 278
149 96 177 308 255
123 292 285 260 320
250 98 17 283 133
156 52 139 178 12
124 248 160 92 43
68 109 18 171 312
169 310 91 62 181
308 77 129 113 310
130 33 261 81 39
243 11 305 178 117
191 239 85 224 182
187 46 66 193 261
288 98 163 132 27
228 218 89 166 166
250 23 304 99 139
258 218 223 279 239
269 173 72 164 194
279 43 252 175 125
234 261 64 306 125
12 299 243 214 289
120 131 160 223 327
63 97 23 197 315
140 58 267 19 115
114 101 151 216 315
298 98 198 311 328
275 163 112 122 105
36 100 140 280 54
45 67 253 71 251
44 300 237 289 22
27 44 330 135 191
20 44 97 284 72
218 294 259 29 71
109 261 261 194 119
219 65 319 92 207
21 22 227 247 295
139 141 75 214 134
242 236 122 303 326
139 10 100 111 138
193 73 94 185 126
96 35 154 35 301
35 220 304 39 92
108 133 270 180 160
38 186 152 76 129
93 180 217 243 112
316 55 138 28 276
291 113 279 161 17
54 25 290 222 161
184 148 95 232 239
288 34 267 96 159
8 177 278 76 329
213 296 36 234 52
155 322 229 321 121
95 293 121 318 133
196 18 164 45 326
14 297 232 73 122
125 281 29 112 278
21 108 184 29 43
118 230 141 49 132
156 175 299 316 313
10 130 119 189 66
25 211 292 276 215
108 47 312 145 224
61 6 282 217 248
234 23 193 161 232
191 155 291 194 28
14 109 139 291 305
133 184 100 234 132
51 11 44 148 166
175 128 295 299 20
218 95 127 56 131
12 174 91 33 297
309 174 152 217 177
100 103 198 164 151
225 156 122 319 194
100 242 269 27 157
71 128 117 329 184
76 186 72 234 151
143 119 264 51 135
125 35 70 207 254
164 84 60 50 49
193 317 88 196 300
10000000 10000000 10000000 10000000 10000000
112 12 55 151 91
163 42 232 92 148
271 69 206 181 315
213 48 48 88 243
170 203 150 196 99
98 296 93 314 126
287 114 234 203 299
122 274 120 8 65
309 41 131 315 26
65 303 257 166 140
204 46 251 199 136
53 204 117 99 179
17 281 56 147 280
96 171 325 22 227
56 124 124 65 158
194 137 326 86 159
242 127 114 74 206
297 106 129 195 219
145 167 36 246 269
193 226 185 46 152
168 215 224 297 74
200 214 274 70 237
247 172 234 209 81
203 301 206 152 28
291 135 199 198 158
105 31 15 249 138
38 294 219 75 6
269 52 325 61 283
190 130 307 75 327
225 177 316 155 309
96 82 92 161 60
53 327 240 286 324
22 26 84 177 262
295 6 45 289 86
162 118 241 216 173
300 175 71 263 318
228 208 193 227 114
46 314 328 36 301
202 250 246 260 98
112 154 259 269 72
231 307 281 302 188
225 188 99 32 32
151 63 286 305 116
48 173 30 245 328
330 255 323 248 271
308 154 60 255 281
291 146 266 190 31
277 32 110 221 50
115 191 203 155 145
171 35 178 246 309
252 271 195 98 82
164 258 199 132 314
321 284 128 88 221
120 266 310 183 286
317 227 311 110 232
253 124 285 215 23
14 107 85 253 71
62 268 255 301 324
201 209 321 100 330
61 137 56 159 85
141 42 251 154 67
167 148 151 330 280
306 241 106 44 212
71 231 251 58 83
330 207 167 90 152
47 17 314 321 116
254 310 131 39 151
29 328 290 237 100
7 117 9 173 84
217 235 103 238 309
256 272 212 103 250
325 273 90 90 289
288 43 311 223 146
17 14 248 312 193
94 301 168 160 238
143 152 116 96 246
31 328 207 226 137
51 245 140 276 258
76 278 309 214 259
224 44 304 203 202
245 7 276 22 283
100 30 322 249 75
266 218 8 31 193
129 328 227 173 85
164 318 155 54 50
310 78 205 181 194
258 157 234 310 188
163 7 136 222 301
272 216 125 320 209
266 303 209 315 165
282 244 227 215 62
158 57 220 169 281
113 303 201 167 308
24 30 220 295 34
179 102 217 180 104
201 232 87 88 28
145 295 315 186 151
143 61 261 224 125
119 306 189 36 19
283 137 71 261 50
175 98 250 326 176
62 37 277 326 48
172 132 25 17 77
32 231 160 189 291
139 270 81 60 274
248 265 144 161 187
291 246 214 166 51
9 217 63 122 153
95 32 150 46 290
92 239 298 99 223
43 152 316 71 205
276 208 207 294 223
174 215 43 183 183
57 50 221 170 172
60 133 206 316 296
205 263 272 291 71
51 307 223 52 134
312 165 151 261 116
152 118 195 292 85
306 39 296 161 129
10000000 10000000 10000000 10000000 10000000
131 32 116 162 116
267 231 135 58 17
55 183 181 190 308
190 72 131 320 13
327 267 140 8 11
137 46 126 213 118
206 116 42 248 185
65 149 256 13 90
108 220 123 126 100
7 267 156 116 121
267 302 83 295 17
282 119 62 287 258
82 140 113 152 76
259 92 253 101 296
235 290 308 260 296
320 227 64 201 251
316 247 135 85 114
16 51 321 261 31
330 315 173 50 21
239 72 87 146 201
62 123 178 108 307
17 58 108 71 27
72 181 137 181 239
199 158 288 80 275
224 221 181 330 152
92 298 244 270 112
309 192 109 107 166
215 24 223 67 169
41 65 283 77 204
240 270 258 230 327
255 327 73 315 21
50 46 260 206 113
214 46 119 314 149
324 199 116 293 68
274 294 66 115 123
278 173 85 243 312
191 105 325 166 310
256 9 113 80 161
324 234 28 25 110
286 181 51 100 19
128 179 144 28 38
292 108 142 219 59
194 192 250 304 295
251 208 165 138 178
147 177 185 59 270
74 175 44 77 197
303 236 146 92 320
281 59 243 22 65
259 22 258 94 19
78 33 135 79 98
254 62 77 220 243
78 239 182 313 13
313 328 93 48 170
121 305 78 313 160
245 152 309 58 297
317 288 129 5 322
265 53 50 39 187
245 132 253 234 301
212 230 82 134 117
230 250 217 55 33
165 197 45 133 319
292 205 180 274 18
216 314 19 156 277
176 285 154 80 239
315 26 127 211 58
140 224 220 195 52
256 28 269 157 160
252 12 323 307 148
134 295 284 206 175
254 86 12 280 234
91 328 57 192 326
56 83 84 304 322
237 82 236 24 61
239 301 116 79 197
47 148 284 160 75
214 274 135 185 130
17 139 32 46 39
95 207 246 202 205
129 130 71 124 217
228 208 157 87 126
58 128 8 158 77
232 81 70 327 247
120 108 282 5 26
34 155 210 35 241
93 26 231 254 302
273 303 94 203 261
193 265 296 78 239
24 44 119 143 327
35 290 175 257 34
32 44 123 276 266
241 286 33 250 251
248 111 203 309 308
25 179 255 154 309
129 29 184 35 328
113 165 19 166 154
83 306 196 61 195
116 127 313 257 56
107 111 86 170 132
165 212 150 260 45
21 140 178 329 19
68 226 248 33 293
236 182 13 273 328
26 191 192 173 128
187 164 150 16 179
158 196 109 261 163
172 198 153 12 101
125 329 103 237 307
63 88 223 28 230
18 57 37 131 239
154 18 149 151 154
28 162 88 60 9
224 145 252 328 265
51 115 134 183 317
193 241 247 141 200
109 252 26 212 267
203 232 110 284 247
198 167 212 217 287
169 231 202 167 267
138 290 281 70 165
298 309 13 91 26
10000000 10000000 10000000 10000000 10000000
146 87 211 121 148
261 7 213 308 63
144 130 37 104 288
212 71 287 277 311
148 70 16 308 227
133 88 294 37 31
308 85 27 97 20
132 248 317 208 108
25 329 120 279 166
271 130 74 253 321
151 307 201 302 228
245 310 139 189 275
276 237 319 274 189
11 243 303 288 120
177 200 284 262 252
211 9 194 136 32
262 257 171 198 273
91 104 258 156 172
317 327 40 22 150
76 93 228 265 123
196 150 257 35 158
105 204 146 258 299
143 88 128 143 231
94 128 154 206 59
267 15 139 229 187
23 92 197 199 168
203 130 160 169 170
51 326 205 11 226
30 319 33 176 9
242 224 174 141 148
286 106 202 42 45
95 320 158 88 65
220 52 228 172 157
106 93 68 225 109
289 135 312 79 260
129 52 131 51 250
157 105 290 67 5
204 175 47 179 113
120 246 14 316 198
290 215 89 54 298
202 75 152 68 226
87 193 18 121 241
241 212 30 197 14
288 180 14 221 154
139 308 144 67 149
285 306 84 51 68
20 62 257 309 152
75 195 317 275 235
283 249 79 191 54
173 292 224 110 240
27 105 310 246 24
13 196 308 255 167
104 58 278 246 306
243 216 92 50 300
45 277 87 69 273
151 75 282 218 125
178 186 165 258 10
275 283 251 27 78
225 71 217 212 130
139 191 159 260 82
241 68 154 330 200
103 72 190 97 157
188 104 62 114 105
275 164 114 237 199
150 74 74 212 324
254 38 113 255 47
230 53 262 290 179
115 148 75 48 103
165 319 32 58 283
243 313 103 75 120
300 192 189 256 311
245 25 112 285 318
277 307 180 281 293
278 69 172 170 20
92 6 303 260 33
161 190 222 326 142
66 202 11 100 208
22 40 201 243 156
140 189 257 99 37
98 330 238 244 329
122 253 253 218 65
115 287 85 28 85
322 318 230 298 29
26 304 100 264 47
63 204 151 329 73
34 217 281 106 302
278 131 100 180 57
229 29 153 131 205
24 220 271 55 288
30 130 106 244 163
185 262 19 72 147
119 19 309 330 240
325 198 116 190 290
302 297 288 82 182
262 107 68 138 47
51 23 24 290 21
46 118 310 243 199
69 41 182 200 44
318 226 102 184 328
152 305 46 38 248
231 186 228 210 213
199 228 117 104 267
102 98 184 248 303
249 212 320 95 29
268 33 130 225 15
274 84 85 275 298
107 29 323 131 297
40 236 272 298 71
128 133 300 65 123
215 325 97 37 89
184 66 157 238 278
106 31 159 226 162
200 10 283 120 171
137 166 306 195 155
283 80 256 26 239
105 184 317 73 70
318 329 321 112 78
10 317 262 251 196
207 138 271 212 119
181 62 252 110 62
10000000 10000000 10000000 10000000 10000000
124 99 38 290 104
5 257 105 253 53
218 200 142 297 280
217 133 212 39 161
174 248 24 158 279
136 305 120 303 153
170 162 194 144 9
330 65 259 296 93
70 175 166 310 203
47 145 309 113 35
79 170 132 173 132
154 214 154 65 85
113 83 162 171 175
77 178 116 105 177
22 121 266 31 114
65 254 43 61 49
176 180 195 238 7
208 135 64 171 105
7 322 24 112 190
222 68 287 186 301
275 214 33 103 85
37 297 234 111 328
323 150 274 197 250
323 80 30 280 255
201 93 39 283 158
216 12 86 194 209
43 137 264 50 328
74 79 318 226 198
45 235 206 168 103
305 165 144 64 223
89 50 79 302 198
94 153 233 170 29
25 157 25 16 151
87 156 303 214 157
61 195 191 10 58
135 53 240 92 258
250 251 107 179 26
36 286 96 229 224
217 36 85 262 229
109 269 48 299 326
170 182 208 274 131
319 168 36 52 325
230 226 87 151 274
319 83 285 289 139
134 330 197 161 319
243 222 189 116 195
115 65 199 269 134
158 212 237 309 118
207 115 32 260 203
104 166 8 300 213
150 117 253 60 188
135 226 182 224 322
275 273 256 37 278
322 171 322 228 327
23 123 261 242 247
195 169 314 230 191
31 119 220 236 246
234 172 162 88 152
90 232 286 38 233
84 80 37 310 146
209 206 63 320 239
274 220 323 124 249
181 31 230 37 109
319 119 15 59 229
159 54 23 193 215
22 139 284 70 186
325 209 39 218 318
246 15 73 314 151
123 326 177 254 41
115 80 229 322 294
284 135 67 19 278
278 77 27 263 301
66 260 304 309 51
37 119 165 297 113
9 66 157 141 194
184 74 256 20 290
173 200 304 261 112
136 44 235 66 226
85 15 173 250 241
283 175 208 8 32
168 72 133 91 135
262 16 199 68 197
47 257 75 301 157
226 241 79 83 307
284 113 283 289 107
17 298 281 273 118
148 8 214 299 303
26 209 231 300 50
108 164 234 145 152
173 233 68 293 106
186 56 190 45 82
100 178 321 245 242
36 101 252 51 50
32 52 128 195 329
122 229 79 256 148
169 264 133 229 121
123 15 265 213 228
263 167 226 255 167
76 100 121 83 78
13 134 99 220 315
134 255 57 256 206
15 168 311 238 211
208 62 183 244 164
197 182 319 202 283
81 269 9 186 113
194 238 177 229 84
52 87 13 261 142
250 135 161 99 14
305 100 219 149 49
200 157 197 68 214
7 171 272 29 170
124 171 306 239 170
115 25 167 210 316
86 295 229 288 143
211 321 190 83 238
312 176 95 143 201
87 311 275 150 309
196 169 22 210 172
42 150 320 281 185
193 207 43 27 22
10000000 10000000 10000000 10000000 10000000
253 327 65 56 160
233 117 302 214 147
140 79 304 263 171
216 229 31 250 321
206 189 77 75 41
325 154 166 53 188
41 291 81 189 109
151 18 230 130 327
25 141 59 56 165
313 166 80 289 317
88 183 117 123 124
186 297 165 130 187
189 15 148 276 163
157 155 119 222 87
296 123 207 287 324
264 107 211 201 138
311 113 166 15 198
54 47 243 106 88
268 72 272 312 13
277 221 69 259 239
51 8 250 44 90
141 250 299 122 154
164 30 196 293 252
243 295 12 253 243
78 152 156 156 184
149 175 141 74 79
268 10 115 122 192
144 152 152 76 144
109 117 252 7 66
58 51 322 102 41
285 322 180 114 249
43 48 97 216 134
186 174 29 262 9
81 29 273 225 155
239 202 191 328 275
203 328 88 296 169
149 194 190 230 196
120 296 313 118 224
112 244 243 326 14
12 234 109 217 290
202 103 46 187 218
187 248 83 50 165
304 183 37 278 37
172 190 170 140 152
211 123 201 37 106
317 171 39 59 239
310 272 190 82 161
29 54 37 111 111
321 132 38 21 241
260 305 235 86 164
143 118 151 133 16
31 198 218 325 263
306 64 96 118 145
79 246 153 294 97
73 208 323 174 90
174 198 82 193 314
30 29 52 263 212
135 184 9 205 50
212 222 143 323 158
200 73 185 297 306
226 168 326 116 139
216 226 267 140 227
300 63 212 32 244
29 8 31 305 217
270 182 9 242 231
106 188 279 98 249
21 188 51 306 218
305 132 316 134 219
307 75 39 132 102
266 80 285 193 101
11 58 38 297 314
110 95 240 285 107
69 138 182 294 208
68 259 326 219 97
243 6 303 193 71
204 241 189 285 42
263 287 282 134 322
129 314 281 93 313
114 273 224 30 268
57 108 111 253 11
69 76 320 93 179
172 317 99 307 272
193 257 49 143 296
224 217 71 66 320
18 93 129 17 226
18 197 162 218 181
126 121 241 37 76
265 263 243 299 230
220 130 17 96 267
208 186 8 169 139
63 268 28 56 48
219 236 180 297 166
259 290 85 110 22
22 285 97 207 229
263 144 290 53 9
115 87 330 237 151
212 312 89 230 293
187 225 6 276 141
230 127 131 209 154
33 63 32 26 276
34 208 172 185 170
152 156 143 230 324
200 86 318 201 322
113 114 200 87 264
167 55 301 100 287
321 258 266 218 190
282 13 289 313 113
118 76 109 30 105
291 122 216 113 159
69 136 236 109 97
28 194 111 17 159
215 54 197 325 38
73 178 77 147 323
117 201 244 13 200
328 240 214 285 195
251 212 133 133 198
176 263 255 94 123
213 169 289 208 292
67 112 115 254 308
171 155 189 193 254
10000000 10000000 10000000 10000000 10000000
197 60 156 7 171
278 52 42 292 112
80 125 310 198 11
111 204 174 62 248
132 135 284 299 295
274 156 19 101 158
58 271 155 322 222
35 106 95 315 127
301 60 173 56 61
119 178 134 23 188
287 58 96 284 303
61 101 291 10 200
36 12 241 224 148
37 109 301 145 94
193 241 200 214 26
311 296 196 6 47
63 195 259 219 145
81 308 283 230 307
95 5 317 282 102
273 294 5 97 330
105 187 175 32 136
273 274 228 167 13
154 86 284 165 102
129 59 22 11 35
131 38 319 116 245
207 152 131 262 113
220 6 129 327 256
186 297 330 203 267
247 100 282 239 5
18 196 105 22 5
322 264 101 126 13
325 138 175 207 256
211 126 100 220 99
146 151 182 163 101
159 168 305 188 64
219 299 142 99 303
239 228 218 309 77
286 41 314 199 169
51 276 197 59 155
96 297 330 314 232
178 284 36 90 203
153 111 195 211 16
281 158 213 288 83
224 208 166 118 180
119 137 54 9 133
204 306 212 264 48
227 212 173 79 29
290 105 98 329 117
98 10 219 280 35
72 287 237 12 226
67 233 63 303 113
196 75 294 250 17
253 265 228 173 152
113 257 31 284 240
195 306 150 21 183
81 173 297 60 317
149 177 216 12 230
87 193 21 267 114
297 320 298 324 67
58 129 48 177 124
277 246 134 268 311
43 82 297 119 141
204 41 104 29 23
119 83 193 145 50
201 84 14 117 291
163 7 168 119 34
321 228 259 30 279
309 13 104 249 151
287 18 305 202 51
167 261 69 119 247
66 325 123 230 102
310 176 228 261 247
170 271 55 310 125
112 116 52 193 199
115 44 299 137 117
240 129 109 24 82
126 52 16 292 33
226 308 91 224 196
280 297 145 103 69
317 134 63 89 284
9 58 102 132 134
146 235 28 278 131
198 96 121 132 325
318 58 296 49 327
36 315 120 322 74
146 220 53 172 178
224 208 285 18 248
314 245 168 214 186
226 187 54 8 70
11 128 313 36 294
146 120 32 145 220
16 271 11 102 35
171 111 322 59 18
76 64 20 185 247
241 34 93 141 175
232 179 290 98 274
205 177 93 82 168
25 152 182 181 136
114 224 265 102 196
283 11 228 197 273
47 132 270 128 7
244 312 197 21 136
244 44 293 145 76
156 38 224 148 319
255 80 196 281 230
79 89 37 155 137
133 280 250 253 300
94 127 24 59 134
203 252 40 279 206
239 301 139 250 223
35 211 243 51 175
212 47 310 10 323
133 330 98 208 133
232 107 216 232 108
128 177 21 300 88
273 105 115 74 109
177 130 327 252 86
176 229 146 254 185
46 212 265 135 129
148 244 179 9 234
10000000 10000000 10000000 10000000 10000000
72 251 281 100 252
241 239 130 142 205
222 105 207 147 199
168 64 290 298 44
32 263 84 43 61
323 190 57 141 127
8 292 235 227 267
129 110 155 236 180
32 87 146 255 35
11 112 280 301 75
208 72 227 277 287
234 241 192 105 289
126 179 254 161 197
309 185 93 125 114
253 165 291 107 323
14 20 144 174 33
41 147 261 285 67
61 61 24 168 210
196 250 163 326 189
222 123 39 65 113
240 26 289 270 7
249 266 147 17 158
26 319 183 266 47
272 279 48 234 270
288 288 313 163 130
169 229 165 63 279
266 238 73 53 40
92 303 30 311 98
11 34 286 19 298
53 305 255 206 137
24 274 60 95 43
26 302 297 303 37
122 323 245 80 114
237 137 95 44 91
176 108 328 9 88
269 168 124 229 9
265 245 249 184 139
168 229 31 56 54
152 305 308 205 243
322 27 260 96 34
178 221 5 85 70
39 124 89 93 118
95 28 115 62 18
63 169 231 315 25
121 60 259 100 81
52 27 153 71 242
48 56 266 187 246
139 295 49 149 137
289 185 90 129 227
292 254 108 141 199
164 215 109 109 323
66 280 27 266 235
19 271 315 89 193
52 107 86 285 296
68 131 77 213 154
197 114 111 176 292
47 326 148 294 110
39 203 22 31 228
43 196 143 318 79
278 100 227 254 172
72 10 319 25 221
309 117 262 283 12
302 77 107 184 316
237 173 287 98 23
113 66 251 211 196
228 324 317 11 225
106 242 191 17 84
315 203 91 162 291
38 216 294 292 137
316 310 55 103 113
129 88 74 49 313
150 147 223 170 48
91 223 53 126 92
265 174 46 65 51
257 179 29 192 208
119 249 316 305 86
36 194 147 231 41
313 46 166 222 140
86 212 25 223 319
154 29 211 73 168
304 118 291 138 123
173 286 7 126 66
72 186 34 218 312
226 47 155 34 73
227 273 15 262 221
279 199 302 266 269
10 121 110 115 276
63 94 87 272 176
24 62 181 207 30
131 296 161 158 192
235 280 141 238 309
235 36 242 194 5
127 174 114 246 59
124 244 257 159 308
70 40 30 325 245
163 151 34 65 50
284 145 155 279 20
82 298 36 30 23
106 141 202 18 198
260 230 195 152 57
311 193 283 222 243
29 71 98 214 203
172 221 29 88 8
126 192 50 60 303
153 137 221 249 17
135 226 120 36 84
325 183 244 74 198
108 23 253 183 240
246 27 60 169 80
113 269 260 20 312
329 13 62 105 66
158 161 76 190 299
295 308 259 121 249
312 94 11 186 202
105 279 306 56 196
140 14 7 306 137
305 281 290 212 312
114 24 13 173 114
19 162 92 140 303
234 102 274 102 145
10000000 10000000 10000000 10000000 10000000
248 330 185 108 45
67 96 205 207 250
246 63 9 162 226
325 319 191 79 179
174 214 161 61 222
121 7 176 48 63
166 200 205 255 230
307 111 321 20 131
19 309 290 97 213
72 178 133 81 85
172 325 72 224 232
84 310 87 176 89
227 71 208 239 203
230 6 264 187 271
166 132 288 275 279
242 273 130 174 282
81 79 221 125 23
293 329 170 58 288
323 127 67 236 233
16 118 313 260 76
5 144 130 309 166
283 291 23 72 229
179 221 291 97 5
7 284 282 255 22
218 131 18 61 271
143 169 229 122 143
272 213 327 19 33
136 102 321 264 16
164 63 118 161 150
259 122 76 126 80
273 121 250 244 301
147 41 19 229 253
93 63 177 32 107
45 13 107 138 245
222 288 182 46 181
150 315 111 165 7
49 141 325 194 250
226 120 20 205 96
276 258 86 94 191
272 99 116 178 195
183 170 12 154 44
67 294 325 250 64
124 121 124 34 169
281 155 156 99 307
239 281 275 294 177
214 123 317 327 313
48 309 260 48 320
268 254 247 309 283
7 242 293 74 264
108 21 306 57 13
291 184 47 58 20
205 146 297 127 241
6 274 200 200 242
41 118 95 234 16
284 188 292 5 107
309 17 116 126 232
254 204 10 15 131
193 94 315 86 214
302 41 302 137 83
174 104 63 103 49
121 291 278 218 243
121 185 212 273 299
94 161 112 183 153
291 173 243 36 240
168 94 87 109 9
248 59 167 186 154
81 257 161 160 247
55 13 244 102 283
205 80 208 315 310
123 162 196 12 33
300 53 62 73 310
56 175 138 291 117
122 21 49 83 64
154 112 270 61 12
135 170 149 180 322
5 120 56 267 26
253 276 301 134 327
201 84 307 281 69
10 155 197 203 189
26 27 227 147 243
286 316 321 148 127
320 236 274 242 163
178 50 161 123 31
117 309 157 207 144
6 165 121 186 71
32 323 24 94 185
330 307 176 32 127
103 65 79 63 81
310 173 164 233 224
213 236 329 188 190
152 158 137 16 119
24 261 183 137 250
16 86 189 28 315
94 304 152 75 329
21 116 128 25 68
149 293 317 52 7
139 110 175 40 320
97 265 304 199 41
87 158 116 135 115
311 199 251 119 42
283 193 38 195 170
182 290 123 259 141
288 164 293 182 165
263 226 313 217 301
126 140 15 160 73
81 49 202 302 182
305 279 57 182 223
323 15 259 229 111
274 236 163 259 86
324 203 6 43 162
15 68 67 8 52
67 65 243 189 209
173 326 81 47 15
88 82 296 184 173
254 199 269 36 188
208 301 320 251 52
8 26 231 218 300
179 150 122 66 75
43 282 136 329 39
196 79 289 274 55
10000000 10000000 10000000 10000000 10000000
220 255 109 51 161
219 259 10 98 140
15 239 214 41 134
163 238 155 251 43
255 73 306 262 166
134 235 16 125 158
330 115 215 295 60
277 225 84 66 81
322 285 86 324 38
236 291 190 243 321
99 282 60 329 205
86 213 295 178 251
117 186 164 17 34
74 249 323 147 285
122 246 58 63 181
63 224 264 176 243
274 325 48 97 211
148 194 178 311 186
267 223 46 194 139
283 25 191 285 230
291 266 199 62 241
120 291 79 193 149
163 221 56 259 133
109 39 141 18 312
86 237 263 48 214
96 243 271 107 181
205 21 302 329 237
278 321 50 266 138
236 74 328 244 25
244 68 31 274 202
275 284 49 42 100
101 18 37 236 217
145 5 252 11 120
156 6 36 92 314
319 231 292 66 121
161 54 106 325 215
268 220 208 314 223
313 296 153 202 278
132 16 119 200 321
197 221 149 18 87
205 90 201 95 173
199 9 324 322 126
315 147 40 140 82
42 327 296 261 298
313 277 196 94 259
275 97 185 202 319
197 289 196 60 70
70 263 63 302 318
159 151 127 122 274
55 311 199 276 48
153 130 59 250 204
8 267 166 163 292
33 304 196 169 45
195 84 320 162 64
114 116 328 169 182
241 93 193 228 217
180 145 161 322 42
94 175 126 69 134
186 274 252 284 280
240 289 166 105 257
134 108 328 175 64
185 308 5 268 226
224 297 129 275 26
223 88 216 155 214
24 207 319 253 220
232 172 264 68 23
58 120 322 59 260
262 270 27 47 210
73 244 196 178 233
146 32 75 329 205
311 88 199 87 180
77 271 128 230 145
240 81 264 309 183
330 45 104 180 314
269 18 192 271 28
133 67 130 136 143
205 147 215 258 299
216 64 272 317 97
139 55 153 86 107
152 53 204 266 56
162 67 250 184 261
298 292 78 14 246
70 111 247 204 187
284 315 297 293 171
50 27 329 227 255
37 298 49 213 321
316 157 202 124 254
268 211 84 224 233
237 138 257 166 9
86 319 107 29 78
261 28 75 105 156
46 237 227 260 17
304 290 279 207 224
280 102 189 274 42
161 141 221 83 173
251 204 326 115 318
31 237 24 31 207
161 260 159 270 166
257 18 254 321 240
327 166 124 53 39
199 138 62 197 96
171 255 276 291 262
158 329 160 254 85
301 237 204 178 131
77 198 306 229 143
123 212 152 186 303
143 279 158 67 247
173 326 239 307 230
280 155 167 97 51
316 233 134 50 44
149 7 179 327 117
23 75 122 104 118
177 8 83 204 82
154 142 198 155 292
163 29 78 245 284
26 168 260 225 151
85 100 78 310 292
114 21 187 13 17
265 56 286 10 245
326 247 324 119 297
10000000 10000000 10000000 10000000 10000000
226 304 233 139 144
247 225 47 231 184
324 133 183 239 68
166 41 54 182 224
188 71 259 206 187
283 182 242 329 120
18 125 106 102 24
219 162 87 160 84
214 295 157 127 330
135 83 183 235 161
154 146 32 301 264
78 145 260 248 296
162 201 89 297 118
86 247 114 234 280
225 66 28 83 16
235 82 241 159 29
124 58 35 101 318
261 41 282 305 281
262 294 54 79 262
134 248 244 132 274
245 208 131 89 322
305 42 226 227 237
141 247 88 22 198
174 127 279 211 329
94 131 327 141 252
167 234 54 49 289
225 74 24 177 154
237 218 165 217 308
250 197 293 188 323
161 78 13 12 189
312 324 225 87 252
118 32 188 282 170
270 66 199 270 223
165 195 103 21 326
25 63 304 172 323
147 21 228 9 172
112 166 251 132 28
317 255 140 95 101
129 39 150 255 109
29 236 288 312 314
283 259 145 184 217
113 37 32 320 222
311 61 182 156 70
154 133 92 211 319
171 148 137 297 168
286 28 229 156 292
52 270 174 324 34
59 47 301 266 108
80 116 326 304 184
9 54 199 162 186
106 301 278 27 164
316 36 219 243 299
30 286 127 207 213
227 84 225 303 98
192 160 102 162 5
35 198 232 234 265
71 126 100 155 238
303 6 201 189 20
324 67 286 294 116
209 140 325 257 271
104 326 284 30 135
68 174 63 259 297
146 58 190 49 145
37 301 18 73 124
168 267 134 17 175
221 67 17 186 306
265 162 267 123 184
296 20 247 56 60
197 204 18 62 92
110 256 50 45 120
190 55 56 257 225
62 98 120 311 48
330 241 8 312 306
22 270 168 297 159
257 235 142 105 304
127 61 20 84 116
43 100 138 294 275
207 315 319 116 232
276 171 253 224 95
288 95 325 124 176
155 178 309 306 58
283 133 260 298 185
313 222 168 138 110
225 38 52 133 62
273 99 98 25 114
195 77 58 66 294
114 211 152 46 23
277 178 250 198 31
82 330 33 309 154
229 284 34 95 142
223 94 8 277 45
257 41 251 171 164
215 173 20 236 14
250 221 285 79 253
154 233 188 154 246
315 125 240 47 143
40 43 99 207 312
43 48 275 42 12
20 115 264 130 213
288 302 229 104 222
168 175 83 115 305
263 55 99 19 110
232 164 122 324 135
253 270 64 157 152
60 168 185 51 11
291 11 314 289 285
289 28 207 145 160
207 212 8 46 277
73 262 71 213 207
229 286 106 14 38
299 135 241 82 185
238 198 37 248 45
43 276 238 290 45
205 315 125 226 93
281 289 124 26 210
158 74 154 193 198
317 240 209 168 63
70 113 315 32 112
168 327 268 98 323
233 222 43 172 291
10000000 10000000 10000000 10000000 10000000
159 25 105 62 98
8 63 206 79 300
97 43 81 187 22
94 233 261 38 317
132 20 224 67 224
33 42 271 275 116
78 206 317 150 230
264 314 328 239 305
240 175 61 98 155
270 282 160 84 139
171 14 301 130 92
61 310 251 80 214
198 114 328 263 105
255 154 272 19 135
302 321 125 51 249
317 277 140 240 121
305 195 113 268 43
269 10 197 219 114
53 292 144 186 115
23 30 262 71 277
86 259 218 300 8
314 227 286 179 158
273 70 152 186 219
307 233 99 230 77
249 6 163 302 250
276 309 160 230 198
259 206 197 229 197
77 35 165 21 269
134 123 163 152 302
163 305 40 197 288
29 188 224 302 125
227 187 27 229 126
121 127 326 176 306
81 132 95 106 253
197 238 303 92 295
136 34 294 93 165
321 31 153 293 83
70 156 275 293 203
128 5 10 172 76
60 75 16 204 234
221 257 198 23 211
193 93 86 310 324
327 184 102 299 40
112 109 174 16 107
262 267 204 202 273
304 301 224 130 244
216 10 75 54 145
123 221 264 25 156
305 291 200 8 154
20 25 317 215 317
272 239 17 311 221
86 53 150 139 253
77 7 293 6 283
268 115 108 273 274
288 32 217 74 214
67 179 262 64 151
261 23 60 14 243
69 48 25 310 153
43 212 230 243 255
44 304 42 32 113
294 259 25 134 246
330 43 90 247 142
140 104 190 193 189
285 178 121 24 134
185 123 85 30 6
228 55 5 295 192
134 24 199 214 12
89 158 71 274 37
131 190 92 167 201
64 295 161 34 237
19 36 122 200 261
53 155 297 232 91
33 226 72 244 164
8 260 326 81 312
90 179 257 111 247
49 103 118 89 325
39 205 128 168 245
77 267 160 267 269
5 70 13 259 303
208 39 186 219 270
59 97 219 299 240
96 244 30 168 16
40 115 88 36 184
239 109 326 235 90
289 284 100 58 221
7 197 125 289 214
203 120 22 137 180
229 105 88 261 31
189 27 181 298 169
10 193 44 241 84
31 138 13 70 304
22 280 94 308 288
102 122 99 47 83
320 213 65 38 161
80 301 98 305 286
65 61 59 10 66
53 199 27 268 327
273 91 215 169 314
322 323 129 27 247
49 56 310 229 285
216 203 203 118 233
292 94 76 296 324
136 67 289 74 10
205 266 126 21 277
185 31 287 195 281
288 237 145 117 75
187 315 201 77 28
268 132 204 297 156
37 273 319 167 227
292 109 134 285 98
281 193 154 252 279
123 87 246 64 14
29 208 146 315 103
199 325 257 51 224
208 272 223 230 289
269 114 269 59 113
37 298 27 125 115
81 231 265 80 210
23 125 54 306 284
120 24 256 158 12
10000000 10000000 10000000 10000000 10000000
225 8 281 22 289
190 80 241 322 40
213 233 252 96 132
58 26 47 238 81
143 116 137 77 119
29 165 279 238 241
169 157 293 201 33
225 44 110 44 151
273 80 38 265 309
190 161 235 96 189
328 18 106 118 186
240 88 193 177 265
74 300 133 175 218
254 323 304 70 21
113 247 139 169 167
324 215 147 34 280
257 54 19 205 24
178 14 317 63 32
271 137 40 267 305
224 9 15 133 230
50 151 46 118 11
204 140 120 271 249
106 297 273 127 292
167 34 304 195 258
322 182 327 194 48
23 173 43 316 172
142 107 284 305 311
238 127 198 135 122
287 298 295 87 313
134 179 252 174 186
231 100 321 121 310
244 206 248 106 11
14 253 146 319 147
208 73 254 89 86
233 128 70 121 199
67 236 62 140 58
182 243 154 31 275
180 53 238 28 246
39 123 174 255 112
195 153 157 187 273
297 113 213 180 156
26 18 66 156 33
51 175 179 134 120
293 228 190 157 46
327 123 179 12 44
136 132 289 197 166
273 57 244 255 299
204 194 194 15 227
307 210 33 306 163
218 151 289 240 209
105 209 19 23 241
116 105 19 92 17
220 224 244 90 20
317 271 185 325 57
226 315 318 88 259
263 117 74 165 162
219 178 247 20 21
249 175 285 116 278
18 118 118 308 231
166 212 48 165 77
189 199 190 322 177
288 33 223 304 136
212 63 80 90 88
152 114 121 100 235
119 293 89 28 37
147 44 209 28 103
280 22 104 190 31
57 23 198 167 301
14 69 144 13 27
154 43 289 104 30
242 324 37 30 225
130 142 189 318 309
129 27 142 67 265
110 126 154 290 311
83 143 23 239 111
75 305 68 143 114
144 312 326 184 142
327 35 201 5 320
319 75 281 260 65
242 199 72 189 61
235 131 20 124 230
189 238 82 103 161
258 148 214 155 212
55 249 188 127 297
219 6 131 58 181
115 285 6 100 307
287 292 234 325 51
125 132 112 300 224
276 208 17 330 168
306 186 212 42 164
216 75 272 202 68
190 268 232 77 302
248 72 155 53 96
263 104 39 186 158
210 67 270 221 188
141 269 108 266 258
252 77 25 178 259
164 43 48 45 21
85 67 232 216 299
266 251 297 83 83
23 85 328 300 153
92 53 211 98 145
329 5 305 250 85
302 176 194 7 275
233 213 148 315 232
42 110 264 236 62
17 44 206 125 11
130 82 318 200 180
300 86 204 42 205
260 176 52 227 170
227 191 267 38 186
282 299 234 46 327
187 129 22 264 145
78 269 319 20 61
225 150 142 103 243
258 227 264 238 161
273 283 36 49 270
8 109 84 238 258
189 81 322 287 255
279 79 212 54 278
10000000 10000000 10000000 10000000 10000000
111 99 27 20 286
243 184 286 169 84
327 15 37 139 119
58 49 260 156 271
224 86 211 277 39
141 233 283 94 34
242 300 266 143 15
300 295 306 38 71
68 241 271 189 65
321 179 190 100 14
125 146 29 170 133
287 293 246 124 152
58 111 263 205 222
270 280 239 178 90
104 254 177 90 162
155 164 26 195 24
293 44 61 85 189
149 75 116 100 249
172 129 322 21 57
5 255 309 222 130
155 182 247 141 144
160 303 229 284 62
73 286 299 185 243
309 300 27 48 189
260 217 306 154 301
322 324 39 269 178
142 158 189 272 103
182 225 307 129 65
241 132 158 7 213
137 126 323 265 320
69 256 271 15 291
24 33 208 52 209
105 193 115 284 116
267 273 312 106 64
134 100 256 99 170
185 107 231 19 81
322 303 276 324 85
97 142 284 194 14
151 257 202 192 179
39 256 108 234 315
62 327 142 214 207
199 319 232 229 72
51 241 39 183 25
132 168 230 92 13
61 246 170 30 276
322 12 87 36 327
102 328 20 159 90
57 75 210 78 290
282 243 163 202 45
179 69 116 169 223
145 71 328 214 8
195 163 72 24 10
303 236 322 14 298
267 173 241 132 291
14 33 217 29 183
151 49 151 130 39
139 149 235 56 230
249 146 150 37 38
111 196 261 15 195
84 165 219 67 86
178 127 147 188 97
261 195 292 34 25
297 274 217 173 229
163 112 278 193 131
233 295 150 219 217
134 64 165 296 257
57 71 105 39 78
288 100 121 180 295
273 125 88 104 247
10 36 60 194 27
188 49 330 259 321
327 176 248 316 235
166 206 97 121 242
286 173 130 145 58
123 196 71 310 123
280 290 156 217 307
216 104 49 304 122
243 11 250 298 271
31 292 279 262 214
274 138 212 24 72
174 282 55 293 62
146 16 218 322 219
322 204 68 21 186
192 253 220 155 127
116 169 252 171 232
121 303 201 234 224
174 323 110 208 137
168 277 277 55 211
120 234 297 289 19
92 98 224 295 32
192 190 254 12 326
306 256 79 317 93
67 51 168 199 124
76 227 39 123 61
175 71 85 327 57
264 15 266 128 71
193 213 49 327 103
224 262 80 108 175
29 10 26 21 47
55 47 212 85 131
221 143 267 307 158
152 77 168 34 72
308 209 225 320 163
53 195 62 271 105
73 183 222 147 166
296 307 72 275 201
245 234 56 145 50
90 189 62 107 126
75 147 262 95 283
19 220 171 56 325
309 106 10 80 13
284 53 171 237 91
113 245 167 210 325
50 107 242 238 13
25 200 118 183 14
282 166 187 7 17
9 289 71 17 200
36 149 241 287 172
249 190 106 18 323
203 250 104 153 287
10000000 10000000 10000000 10000000 10000000
88 154 176 163 153
309 200 130 295 277
219 64 255 46 178
83 112 231 45 176
20 76 87 234 47
172 289 138 226 326
229 205 303 23 264
178 104 88 36 270
205 148 50 175 95
262 150 244 181 42
73 289 183 203 170
199 156 121 44 208
329 55 313 293 168
18 235 307 72 184
250 282 267 74 86
232 252 328 315 241
85 127 119 206 311
156 273 60 172 252
24 281 317 286 251
49 23 131 300 37
321 224 21 148 173
243 134 50 314 226
270 236 330 54 177
318 293 154 29 246
302 153 57 323 30
261 147 40 119 52
51 288 285 72 135
301 118 117 287 193
289 181 52 303 155
86 269 174 326 70
299 326 169 165 217
242 243 57 260 55
38 106 38 5 320
15 202 144 226 287
89 93 303 85 185
241 312 233 124 169
281 328 43 190 39
220 169 156 143 292
169 253 158 160 202
320 294 282 255 277
85 210 67 20 163
25 137 24 241 35
65 13 41 94 231
106 196 124 162 68
115 172 254 61 276
181 115 267 217 53
182 276 97 239 104
292 249 172 163 170
252 76 76 84 103
96 237 82 31 275
201 282 217 318 44
130 305 220 6 22
273 51 250 301 81
17 265 196 198 199
279 216 309 298 55
206 194 26 108 225
5 52 149 173 28
9 194 268 266 66
142 153 24 165 263
203 178 275 114 115
239 285 78 45 32
238 264 76 175 164
70 40 241 232 66
8 167 259 154 201
234 79 42 158 151
202 44 86 301 14
314 138 29 123 32
284 278 58 39 279
123 288 256 234 239
84 290 100 183 40
167 235 67 228 258
227 250 141 140 118
290 203 276 280 261
5 310 69 90 135
171 38 227 324 122
141 40 244 232 39
265 208 169 25 259
87 169 193 231 10
297 282 305 190 24
325 160 117 198 171
234 42 76 329 219
168 260 86 279 302
205 44 206 230 224
38 146 90 246 298
202 327 166 143 207
324 25 42 98 111
257 161 47 128 79
241 194 304 49 26
133 23 26 260 166
88 283 28 229 326
251 315 269 302 128
30 11 221 295 192
144 161 293 47 283
131 278 179 188 217
177 116 14 261 202
108 46 65 66 105
261 327 129 150 263
285 289 240 315 300
77 76 89 79 196
253 164 239 242 199
284 203 148 43 155
192 161 308 267 146
74 330 265 99 23
289 168 62 116 91
177 309 17 15 282
8 105 129 210 99
171 32 269 80 206
48 299 294 303 30
256 236 193 281 30
68 103 119 262 276
219 299 250 216 329
280 100 182 27 109
274 80 95 165 223
183 106 225 23 30
8 153 112 189 240
251 235 303 144 244
123 260 72 9 150
213 271 145 170 93
150 198 201 279 64
118 245 119 68 12
