10000000 10000000 10000000 10000000 10000000 10000000 10000000 10000000 10000000 10000000 10000000 10000000 10000000 10000000 10000000
286 248 33 84 32 98 281 315 277 114 95 230 51 184 77
97 148 160 158 56 74 251 293 216 170 12 115 9 50 28
102 84 209 19 154 103 110 135 94 20 17 235 234 105 148
72 172 218 175 190 66 144 80 162 246 99 85 179 247 266
236 209 81 175 230 169 135 251 290 196 277 22 129 45 232
37 204 87 176 147 266 188 235 33 31 183 179 125 45 78
36 229 252 145 268 208 65 47 77 157 221 120 192 39 90
28 281 230 120 145 101 233 86 65 120 132 146 287 313 28
119 156 156 177 295 227 202 83 49 276 103 34 153 149 307
174 209 202 199 42 317 267 207 264 20 291 70 254 271 48
21 146 96 98 205 188 202 186 254 109 72 203 122 120 127
243 132 225 76 115 11 58 293 290 270 23 26 236 153 286
126 31 146 149 78 105 250 175 290 8 51 258 87 261 20
173 254 57 228 227 95 51 209 113 269 219 135 223 110 275
45 50 308 114 13 309 168 128 217 321 46 242 323 191 238
63 325 72 34 48 33 48 147 132 269 221 71 259 118 75
297 310 32 160 311 139 161 243 304 303 322 154 191 257 26
296 209 9 310 305 112 173 57 207 26 269 76 166 290 163
280 47 240 71 112 272 92 183 156 289 51 156 226 135 270
85 195 10 44 258 106 180 59 59 266 183 139 23 280 63
302 59 110 148 115 305 202 312 98 24 278 256 159 128 59
152 288 179 110 183 25 75 9 144 80 68 269 252 329 315
243 297 12 199 297 302 9 105 73 226 73 314 33 163 171
113 293 208 179 139 16 170 176 110 308 148 31 318 314 270
308 226 105 201 50 110 288 283 229 58 282 275 288 27 121
123 43 211 161 250 50 122 118 308 180 34 104 277 283 229
82 107 43 208 322 302 288 163 172 281 296 31 315 172 170
300 323 23 319 142 21 324 44 24 47 26 15 76 293 317
196 154 173 204 53 94 190 153 284 234 254 20 209 54 245
128 298 142 161 308 187 167 182 133 170 48 104 244 102 127
261 266 145 33 101 132 214 150 263 79 202 102 153 25 266
85 269 109 86 8 126 44 160 243 177 78 245 222 162 10
73 209 92 227 194 289 28 266 283 123 141 197 229 36 222
49 19 156 106 214 201 109 142 148 111 324 232 308 103 285
259 181 84 164 163 220 18 238 42 237 67 134 116 256 94
121 189 155 275 48 86 188 59 239 25 298 24 40 232 288
62 263 55 123 87 82 114 170 96 111 166 59 102 320 265
242 57 104 239 85 135 263 129 205 276 215 259 123 13 302
303 36 274 250 10 318 109 61 294 109 266 283 156 23 9
250 260 329 285 240 157 156 116 47 170 329 29 268 74 199
281 137 313 85 125 133 59 217 9 98 239 87 307 135 175
232 303 320 9 246 291 199 272 238 106 62 220 167 203 195
59 318 63 300 311 61 127 66 257 275 95 111 176 181 230
31 282 122 328 204 229 12 190 177 266 84 250 16 50 121
10000000 10000000 10000000 10000000 10000000 10000000 10000000 10000000 10000000 10000000 10000000 10000000 10000000 10000000 10000000
145 268 99 315 287 15 102 81 104 67 134 10 206 118 172
155 322 308 263 165 238 36 82 201 39 177 41 273 77 15
92 107 25 217 196 106 57 84 289 146 112 67 62 126 279
83 246 119 201 96 18 210 53 222 66 261 153 305 85 52
225 268 205 260 92 229 201 274 183 88 259 241 160 298 139
238 109 60 111 22 84 320 43 91 291 184 153 248 188 278
156 326 162 289 315 246 104 243 21 293 313 279 292 83 162
218 26 276 232 244 212 259 247 259 217 279 112 154 186 105
256 281 228 95 271 58 251 138 110 73 133 311 242 317 246
49 102 114 251 15 141 181 22 52 159 31 218 81 50 88
110 284 150 33 67 329 11 12 108 331 196 270 120 239 72
264 99 203 157 231 314 245 275 103 241 285 160 15 124 12
230 60 297 136 140 194 325 35 100 162 105 72 178 289 30
190 310 273 215 183 187 119 19 38 319 314 242 287 308 200
315 229 28 11 66 98 81 236 288 38 262 13 48 79 114
209 58 118 330 127 225 77 308 237 131 322 48 273 59 155
167 76 310 250 92 113 226 261 170 161 99 229 228 280 163
216 268 20 62 52 184 65 102 146 224 262 219 28 133 165
288 311 162 173 289 123 294 322 184 44 17 86 117 137 315
82 213 310 102 299 97 315 49 43 323 113 79 183 132 56
233 268 175 229 250 125 317 307 239 282 59 66 322 42 192
331 36 75 244 160 93 277 94 322 133 267 294 60 175 79
73 35 225 246 130 149 94 201 160 311 173 326 116 53 198
148 234 208 296 229 33 289 256 143 327 27 123 17 68 51
319 155 288 95 9 27 70 69 278 182 141 138 272 252 67
174 238 295 204 138 199 19 212 17 116 126 165 279 146 42
245 214 242 143 170 109 205 12 314 195 215 246 229 118 80
129 124 111 82 63 137 165 160 152 31 170 100 324 72 282
114 223 226 205 148 99 274 122 47 194 78 210 38 208 173
160 317 267 100 303 127 104 71 288 179 256 261 172 104 40
187 232 213 17 312 49 225 102 138 15 226 253 138 261 207
321 320 194 196 9 15 271 69 231 280 180 254 18 31 81
132 250 30 282 220 62 242 46 96 134 99 75 109 135 125
213 259 129 52 18 152 283 170 133 104 325 56 325 215 250
170 86 228 60 154 325 44 207 19 293 132 237 171 198 9
205 271 87 89 40 252 115 168 120 231 305 268 170 325 14
290 306 273 98 121 259 250 205 88 44 107 228 308 209 91
15 323 141 282 12 29 308 280 325 298 166 12 250 170 100
270 273 189 316 311 89 116 247 54 179 243 118 137 264 22
43 295 125 275 240 210 282 100 304 216 232 283 325 217 39
301 253 70 137 282 110 102 115 142 307 218 43 316 184 97
260 294 219 197 77 305 97 202 117 153 28 84 121 9 197
24 167 287 12 237 293 217 278 274 141 181 60 253 273 155
151 226 72 256 101 74 194 80 133 142 177 227 167 67 226
10000000 10000000 10000000 10000000 10000000 10000000 10000000 10000000 10000000 10000000 10000000 10000000 10000000 10000000 10000000
79 26 281 201 111 94 287 246 74 277 45 55 148 209 154
50 179 97 125 182 73 87 202 325 221 174 96 268 92 268
157 86 253 90 50 72 160 188 225 111 193 72 284 215 10
278 241 39 127 226 109 178 288 194 238 190 67 265 70 286
304 80 294 122 93 133 77 138 131 167 180 11 196 318 28
193 295 109 80 315 134 25 107 316 58 288 148 312 176 112
74 211 24 158 160 84 31 23 62 331 91 165 247 242 17
243 220 295 19 228 20 118 126 102 314 317 81 198 298 325
330 287 138 220 262 297 318 119 311 227 242 283 325 57 57
7 234 299 65 107 87 59 220 128 150 233 35 297 316 182
277 162 72 62 121 149 252 46 303 143 270 125 16 212 198
70 186 125 57 78 93 318 318 228 60 286 184 263 248 30
19 156 35 314 202 251 213 125 275 171 239 189 207 142 295
190 260 272 116 275 237 189 93 93 75 191 188 27 218 56
232 139 327 231 67 203 192 233 275 74 129 153 321 220 264
232 59 16 93 64 327 147 221 137 176 246 322 116 100 329
237 81 156 75 41 252 59 90 35 131 205 62 197 196 98
51 308 174 213 290 17 183 143 324 264 278 128 261 37 78
37 130 240 29 128 253 15 236 328 244 250 111 16 37 181
13 175 156 94 100 29 222 198 14 291 29 130 183 56 88
135 26 153 96 307 180 207 39 87 278 58 228 94 232 221
275 44 126 205 242 193 195 178 272 108 266 295 77 326 112
284 64 44 113 324 30 165 216 220 194 76 316 252 209 324
249 241 265 299 111 280 267 314 198 96 215 331 207 229 52
308 283 252 46 67 247 174 325 186 266 243 298 23 25 322
328 55 39 261 313 140 42 74 165 297 179 205 185 30 118
24 21 311 154 24 61 57 54 104 268 149 203 149 286 307
29 35 219 90 104 56 126 310 139 295 207 162 207 191 87
313 237 192 243 233 134 211 44 112 13 36 20 141 66 209
72 61 295 11 226 183 170 183 282 210 127 14 24 140 11
139 297 62 27 114 183 253 220 243 20 200 331 66 146 233
135 225 112 186 189 246 35 199 233 138 277 143 192 219 122
99 21 223 91 31 289 78 191 19 208 83 319 43 38 166
138 74 146 48 167 233 280 149 151 121 124 181 181 93 295
234 144 201 61 245 192 80 129 328 303 41 270 164 152 240
28 273 89 313 44 112 189 191 237 274 129 316 306 196 146
171 34 105 315 72 231 129 157 22 132 48 15 221 320 164
140 126 308 30 206 268 193 115 71 106 264 292 82 202 298
301 90 271 162 53 56 297 261 276 78 87 321 217 85 41
36 12 272 212 139 230 283 9 129 267 125 52 267 131 217
159 186 288 29 115 129 312 184 287 22 257 221 14 146 71
104 28 144 111 110 39 11 56 191 74 112 273 268 281 289
77 152 312 38 62 163 53 137 313 270 256 256 32 77 244
289 96 257 186 54 104 325 221 194 288 38 227 310 184 223
10000000 10000000 10000000 10000000 10000000 10000000 10000000 10000000 10000000 10000000 10000000 10000000 10000000 10000000 10000000
75 157 136 161 294 160 152 204 33 20 268 94 204 188 74
128 117 171 142 40 179 50 12 295 124 189 122 151 211 12
170 67 75 268 112 167 21 13 17 50 139 40 241 208 326
57 240 146 33 211 283 229 37 235 214 53 119 114 235 139
100 47 282 219 83 312 250 119 279 116 96 158 54 173 277
11 207 311 232 16 281 188 91 99 21 282 159 253 110 306
195 281 84 173 71 271 14 216 218 320 97 38 153 203 88
110 84 45 316 180 232 131 267 157 265 314 75 48 165 18
19 316 280 305 73 116 129 81 163 295 205 99 43 257 16
92 116 167 283 231 77 199 202 166 133 152 57 302 266 142
165 53 90 190 246 24 208 161 225 117 121 102 325 60 89
150 287 227 292 251 314 12 39 154 154 278 111 246 324 71
259 191 111 232 303 277 161 12 211 286 269 288 235 135 295
274 118 14 41 199 38 270 176 199 169 63 153 261 16 66
94 107 117 197 240 27 116 136 271 165 311 213 11 131 106
144 208 305 30 234 20 242 18 202 153 55 294 23 169 324
75 136 139 90 135 214 290 321 115 159 106 274 299 242 316
254 282 12 103 195 63 201 266 271 198 95 171 249 20 34
230 18 119 273 285 119 155 173 127 56 204 49 331 58 173
211 172 59 322 246 79 129 126 58 202 270 287 249 247 131
18 239 259 68 291 38 161 82 264 267 307 322 231 304 331
219 304 262 327 172 32 264 79 31 207 151 20 115 52 30
30 16 56 120 331 230 16 186 115 75 299 120 207 254 113
131 87 75 71 142 218 52 215 246 167 304 46 257 295 13
294 254 232 145 215 160 65 279 219 16 289 146 209 98 114
57 303 17 131 204 107 61 196 238 175 105 131 12 324 288
315 82 265 191 43 306 48 308 112 256 20 114 173 246 76
86 189 177 165 244 251 146 327 229 163 39 24 10 119 107
86 322 300 10 98 313 37 228 330 330 254 301 232 259 10
176 226 205 17 43 317 169 301 143 65 211 74 195 264 239
53 15 308 302 225 65 87 244 166 185 144 99 322 282 198
12 262 33 255 55 280 59 101 87 157 101 23 210 139 114
271 153 62 77 213 324 266 229 42 292 250 230 214 180 137
75 13 100 265 130 164 269 130 134 323 28 255 112 199 106
234 154 143 184 172 87 215 309 253 211 54 306 116 38 177
282 327 302 53 278 327 264 86 56 134 32 298 221 135 248
283 89 330 65 207 81 194 76 54 209 86 177 258 219 165
255 192 173 234 145 230 297 131 229 152 306 81 69 60 71
33 97 38 161 125 157 251 305 238 44 133 84 214 181 66
15 218 232 300 160 8 94 34 25 233 309 319 236 207 285
250 157 118 322 64 306 66 157 203 128 114 186 110 278 169
240 61 297 165 322 154 228 303 261 18 149 240 78 45 123
37 159 328 111 179 9 190 217 247 158 266 303 302 123 90
222 152 147 100 32 302 177 307 279 7 175 82 189 50 70
10000000 10000000 10000000 10000000 10000000 10000000 10000000 10000000 10000000 10000000 10000000 10000000 10000000 10000000 10000000
273 180 214 145 326 326 234 221 321 144 96 113 227 124 78
216 220 138 260 113 312 230 183 301 98 162 120 287 161 59
329 79 227 83 302 98 63 81 145 91 84 232 54 193 277
187 159 109 244 82 107 155 52 203 217 10 68 293 117 257
255 80 36 62 229 117 191 110 285 9 209 46 24 242 248
59 138 49 133 207 124 271 53 154 102 180 82 13 269 121
156 146 19 10 155 149 305 40 78 65 313 246 229 234 19
60 320 280 177 224 250 39 78 150 128 308 49 236 46 310
293 77 269 289 72 39 189 120 167 241 266 241 44 177 117
314 110 109 50 283 220 277 143 49 52 188 79 97 33 291
212 295 10 264 242 257 246 207 282 242 74 170 154 188 315
173 8 93 227 45 156 269 205 328 117 249 256 128 215 246
267 109 96 218 135 294 77 310 130 222 176 258 284 54 71
69 154 171 289 255 8 54 59 109 112 216 200 57 75 99
230 307 44 70 196 111 121 217 285 270 239 201 38 152 263
20 249 127 286 84 144 199 173 219 249 64 228 47 32 233
165 53 47 122 227 167 118 131 200 130 57 172 250 294 26
57 268 88 121 12 264 190 136 82 324 313 210 205 159 63
42 198 70 311 100 284 328 253 324 21 152 271 19 256 289
127 121 320 76 245 66 186 314 20 314 104 189 64 125 276
43 118 120 238 158 259 220 214 54 220 266 224 52 40 29
326 129 30 54 28 78 179 221 108 234 257 29 54 38 258
41 49 269 82 206 251 86 243 253 56 258 89 48 126 60
211 123 21 211 274 90 164 95 308 211 287 80 191 313 64
307 203 246 229 331 286 145 217 226 212 300 14 299 310 153
41 292 261 74 202 167 52 67 43 28 279 250 46 78 52
267 117 277 95 258 234 257 46 85 23 210 242 171 320 43
164 245 236 255 127 265 77 69 230 331 127 290 57 232 119
301 295 150 279 102 315 50 58 190 312 291 127 47 48 48
282 23 246 161 25 279 192 235 310 62 257 9 221 135 256
278 33 67 164 136 299 62 105 189 8 255 114 290 45 308
179 73 255 125 223 251 98 111 261 184 306 102 221 209 238
107 39 165 227 279 144 94 61 195 190 82 169 101 81 231
253 330 289 230 123 79 82 150 272 284 296 68 75 91 261
317 187 110 281 64 28 92 56 290 166 161 327 288 84 165
208 180 158 258 219 61 158 267 27 186 328 270 144 111 99
162 170 108 187 254 229 31 249 329 300 74 246 211 118 330
263 225 61 295 231 112 169 115 109 28 67 111 93 262 84
107 317 57 35 252 140 71 212 99 211 215 174 64 112 105
272 143 238 15 165 144 179 304 48 57 149 268 206 301 326
13 220 310 179 186 206 187 115 104 244 106 298 160 247 295
57 294 217 289 65 210 250 309 99 190 162 53 322 26 237
154 269 245 226 199 302 111 93 285 215 318 134 92 136 305
249 189 93 108 244 169 260 271 177 214 97 132 174 259 68
10000000 10000000 10000000 10000000 10000000 10000000 10000000 10000000 10000000 10000000 10000000 10000000 10000000 10000000 10000000
64 116 224 65 283 225 70 109 163 160 167 250 224 79 93
43 78 13 165 45 133 145 194 189 124 33 49 266 120 213
17 300 70 258 324 38 38 179 167 297 13 8 124 153 312
250 149 103 52 265 242 263 127 218 184 291 19 191 270 204
107 50 295 164 308 79 10 142 50 311 302 112 176 205 22
121 48 100 206 285 225 318 307 19 13 218 259 282 141 252
72 224 209 188 115 220 238 24 209 191 9 260 14 190 28
267 281 322 66 129 251 195 231 331 204 95 38 22 17 326
155 99 212 59 117 240 12 262 314 218 328 118 96 222 122
34 97 267 280 198 184 218 222 255 234 39 16 141 153 9
188 299 265 228 30 246 302 85 207 31 48 282 181 235 39
142 287 39 154 80 253 34 185 293 98 33 240 13 65 283
234 320 330 217 8 67 183 225 179 55 49 58 71 233 230
23 175 113 78 222 329 22 103 325 326 160 35 47 7 98
310 302 202 231 309 327 217 98 301 66 139 21 144 60 278
283 26 277 213 88 159 8 267 94 249 172 164 75 121 309
243 86 253 219 245 86 98 14 128 176 157 176 155 331 251
153 263 300 143 274 69 292 54 77 331 258 232 303 267 291
138 174 269 167 168 242 88 55 117 109 17 27 173 218 210
236 66 20 97 136 264 192 189 205 281 55 64 265 120 17
49 68 139 327 13 103 73 239 30 120 259 90 37 226 316
193 56 90 84 111 307 135 113 76 155 176 244 132 268 217
102 111 22 311 206 217 256 216 45 173 298 124 29 68 84
264 277 245 230 116 325 317 15 53 100 76 323 120 210 330
220 145 47 226 118 166 237 169 202 55 18 327 20 331 323
87 118 165 27 75 330 152 17 268 311 196 200 62 141 105
309 193 181 95 305 249 316 241 17 167 245 109 20 138 25
173 284 308 162 25 138 35 315 225 146 154 248 69 88 47
173 328 60 19 59 132 181 171 115 148 152 137 276 173 293
310 84 187 228 35 168 159 45 174 86 232 112 271 196 319
218 30 68 301 60 108 319 243 54 162 33 167 106 280 276
243 301 11 24 317 53 207 46 214 322 12 103 45 67 154
140 122 71 48 239 100 226 275 76 213 30 171 26 260 271
80 190 49 273 165 64 77 44 280 272 149 8 175 46 50
62 34 239 9 239 76 178 18 104 108 301 132 299 278 184
100 179 272 76 235 24 181 7 137 129 280 141 265 223 13
273 92 110 253 198 307 243 306 207 162 45 139 244 127 40
51 81 81 235 74 127 262 209 70 328 78 233 22 267 189
330 75 218 9 85 42 230 121 111 317 289 194 53 196 131
281 67 44 89 307 168 130 240 68 141 169 140 223 217 190
264 176 175 174 130 324 109 119 289 244 146 311 149 32 324
249 40 247 116 312 299 185 153 264 210 274 209 107 7 111
261 162 296 152 137 43 45 325 214 271 184 323 259 315 10
308 152 81 31 216 273 197 36 22 183 134 293 25 178 189
10000000 10000000 10000000 10000000 10000000 10000000 10000000 10000000 10000000 10000000 10000000 10000000 10000000 10000000 10000000
56 15 40 14 268 98 158 175 262 198 19 238 42 327 136
300 242 133 213 231 261 260 315 79 190 219 308 209 99 93
207 213 223 224 41 100 304 166 327 328 95 74 186 15 121
241 207 61 67 141 287 115 41 98 253 313 156 244 171 276
222 8 323 90 78 272 247 178 301 281 91 20 70 251 149
88 282 91 298 180 201 167 167 26 160 130 322 31 217 191
49 29 130 100 105 194 116 261 278 115 74 220 114 25 294
160 126 65 277 51 214 236 63 235 305 214 261 164 41 172
219 57 288 143 183 284 132 185 185 129 115 273 63 227 299
237 206 155 64 195 323 232 101 81 136 13 62 82 286 190
18 184 62 42 294 47 331 70 191 297 92 249 189 113 326
292 291 209 236 39 272 270 179 301 329 306 30 124 229 262
167 97 43 243 19 243 86 57 301 249 25 138 112 263 65
293 68 325 219 275 62 90 173 238 19 82 35 329 74 238
316 188 197 48 158 46 38 280 179 88 63 164 143 156 116
302 102 188 300 160 68 83 147 24 221 46 114 270 87 36
171 192 322 95 42 136 195 317 247 138 289 54 310 280 224
131 195 211 169 331 259 9 137 317 7 199 140 175 330 147
143 331 241 51 320 153 59 98 115 257 56 129 195 146 81
280 70 220 34 177 19 278 168 117 324 276 197 17 279 8
130 151 52 201 28 61 7 255 285 75 222 77 24 124 280
15 168 82 266 308 36 21 263 254 28 39 82 321 177 77
199 230 93 259 178 154 167 63 328 81 245 72 189 316 201
169 28 23 302 162 296 157 176 133 183 288 261 135 77 20
164 30 154 142 228 78 216 78 234 78 210 273 300 266 167
35 28 309 216 144 105 76 113 152 35 42 124 320 221 150
123 100 236 292 277 201 274 19 29 173 252 72 281 22 187
295 296 83 311 41 224 74 92 170 59 99 17 151 230 158
11 38 109 55 37 108 293 44 305 250 42 99 59 105 124
35 269 99 311 22 148 270 207 19 92 160 38 173 145 150
171 171 265 112 184 116 294 48 256 11 69 46 267 296 255
298 212 278 302 201 315 164 8 19 141 315 99 134 226 102
139 200 73 46 101 249 286 282 207 73 224 126 68 239 123
128 119 26 152 104 322 100 288 122 176 229 88 320 42 215
160 181 284 167 227 111 257 18 195 148 157 88 214 129 329
288 195 39 289 289 325 25 198 106 197 132 162 260 192 303
122 90 182 80 33 225 80 29 32 145 297 165 128 283 112
318 77 331 22 203 239 36 130 57 117 51 143 154 89 189
225 249 192 190 290 276 171 222 120 194 295 214 263 28 180
33 120 314 207 183 14 94 84 161 254 181 75 86 184 64
102 59 278 243 273 304 249 36 257 165 83 15 26 231 296
244 133 187 66 21 277 30 251 52 76 217 242 259 217 194
314 284 195 80 117 131 279 235 261 130 104 67 163 20 298
154 268 56 29 149 286 136 231 47 277 288 127 224 28 145
10000000 10000000 10000000 10000000 10000000 10000000 10000000 10000000 10000000 10000000 10000000 10000000 10000000 10000000 10000000
79 214 130 111 248 318 129 112 157 67 94 121 16 80 299
99 278 171 21 261 296 120 190 264 190 103 81 265 32 301
134 283 119 19 96 313 175 131 17 202 230 134 120 136 257
51 299 57 85 163 99 138 241 88 54 82 248 77 46 169
199 188 26 63 146 253 92 194 159 243 224 250 27 198 285
309 71 106 187 190 223 270 220 164 278 291 210 100 149 64
311 282 69 323 183 230 182 129 163 119 64 18 48 317 247
260 175 230 272 113 48 143 121 64 28 327 160 106 34 159
327 119 284 291 96 76 75 81 203 317 225 99 129 199 281
59 184 239 152 96 209 126 325 127 50 7 14 331 38 216
23 147 13 113 239 188 261 262 310 63 283 59 137 284 72
202 59 330 248 165 182 69 102 282 41 242 111 16 130 295
294 160 257 84 72 150 82 36 119 287 219 165 306 231 31
275 127 200 108 208 179 187 9 133 217 306 152 305 25 143
36 316 249 151 320 326 221 169 239 207 30 301 187 22 266
102 128 275 114 43 318 237 174 302 14 146 67 77 185 74
235 96 45 193 303 48 230 74 28 41 211 279 47 94 77
163 22 46 191 323 219 282 277 196 149 25 313 82 9 34
287 279 310 66 330 295 119 112 248 191 46 84 88 292 262
197 271 49 36 201 265 32 100 80 157 324 39 134 323 167
302 207 230 46 225 183 41 56 216 237 183 57 183 154 175
171 45 44 292 304 39 284 180 225 198 101 17 228 324 245
91 19 113 76 316 330 266 134 234 291 106 75 314 233 255
75 184 289 196 202 74 105 275 105 265 49 132 253 331 262
113 163 89 265 203 42 256 309 213 69 120 26 226 243 293
176 298 24 83 114 8 265 329 261 89 289 99 150 34 137
258 166 178 258 136 327 153 129 97 101 245 121 176 282 215
266 111 61 287 306 71 83 88 233 290 123 67 166 48 232
173 258 199 157 151 317 93 217 225 87 194 29 208 80 143
98 323 205 227 173 30 171 217 39 67 127 157 246 209 324
311 127 177 68 230 127 53 207 303 231 13 190 315 232 267
210 261 152 232 76 213 212 200 190 264 51 147 100 280 27
155 158 294 268 141 252 11 96 168 244 21 156 22 174 266
225 213 128 280 116 81 92 205 15 12 232 187 134 115 39
113 92 194 259 299 217 70 123 188 228 140 110 46 294 324
264 301 150 46 11 251 305 84 321 80 15 256 193 182 107
211 277 310 158 229 320 249 113 62 50 122 170 228 283 31
99 226 306 127 36 27 324 296 280 183 295 250 160 189 160
309 20 223 42 55 40 20 43 233 270 183 182 72 85 245
261 242 32 134 10 30 135 41 123 19 266 317 22 92 182
37 66 135 92 140 59 180 117 55 138 265 18 153 112 285
102 34 208 246 282 144 232 262 165 159 55 68 55 226 274
199 193 148 148 203 51 295 219 88 312 212 63 77 20 33
292 161 328 129 94 163 14 281 70 320 220 11 166 99 43
10000000 10000000 10000000 10000000 10000000 10000000 10000000 10000000 10000000 10000000 10000000 10000000 10000000 10000000 10000000
269 43 21 255 63 231 264 107 88 52 272 221 297 307 194
294 54 211 305 113 91 121 112 220 32 314 68 193 122 312
248 317 51 52 289 251 33 234 153 253 253 212 122 136 194
193 42 174 219 43 265 106 29 238 151 72 288 16 31 270
28 120 91 274 316 8 215 235 57 319 230 169 213 61 302
84 199 173 237 74 81 137 215 241 115 37 76 119 139 167
223 93 24 161 254 210 42 171 265 295 111 206 26 280 87
101 39 239 274 165 70 208 63 65 168 331 22 114 70 232
89 143 315 241 30 309 292 12 305 149 312 328 247 187 133
143 160 106 125 264 298 162 22 268 161 195 14 237 117 331
174 23 17 211 103 185 61 281 291 301 212 128 252 64 47
96 186 234 122 314 239 62 17 99 137 178 117 57 246 305
329 52 321 131 314 110 286 102 7 48 281 331 80 75 203
248 82 92 292 142 65 81 166 140 30 138 325 162 170 243
329 328 210 72 272 15 160 262 317 254 228 171 107 66 202
295 267 174 258 323 281 325 117 108 302 80 10 197 300 255
53 23 231 162 300 173 282 231 285 154 330 167 164 244 276
244 159 105 147 97 219 192 261 241 59 103 172 318 37 66
103 243 55 112 111 186 78 131 23 206 234 94 224 84 20
299 329 259 121 19 282 26 164 145 180 149 108 30 119 265
66 81 292 271 219 77 238 117 102 77 306 294 81 277 215
279 279 306 153 314 61 121 70 250 62 305 7 306 46 54
161 281 148 267 27 90 245 301 252 124 221 161 319 277 269
211 263 256 274 197 72 264 117 123 100 159 65 183 15 158
168 129 299 51 257 76 78 67 291 153 65 44 265 58 133
149 53 216 192 250 154 250 191 266 190 176 34 62 76 309
213 264 293 144 230 272 168 281 132 209 256 254 14 321 255
164 98 142 221 149 126 203 25 168 68 257 226 204 279 239
108 13 314 149 292 245 291 152 296 184 47 315 306 162 36
83 14 49 179 38 185 165 204 16 200 286 320 60 257 170
245 319 254 60 259 182 25 86 24 163 105 280 42 48 320
309 67 30 222 191 92 304 240 213 89 191 183 264 190 33
131 263 177 27 318 66 15 28 268 330 308 245 87 307 259
106 173 205 112 312 251 67 43 172 52 81 264 261 186 232
186 83 107 129 166 298 189 151 214 180 46 111 32 23 102
108 10 274 230 288 309 210 165 53 40 299 281 49 150 151
243 33 184 72 316 70 51 16 181 302 331 88 30 68 32
74 54 131 60 223 31 169 27 237 77 157 328 290 208 196
308 154 322 127 184 282 182 17 55 29 43 277 211 301 326
213 223 74 104 327 305 193 127 59 106 77 234 320 32 78
262 120 144 263 129 293 167 92 29 189 248 183 302 13 254
107 246 98 96 271 38 155 10 307 307 201 221 10 228 233
184 303 276 211 275 90 171 130 40 75 189 114 265 179 158
106 193 277 81 201 182 38 94 237 40 239 262 134 107 188
10000000 10000000 10000000 10000000 10000000 10000000 10000000 10000000 10000000 10000000 10000000 10000000 10000000 10000000 10000000
69 85 98 164 271 171 69 175 158 172 87 164 199 145 9
197 319 57 157 55 216 109 57 155 134 158 295 140 39 228
314 192 233 130 244 246 119 68 188 258 68 212 38 167 109
70 240 159 248 311 79 58 305 267 72 304 66 271 214 151
255 34 300 277 297 143 69 208 149 236 179 303 151 212 77
329 123 236 120 110 165 133 181 178 58 192 92 141 130 197
72 274 100 306 121 52 294 84 288 173 90 83 317 63 284
191 99 51 278 78 17 207 24 171 55 132 152 304 291 329
284 243 98 208 52 331 103 265 88 156 111 88 228 297 40
233 113 266 197 162 99 144 324 47 100 223 183 157 106 184
324 238 303 88 234 138 155 212 105 252 9 20 31 324 148
218 324 17 62 282 302 324 321 327 280 195 278 257 88 180
58 259 203 213 237 119 126 116 104 324 268 119 201 30 136
268 193 41 247 88 78 291 276 179 202 157 29 302 202 155
87 39 103 113 164 302 15 289 262 138 114 144 193 294 72
250 170 57 70 197 135 94 93 143 125 196 328 43 73 182
81 152 179 7 326 236 27 263 34 119 309 36 60 156 89
135 141 9 52 310 210 326 121 265 37 122 251 119 139 16
148 276 309 277 247 34 45 51 285 88 181 67 82 263 106
47 246 281 130 158 251 330 327 252 48 59 301 287 263 211
42 52 230 156 43 160 295 164 154 49 79 176 108 20 180
134 296 303 142 60 254 232 306 313 255 304 178 211 245 276
104 250 149 66 21 79 208 39 118 305 183 79 222 129 214
266 43 183 73 77 43 140 104 328 53 137 224 16 146 312
57 232 140 116 307 264 100 212 313 211 192 277 141 198 306
98 149 30 27 191 236 103 174 210 304 47 191 283 255 182
263 279 164 205 260 123 46 98 184 25 164 296 254 184 79
40 84 218 112 321 108 223 94 157 145 88 20 166 306 322
77 211 170 90 92 140 153 250 16 141 28 125 262 118 69
165 255 222 121 56 76 329 162 29 275 227 178 221 316 77
97 327 67 314 172 214 235 187 56 179 133 70 279 223 57
174 151 47 73 187 61 192 46 296 123 165 171 240 20 133
77 81 76 59 24 11 155 324 279 81 267 9 274 190 314
299 261 304 291 287 196 184 230 77 156 146 31 14 242 13
325 112 300 297 321 171 235 287 34 121 313 231 224 153 68
256 36 73 26 270 209 267 292 311 260 318 53 8 114 330
62 16 310 142 58 251 114 139 255 331 11 12 166 284 140
281 330 51 138 217 125 198 146 61 215 214 159 218 149 307
94 273 105 272 257 13 129 319 331 90 33 33 21 18 260
94 180 218 139 188 269 78 249 40 46 262 61 98 125 59
270 326 246 11 171 90 125 168 187 75 305 103 206 190 125
299 97 37 70 308 159 319 178 156 56 217 70 243 321 329
39 269 12 143 19 249 83 77 292 150 34 272 173 221 207
117 248 161 202 321 237 137 57 50 269 323 209 251 245 54
10000000 10000000 10000000 10000000 10000000 10000000 10000000 10000000 10000000 10000000 10000000 10000000 10000000 10000000 10000000
83 142 168 65 9 225 199 287 144 137 320 273 316 172 182
299 327 205 235 97 321 182 210 32 50 183 42 110 155 323
31 193 98 285 256 316 202 131 93 270 217 185 220 304 44
60 119 235 213 322 326 174 8 307 209 266 121 101 146 145
277 143 224 142 137 327 327 165 109 133 15 225 7 209 128
279 313 325 286 275 104 263 53 291 9 299 268 195 136 76
133 201 249 323 218 326 202 216 72 244 229 183 308 136 42
206 275 276 53 10 19 52 13 61 108 222 169 242 133 331
298 98 179 61 53 257 320 125 196 219 294 249 150 245 331
142 183 63 314 56 101 121 77 143 267 13 184 128 163 40
299 175 103 38 284 141 131 167 195 83 91 166 123 65 170
229 282 153 88 319 289 143 200 40 66 154 135 180 329 110
10 131 144 262 261 106 57 27 330 239 79 255 95 326 209
59 159 229 89 32 239 27 46 264 223 53 239 138 181 304
72 147 49 318 145 53 130 188 9 276 236 159 217 193 95
23 220 80 69 276 122 44 147 213 59 170 167 35 107 269
131 234 330 169 22 80 201 230 138 148 129 96 124 207 311
284 260 139 283 153 122 289 152 217 29 65 278 31 211 78
269 120 150 217 239 226 144 195 192 214 228 310 63 113 203
48 251 224 114 60 309 235 161 214 78 48 53 71 81 182
244 87 323 188 228 10 222 228 226 60 197 24 184 282 215
319 238 15 169 149 248 304 189 329 170 39 329 85 56 285
145 237 231 262 208 111 282 70 218 29 159 298 10 45 176
11 40 329 309 122 43 233 98 197 49 157 306 279 12 295
248 132 324 220 78 213 299 301 139 288 283 129 126 137 210
158 144 222 261 100 314 123 274 91 306 36 236 322 60 189
247 155 194 233 76 183 285 84 99 177 238 176 193 286 331
108 306 18 290 63 317 14 250 319 130 291 38 83 71 215
288 233 93 217 278 85 132 281 170 250 126 107 263 170 162
160 285 206 71 44 247 269 120 295 89 56 313 55 138 239
282 131 117 193 58 305 40 253 323 318 312 154 38 292 265
165 308 65 221 318 236 325 281 246 267 60 85 54 153 275
125 238 205 212 273 243 75 194 217 35 134 191 186 216 290
92 242 183 198 73 301 135 153 203 265 228 56 234 247 222
146 55 205 324 107 229 23 257 151 60 166 325 19 310 150
38 252 136 246 143 199 201 17 76 28 169 295 90 139 74
12 44 119 80 185 135 155 238 170 34 92 78 179 224 167
193 90 210 229 228 27 307 79 316 258 106 86 66 288 233
103 73 185 224 145 57 293 91 213 152 204 51 281 81 64
279 45 269 129 25 243 230 240 293 80 193 315 93 21 133
230 251 10 92 7 61 18 26 72 155 203 150 239 81 65
31 97 152 65 222 185 329 204 188 269 328 35 16 36 172
138 93 26 256 278 156 302 273 146 268 109 303 224 152 151
135 120 78 263 125 98 24 189 258 190 116 312 276 166 198
10000000 10000000 10000000 10000000 10000000 10000000 10000000 10000000 10000000 10000000 10000000 10000000 10000000 10000000 10000000
317 313 115 97 318 291 243 244 90 270 88 322 241 45 272
30 299 211 237 289 153 214 59 199 44 107 258 24 44 308
233 315 17 65 240 269 210 167 96 124 43 255 85 98 99
112 131 282 327 166 134 32 255 251 19 8 323 90 28 266
81 181 301 304 237 170 237 309 236 46 20 66 257 170 331
212 13 143 278 281 153 300 306 296 193 132 187 41 130 280
194 213 271 207 200 45 157 268 135 198 238 35 97 162 184
182 209 174 17 14 49 72 18 92 39 220 66 159 67 319
67 167 205 131 234 68 227 96 69 167 224 98 68 184 27
192 220 77 234 67 93 117 257 180 150 323 61 67 330 265
53 130 10 240 52 297 123 182 44 34 270 252 316 304 310
26 39 92 284 309 213 276 185 74 110 230 251 250 90 259
43 50 170 106 273 272 114 252 317 187 250 164 99 25 227
59 255 139 284 322 289 151 157 97 329 310 97 84 92 11
152 325 216 236 54 174 74 313 118 209 175 214 264 93 229
320 325 180 169 81 61 69 120 148 291 181 196 140 297 279
72 56 306 288 45 297 83 242 246 77 298 93 49 187 276
114 170 156 175 253 126 185 187 123 281 167 238 270 167 20
149 147 127 44 48 56 140 331 169 36 293 314 244 163 150
40 155 282 325 283 163 304 166 246 38 24 33 299 85 78
77 39 125 143 322 318 210 35 35 250 136 213 25 135 236
44 287 225 173 53 214 200 225 184 76 180 170 242 251 8
259 87 321 24 49 140 14 134 121 229 238 267 133 235 82
29 188 228 91 174 166 144 139 119 134 292 290 226 42 272
54 95 249 114 227 51 260 217 133 263 99 266 232 101 68
262 133 103 62 114 289 168 151 249 158 302 35 233 28 82
28 273 229 214 306 144 8 7 291 231 262 171 205 245 74
102 235 101 100 245 327 322 211 318 321 261 285 270 33 298
236 23 315 112 77 22 155 145 330 199 66 105 196 233 43
59 305 193 325 160 11 292 326 108 251 183 135 176 120 192
106 164 268 157 32 227 177 148 303 293 163 288 158 245 10
177 57 228 127 35 215 88 326 193 322 194 238 114 172 312
105 277 175 313 296 268 157 294 142 264 269 80 300 128 254
117 84 313 161 63 222 133 317 198 223 150 209 148 45 31
103 53 221 80 125 287 330 226 185 106 297 288 89 116 181
225 15 210 134 142 197 204 34 39 16 179 74 50 171 292
158 107 154 235 88 218 101 263 318 175 242 325 281 40 41
289 308 179 144 122 79 228 11 310 154 233 12 283 98 35
237 217 226 329 66 172 257 191 301 286 280 78 39 69 109
7 327 55 72 288 295 55 87 134 231 271 29 322 209 219
251 248 318 41 301 37 129 313 78 127 11 293 164 290 158
239 103 251 249 105 163 161 182 69 320 58 21 40 126 329
22 20 69 74 172 39 310 159 139 197 191 198 279 319 317
289 110 278 11 110 81 44 273 137 298 204 157 15 84 78
10000000 10000000 10000000 10000000 10000000 10000000 10000000 10000000 10000000 10000000 10000000 10000000 10000000 10000000 10000000
40 239 225 124 144 305 173 59 73 126 31 293 271 239 106
226 98 210 123 84 250 314 157 137 158 313 132 194 268 296
318 223 264 274 226 244 73 259 113 156 95 302 77 103 247
286 142 42 69 300 19 64 65 15 271 305 233 247 175 223
175 159 316 34 15 302 259 327 31 33 73 254 171 303 242
53 48 292 219 289 318 306 219 218 184 81 175 159 205 187
112 289 216 8 11 300 87 89 248 60 20 221 38 122 147
196 293 256 234 166 299 88 197 275 140 211 118 89 92 48
12 80 330 53 41 250 281 155 95 323 35 331 26 61 89
312 32 275 20 223 118 209 219 282 43 264 272 267 174 312
79 288 67 331 78 62 294 50 303 223 100 180 29 27 13
243 19 105 324 147 279 251 244 87 123 158 29 87 254 217
215 306 24 64 225 234 103 286 88 40 24 104 11 204 261
77 255 66 223 81 119 236 30 90 235 160 299 254 58 137
309 163 129 56 107 322 268 228 121 247 286 230 281 236 105
74 217 74 323 201 146 85 151 277 144 290 17 129 110 199
98 145 230 305 240 119 141 93 270 254 191 245 149 251 134
308 217 31 307 80 51 282 153 309 293 173 191 160 63 99
114 151 233 8 300 147 30 151 316 317 120 127 300 40 131
323 266 310 192 298 130 180 233 153 324 146 241 269 12 138
105 292 184 32 322 248 87 329 328 42 117 141 177 209 188
307 42 169 279 293 199 124 226 274 163 37 190 187 308 238
53 149 266 152 84 112 200 280 115 172 17 327 300 252 280
210 331 166 83 144 271 126 38 310 225 154 116 320 252 134
22 104 65 27 123 283 61 215 171 328 198 24 122 317 105
172 85 265 52 82 93 179 116 127 103 122 242 189 248 286
297 327 221 186 311 28 135 207 92 159 53 104 110 196 31
66 234 282 189 69 102 189 93 130 237 254 152 170 138 62
153 266 15 102 10 131 294 154 331 227 101 214 330 19 166
300 13 80 151 114 328 267 72 158 64 136 310 12 64 189
59 145 238 181 261 237 107 20 19 210 145 254 166 233 192
91 102 280 302 126 7 133 23 157 265 263 281 329 181 39
239 112 12 34 190 263 54 192 311 243 76 56 287 311 185
61 285 128 225 328 25 59 119 86 200 197 11 186 205 126
209 273 165 178 163 64 264 136 243 170 262 192 78 213 326
261 23 221 18 164 316 104 194 16 85 82 49 234 45 314
316 306 71 144 139 309 270 55 267 301 65 230 220 238 296
272 126 112 137 274 126 233 287 237 120 273 263 178 167 57
72 273 102 153 256 172 36 38 320 293 328 275 163 169 155
158 115 77 172 224 52 108 157 74 246 108 263 16 171 239
174 82 221 193 126 95 106 258 229 158 115 95 289 196 263
102 90 290 121 242 182 98 221 190 247 142 314 301 27 204
147 267 275 207 293 260 320 122 10 51 16 59 35 107 261
30 120 123 82 212 145 186 297 192 93 163 251 15 152 59
