10000000 10000000 10000000 10000000 10000000 10000000 10000000 10000000 10000000 10000000 10000000 10000000 10000000 10000000 10000000
33 56 18 27 54 19 28 50 23 14 23 58 43 35 73
69 17 8 66 11 70 50 29 14 47 51 7 70 64 5
35 32 2 68 51 56 73 60 29 2 69 57 34 31 23
19 62 46 15 60 70 43 70 22 66 37 16 54 59 57
49 70 63 65 48 25 52 40 6 56 1 8 16 4 29
42 21 44 12 52 47 37 46 23 52 12 47 63 13 1
51 30 39 3 40 34 23 63 20 41 48 40 50 54 51
38 23 7 60 44 61 55 67 25 70 56 1 68 20 37
66 50 50 67 9 42 62 69 17 35 54 23 8 11 45
45 65 67 7 37 30 1 30 20 1 31 28 10 42 20
2 27 42 14 66 71 5 54 28 59 8 13 70 36 51
50 61 8 23 4 8 1 28 57 51 70 70 38 35 1
40 68 60 13 34 5 34 73 3 28 68 17 38 29 35
34 69 10 10 65 6 56 61 59 72 39 57 2 26 38
1 52 67 66 17 33 37 7 51 11 53 60 9 14 62
15 1 5 34 39 34 23 49 71 51 25 50 24 14 8
10000000 10000000 10000000 10000000 10000000 10000000 10000000 10000000 10000000 10000000 10000000 10000000 10000000 10000000 10000000
1 65 52 72 65 72 16 12 21 64 64 11 18 38 7
52 52 4 62 71 13 8 33 37 31 17 3 47 38 2
30 39 60 48 72 59 51 68 28 28 58 29 11 51 53
47 22 53 47 65 42 29 71 71 6 59 17 21 1 32
21 40 10 27 17 72 42 16 4 23 58 34 67 7 71
2 36 37 45 3 28 13 5 21 56 10 59 19 59 2
70 55 21 1 66 64 26 7 32 64 55 46 57 39 54
35 58 67 45 43 31 67 19 36 69 42 4 18 62 33
16 48 72 24 1 38 1 29 19 10 16 38 14 4 54
68 54 31 47 48 16 6 36 70 53 33 46 10 10 73
57 59 55 48 56 15 16 14 70 17 34 47 62 2 58
7 7 10 58 73 66 39 32 28 65 16 12 11 7 12
21 24 33 47 21 41 64 73 29 28 36 67 13 19 46
1 58 32 26 37 40 45 10 18 21 71 32 17 42 42
27 8 61 47 57 55 16 7 39 18 20 2 70 59 14
46 51 46 40 48 21 47 9 18 15 30 59 47 48 20
10000000 10000000 10000000 10000000 10000000 10000000 10000000 10000000 10000000 10000000 10000000 10000000 10000000 10000000 10000000
3 54 47 64 30 40 56 52 62 29 22 72 10 44 54
23 8 70 62 61 52 22 13 43 57 46 28 1 3 9
40 33 36 23 68 24 63 6 71 51 64 22 49 4 70
34 38 35 33 71 60 39 70 29 22 43 8 55 66 25
20 7 9 42 4 14 25 50 53 29 42 36 52 3 12
65 42 61 64 20 1 36 23 50 38 23 50 50 23 27
12 20 41 28 26 72 43 67 29 32 42 16 59 37 48
50 56 29 6 11 8 53 27 61 30 72 37 21 48 32
59 63 31 51 35 32 1 10 69 49 70 11 52 57 56
49 55 72 20 15 71 24 23 57 8 16 55 28 36 27
66 35 42 5 44 2 61 4 42 34 7 69 23 25 1
56 60 44 38 48 38 41 22 62 28 1 32 2 15 60
61 42 64 52 26 10 20 22 49 25 1 33 44 8 33
67 48 23 55 24 6 1 54 57 41 17 36 10 54 31
11 41 29 41 10 32 9 72 29 15 4 22 26 64 46
48 45 28 2 11 73 13 1 57 53 11 46 63 47 32
10000000 10000000 10000000 10000000 10000000 10000000 10000000 10000000 10000000 10000000 10000000 10000000 10000000 10000000 10000000
69 30 39 23 24 8 21 38 8 44 63 52 1 39 10
55 24 58 72 4 8 43 2 7 1 53 6 13 69 28
63 3 45 22 1 4 8 53 62 6 57 23 4 33 62
22 67 46 21 48 52 20 68 52 41 40 13 18 39 9
56 1 61 70 6 17 25 37 12 32 55 29 62 70 15
29 65 31 1 41 19 43 69 65 58 26 51 66 22 14
59 36 15 61 47 26 28 50 22 32 60 57 9 37 43
59 42 22 69 52 27 7 56 72 36 69 31 4 18 39
67 37 48 57 31 51 72 36 1 16 40 28 7 1 34
14 69 35 64 14 4 33 18 32 42 29 47 52 18 57
8 45 69 53 8 6 70 43 46 54 5 59 8 51 68
12 67 15 54 35 29 57 63 28 47 25 45 55 26 42
41 25 39 25 17 67 6 51 73 42 1 66 21 24 49
66 56 73 5 1 52 19 21 30 73 43 32 9 31 42
66 53 70 23 9 28 34 7 63 18 46 3 32 69 11
3 63 2 60 40 72 72 39 15 50 45 1 11 6 4
10000000 10000000 10000000 10000000 10000000 10000000 10000000 10000000 10000000 10000000 10000000 10000000 10000000 10000000 10000000
33 22 14 16 63 2 26 59 43 32 25 49 54 36 39
61 8 1 13 10 1 37 4 21 57 50 48 9 10 10
63 35 60 7 43 21 72 72 64 20 15 6 34 38 43
67 65 52 10 1 33 59 3 60 38 10 2 39 43 60
40 58 15 49 12 3 25 24 55 5 30 14 32 32 14
66 20 27 24 21 44 38 1 70 65 4 26 2 1 31
15 15 22 52 2 49 67 12 10 32 35 72 17 19 47
28 68 68 31 16 45 1 13 26 32 23 22 56 63 66
21 20 61 31 40 69 52 34 73 72 56 46 41 68 10
44 54 31 9 31 22 18 15 58 22 3 68 36 8 62
43 56 23 24 1 44 56 16 40 35 24 25 62 41 35
55 51 2 45 32 14 5 24 73 31 6 68 51 63 22
51 28 10 68 40 2 61 51 37 13 7 57 41 61 25
13 36 34 45 40 70 32 1 18 14 18 34 16 44 24
36 33 52 22 54 73 12 39 19 61 8 61 65 11 27
6 65 42 7 8 56 45 25 12 8 72 56 35 21 64
