10000000 10000000 10000000 10000000 10000000 10000000 10000000 10000000 10000000 10000000
25 284 120 197 169 200 293 75 117 10
186 61 75 257 183 187 21 9 93 280
137 113 197 130 228 319 148 50 153 294
139 18 74 21 186 18 225 89 182 161
180 181 256 105 151 163 160 88 139 307
214 53 75 20 209 221 60 176 184 101
125 117 129 11 67 41 268 243 40 197
311 271 208 7 197 190 259 60 158 302
95 155 43 148 21 76 64 57 198 14
14 194 39 283 306 62 265 70 312 190
99 9 19 282 88 108 156 257 32 309
122 218 132 177 312 75 220 285 54 169
153 77 98 239 316 256 231 260 246 222
69 294 10 263 150 222 227 262 201 237
203 179 39 61 110 136 25 120 196 40
23 273 146 265 317 318 97 248 106 225
270 113 137 229 78 207 315 173 177 219
58 47 77 231 206 179 131 175 158 135
103 116 96 219 178 45 44 227 95 170
30 136 87 138 235 239 234 66 228 71
129 173 158 83 63 41 162 268 79 297
181 127 22 178 43 214 119 288 89 157
233 53 41 289 196 138 91 29 211 221
217 85 146 40 17 158 134 215 194 289
18 286 270 139 237 261 164 264 215 158
214 12 286 190 85 309 243 11 299 161
78 20 101 55 15 46 82 208 219 242
148 96 127 193 199 261 154 271 140 298
96 136 62 217 252 244 236 41 240 236
236 261 284 45 143 127 279 149 241 245
295 8 237 297 242 72 199 85 275 194
140 160 228 166 40 167 294 287 192 303
39 217 274 179 136 148 28 145 242 17
77 163 277 131 190 268 318 304 51 137
57 146 145 171 60 41 231 104 265 202
223 234 233 5 286 110 238 180 235 106
181 248 145 82 126 18 221 133 185 252
61 215 153 129 137 286 202 183 297 184
192 86 175 89 72 214 29 200 233 263
96 298 198 296 235 139 212 150 102 296
52 14 312 227 126 204 67 78 78 272
237 121 274 148 249 320 287 156 16 306
219 149 99 142 289 319 225 77 306 281
312 171 18 237 197 10 224 123 159 297
77 69 52 33 205 226 97 101 283 229
151 258 175 195 24 246 131 188 202 230
14 302 91 100 121 217 249 192 294 218
239 96 292 110 222 262 76 298 60 200
55 100 248 315 88 43 214 293 6 119
306 214 45 183 7 193 254 185 216 74
162 164 239 293 296 17 314 166 287 176
21 152 163 252 97 281 18 80 224 297
157 162 300 35 179 87 114 184 301 100
216 10 303 139 42 164 244 215 79 147
170 12 65 234 260 14 54 200 106 293
236 154 243 231 127 157 142 131 70 98
159 260 101 41 38 314 285 66 317 139
320 97 259 129 173 152 205 243 156 142
130 121 307 207 286 192 41 58 38 11
187 9 40 314 134 202 258 112 252 273
312 202 187 153 92 173 285 9 161 294
262 197 200 88 263 219 314 85 177 199
203 269 152 179 161 256 218 241 266 260
291 81 183 230 26 28 306 102 311 32
302 187 236 155 31 231 215 195 302 251
132 292 218 183 140 161 241 207 229 33
12 223 14 246 35 188 274 190 246 115
67 212 305 5 44 212 189 312 28 147
229 300 9 150 157 225 117 153 239 158
198 54 12 158 62 158 40 141 165 76
107 45 305 129 141 216 135 195 301 210
35 137 127 150 190 167 123 315 158 127
308 9 61 293 210 166 12 153 294 219
296 28 97 291 22 160 245 110 157 252
318 237 177 258 151 319 298 160 165 231
87 300 269 65 251 50 305 160 238 316
214 38 160 140 182 297 236 221 113 13
237 204 241 215 61 308 70 197 153 293
263 49 146 165 316 253 290 34 276 25
249 202 126 285 303 124 16 104 58 288
34 233 135 118 169 187 123 205 274 197
38 246 159 99 127 278 211 209 113 196
195 27 217 91 51 101 267 162 155 17
309 318 309 138 64 249 301 190 49 173
284 94 124 54 284 183 139 314 110 126
215 248 263 179 72 142 204 277 89 32
33 147 305 132 94 271 216 25 42 298
148 241 79 253 220 49 27 227 70 55
319 65 89 171 32 203 247 312 86 205
238 151 87 285 186 138 214 133 14 190
10000000 10000000 10000000 10000000 10000000 10000000 10000000 10000000 10000000 10000000
281 84 12 212 308 54 246 62 193 112
196 111 63 223 9 197 311 80 166 49
192 226 295 291 189 36 120 247 142 308
139 137 232 35 264 229 115 193 242 317
113 259 179 299 29 80 296 234 164 83
292 60 85 104 314 318 166 151 172 8
310 103 134 145 161 38 250 29 106 115
50 243 233 285 9 293 217 183 269 214
172 216 306 32 117 26 216 198 217 186
279 19 53 183 287 39 190 180 228 78
71 170 122 108 193 96 137 188 105 208
271 76 118 197 25 206 138 117 123 168
164 60 36 178 138 295 61 229 224 230
96 29 263 124 14 280 26 78 311 181
36 238 166 103 17 147 194 95 112 299
237 196 18 282 54 223 202 278 289 90
282 72 289 43 303 249 168 302 115 271
58 149 58 106 36 82 241 281 33 221
232 166 310 143 164 228 277 178 81 195
305 71 214 204 75 26 262 301 258 161
184 106 219 145 131 47 42 106 73 167
220 19 75 52 166 254 67 84 308 56
67 119 43 219 160 170 86 43 291 158
48 41 146 185 312 44 104 262 250 18
240 129 304 235 205 204 311 241 160 233
35 194 206 212 138 250 314 95 248 98
155 149 26 13 152 213 240 81 80 255
221 186 177 231 159 10 281 206 296 86
297 46 269 182 202 134 240 87 224 314
86 168 262 102 262 169 208 185 200 51
318 288 58 227 188 208 72 305 248 195
182 283 168 301 159 140 205 225 244 93
270 262 225 235 73 193 252 288 240 232
98 307 69 117 184 121 91 87 171 174
278 289 61 232 103 313 81 26 131 151
27 98 58 179 149 239 223 89 193 122
91 176 149 12 28 164 56 232 28 238
281 102 126 315 273 94 159 53 277 52
317 194 184 178 66 317 41 237 317 98
301 137 86 261 271 206 128 279 190 247
272 245 126 69 230 242 6 299 114 73
51 15 7 16 278 306 126 191 70 39
164 148 154 35 66 14 225 231 151 199
315 190 261 172 253 258 273 293 303 18
236 118 152 33 277 123 28 64 172 241
231 42 24 9 23 74 182 11 270 196
9 173 173 192 24 10 312 189 284 46
56 277 299 166 243 81 127 220 36 119
268 159 284 6 126 113 285 287 189 245
11 87 148 215 212 17 99 175 184 69
186 94 309 281 32 51 24 67 302 17
274 84 129 192 174 264 243 135 292 60
61 6 187 279 201 169 258 240 222 100
218 232 164 148 78 246 234 163 190 63
290 102 91 47 279 287 40 283 298 61
186 38 52 51 150 75 159 20 68 235
72 287 75 108 159 247 168 225 308 172
280 280 185 135 7 100 88 161 261 76
18 232 87 114 31 289 149 181 150 314
77 123 262 17 232 305 78 195 54 220
161 214 70 54 90 72 309 145 90 227
69 231 205 209 68 147 133 235 57 33
234 93 263 263 159 151 240 298 148 207
65 261 158 156 172 137 59 100 91 272
281 48 307 36 149 104 314 130 74 131
78 242 292 45 41 150 148 182 129 58
320 167 78 282 272 39 231 13 201 7
307 284 215 200 264 279 62 69 105 161
27 55 185 42 32 127 94 22 312 19
178 264 164 206 84 260 72 95 300 296
237 156 150 42 261 233 269 125 215 85
90 128 154 54 74 181 59 74 177 113
129 258 246 90 110 75 181 281 136 130
26 296 153 191 199 109 31 217 222 174
82 199 96 231 88 106 93 37 51 39
153 32 233 212 107 239 47 189 168 86
293 111 269 29 230 169 141 88 318 267
173 50 54 192 186 59 134 192 290 103
198 252 87 190 157 187 183 134 153 111
281 110 21 21 136 283 230 239 283 298
231 119 168 279 298 316 130 33 278 297
129 189 219 151 280 215 102 92 317 287
284 257 193 156 243 228 123 24 186 188
8 66 247 116 26 8 246 196 267 136
69 59 240 100 33 255 271 202 167 69
116 102 120 73 6 318 90 175 260 40
271 50 110 11 72 129 178 314 127 240
165 148 282 171 272 73 229 126 104 236
49 93 41 272 12 307 286 70 124 75
38 320 7 151 221 167 155 281 203 286
10000000 10000000 10000000 10000000 10000000 10000000 10000000 10000000 10000000 10000000
239 117 83 306 222 32 170 79 235 145
270 67 210 241 273 206 213 230 205 239
6 7 99 155 71 50 142 239 149 301
247 73 146 226 184 146 232 12 188 63
254 22 183 183 65 25 36 312 145 144
274 16 87 192 69 196 172 18 205 319
101 62 154 298 157 207 126 224 310 165
314 77 100 228 163 246 46 204 73 17
114 35 254 108 259 213 142 299 283 121
230 113 150 181 10 276 256 25 84 82
7 119 272 313 169 114 143 58 307 163
285 285 221 308 69 268 6 50 94 298
206 309 167 91 269 40 155 28 143 204
115 259 227 190 69 303 15 64 116 71
41 228 290 221 275 173 175 185 173 212
269 162 225 109 13 96 165 39 199 163
42 60 162 29 8 233 244 251 271 293
266 303 169 67 228 90 315 113 208 18
52 266 260 65 21 193 36 240 211 77
57 179 66 300 96 56 313 78 220 86
37 126 102 44 77 136 42 163 293 108
6 224 230 287 261 104 265 104 78 194
124 69 75 42 100 28 160 121 50 242
291 306 49 115 267 182 41 25 39 293
76 14 24 280 304 52 248 294 75 55
29 101 309 317 87 266 252 215 68 317
77 55 48 36 128 23 182 236 115 149
290 179 87 171 55 317 315 174 53 188
159 141 163 179 27 227 98 204 147 35
19 193 275 128 77 238 131 247 309 158
240 267 18 48 235 262 40 103 141 234
140 200 46 107 305 261 23 232 21 243
144 233 207 95 105 26 5 238 7 219
71 156 82 180 272 29 103 303 205 301
153 252 270 186 90 206 256 152 190 278
58 43 257 173 228 37 275 70 273 36
119 129 63 258 31 133 120 156 200 59
108 80 73 243 31 113 123 138 264 218
311 148 28 138 152 141 56 145 190 306
262 139 159 287 164 204 161 100 318 233
91 174 272 42 257 32 115 244 114 216
5 319 93 168 103 176 166 275 166 310
226 157 81 53 73 132 203 10 290 91
12 108 169 279 275 254 203 228 233 151
215 158 239 108 53 147 305 88 28 54
149 234 302 281 81 318 137 245 15 177
7 255 180 264 262 294 204 170 313 93
146 182 108 211 24 128 141 19 43 148
94 127 190 149 79 267 270 259 297 307
107 32 33 14 211 140 82 215 128 145
216 313 108 70 266 295 70 297 87 33
304 125 60 55 207 179 220 95 9 197
87 90 70 217 214 299 204 317 139 277
98 275 115 46 268 119 167 217 57 180
271 279 167 18 226 260 157 144 38 311
155 42 160 247 128 75 83 205 233 309
222 131 146 207 142 87 112 297 56 153
290 147 5 308 163 274 171 310 152 202
43 311 65 18 236 97 65 152 119 230
154 291 208 159 61 59 9 190 295 113
18 317 246 147 114 126 206 41 236 16
30 44 185 195 160 227 111 106 115 313
234 45 11 152 32 156 280 177 217 33
285 163 182 70 236 91 296 30 240 113
292 96 318 7 189 105 66 51 299 180
241 156 13 252 41 55 303 275 315 223
26 116 97 272 123 35 5 187 37 111
111 239 210 119 109 308 64 287 245 125
169 86 73 66 40 192 109 286 204 112
319 178 200 61 149 47 32 175 281 33
212 285 238 191 147 40 153 292 130 249
38 263 36 42 223 143 301 192 220 297
106 232 7 11 200 183 68 82 18 267
147 143 195 206 33 254 244 273 174 313
34 122 224 168 219 309 163 318 27 236
131 251 219 298 295 75 95 63 104 309
254 182 183 144 228 35 60 36 109 37
215 207 53 159 148 126 298 207 215 103
150 303 46 103 228 319 49 20 205 265
140 173 128 33 151 240 194 117 145 158
186 252 190 26 116 210 241 177 42 183
241 176 77 54 82 15 278 215 138 71
279 185 130 178 76 125 311 147 58 97
266 289 27 285 291 63 236 93 300 228
55 32 103 167 171 272 122 286 47 254
138 260 134 175 55 65 174 185 219 146
62 320 265 218 41 198 254 125 156 292
318 285 172 57 123 202 122 212 92 195
128 234 203 243 265 176 270 66 271 36
26 247 178 85 85 247 67 231 63 207
10000000 10000000 10000000 10000000 10000000 10000000 10000000 10000000 10000000 10000000
17 310 172 39 19 94 34 211 102 75
283 168 235 16 273 92 247 96 92 137
260 278 162 232 161 266 295 187 20 103
18 304 64 144 65 106 154 224 54 247
245 69 122 13 17 136 283 105 255 212
292 137 100 120 189 313 7 85 191 238
215 187 287 8 210 21 302 186 128 157
218 238 227 230 40 142 136 20 23 226
63 127 113 315 119 67 85 309 67 320
99 222 85 28 108 224 46 23 120 77
137 9 238 262 119 158 70 213 137 50
194 290 193 119 289 307 133 268 104 232
107 217 214 27 158 132 60 168 93 92
251 67 304 154 72 273 136 141 146 142
185 208 170 88 129 100 219 252 120 188
137 94 283 83 117 241 190 279 232 45
134 56 154 126 69 140 256 274 77 125
15 152 59 16 113 48 208 278 247 294
96 280 175 301 131 49 33 276 287 122
129 136 297 80 199 98 47 259 85 7
285 160 90 236 127 19 48 264 199 320
309 49 156 99 246 249 85 133 92 223
276 83 154 229 251 195 144 54 187 271
256 93 66 219 21 71 301 189 219 268
315 130 44 111 34 85 310 46 234 215
115 211 52 167 243 265 22 224 187 229
144 271 223 320 309 173 59 84 184 281
270 150 155 41 287 320 104 206 189 74
123 172 235 302 191 65 235 163 81 40
32 19 191 128 242 238 272 299 154 289
15 154 131 44 162 175 204 141 291 275
144 193 238 313 255 90 310 100 77 40
48 42 211 190 311 320 55 150 192 98
16 49 96 89 266 199 291 161 221 152
6 76 282 246 88 173 44 207 233 188
58 133 264 304 79 315 95 315 187 114
119 175 261 268 278 292 85 9 28 79
129 211 273 78 289 79 57 251 52 12
117 30 142 220 236 154 184 51 171 222
16 281 243 7 240 259 5 266 241 14
63 261 317 317 302 117 230 135 292 137
136 241 167 263 236 220 100 200 201 32
168 305 25 143 48 216 312 86 175 308
96 220 183 232 142 156 264 154 51 101
302 76 32 72 42 149 115 156 308 79
281 202 233 300 184 35 12 255 7 195
20 126 52 191 152 97 263 11 166 268
34 293 291 172 226 88 39 92 105 259
7 239 12 30 271 258 118 246 288 220
268 294 274 299 236 269 138 166 40 145
15 157 182 113 77 57 291 153 243 118
290 261 154 307 179 220 168 274 217 297
188 24 140 283 126 119 51 257 172 172
277 56 162 195 177 56 142 319 181 211
11 205 198 279 156 93 121 232 185 167
95 204 163 110 117 155 95 53 135 171
290 30 43 81 33 44 25 273 37 307
204 297 6 164 229 152 258 184 66 138
56 145 139 44 85 317 295 37 303 123
109 5 251 305 88 153 232 126 113 312
236 214 21 274 286 281 13 59 42 85
275 255 167 66 24 45 294 152 127 230
167 51 13 148 281 267 267 80 143 239
221 271 120 104 144 113 227 160 296 213
21 211 252 52 217 178 227 134 253 205
147 130 28 280 169 303 302 217 226 298
49 13 289 215 126 211 194 125 111 183
297 157 13 96 259 188 62 224 45 77
52 127 264 74 164 42 318 174 151 22
210 226 125 253 101 165 225 206 258 35
272 43 163 22 32 264 60 269 99 298
265 161 312 279 33 291 281 22 318 118
256 131 15 241 262 197 117 19 248 201
225 65 240 239 84 68 222 100 302 308
261 106 166 228 97 255 24 195 187 254
175 158 125 284 173 267 12 61 239 144
51 21 19 102 217 12 172 290 294 295
217 313 76 143 263 281 215 122 78 36
76 286 20 102 143 316 37 104 52 86
118 96 37 60 251 51 251 236 181 176
233 172 253 92 82 171 188 133 62 176
74 171 37 56 307 122 10 130 232 122
179 172 41 289 275 125 173 98 186 14
232 214 282 42 13 175 164 288 148 28
67 197 254 90 174 165 236 165 131 260
96 162 262 131 249 226 51 30 273 221
290 204 290 217 132 70 24 113 103 61
199 165 207 166 291 264 171 259 46 99
6 217 20 5 81 143 257 268 282 44
199 22 218 240 303 137 291 212 106 139
10000000 10000000 10000000 10000000 10000000 10000000 10000000 10000000 10000000 10000000
297 137 140 233 293 204 100 40 16 97
55 120 12 131 184 218 281 282 108 52
84 255 135 127 101 13 208 107 10 79
295 256 14 102 255 270 295 313 120 258
37 285 85 141 181 152 46 260 63 104
74 104 190 143 71 197 241 192 63 302
152 226 300 62 182 18 159 168 110 293
27 19 307 46 201 223 40 285 74 94
7 146 198 134 197 20 256 263 256 282
94 305 101 320 189 47 90 79 271 132
147 277 168 170 179 167 21 25 282 92
148 184 101 33 205 50 176 33 76 95
309 134 10 232 6 168 188 71 21 24
243 169 305 296 112 103 101 305 217 69
12 5 169 275 30 92 231 105 43 163
229 191 296 58 249 129 103 75 26 175
61 117 44 142 68 186 75 294 320 98
61 23 305 224 292 111 254 103 172 155
258 138 124 28 260 108 212 126 236 178
122 149 73 17 45 189 66 301 251 212
220 21 85 195 257 284 54 21 293 133
113 113 59 104 201 54 306 288 286 289
198 240 22 138 243 111 155 109 198 132
88 286 106 316 59 123 283 236 221 45
180 314 134 6 169 104 196 285 111 41
252 208 175 159 160 241 233 149 256 152
84 126 65 229 86 16 103 87 113 60
200 57 9 140 69 162 300 106 121 209
283 283 219 237 65 63 296 10 234 12
146 104 274 120 267 22 260 159 98 41
25 143 198 115 96 135 113 188 203 105
138 114 214 58 36 24 302 86 92 246
11 97 199 141 151 224 89 253 201 266
286 277 14 33 187 90 24 97 54 270
264 190 168 306 60 5 286 301 259 191
189 67 232 263 172 217 15 292 165 279
166 197 72 64 217 10 185 164 189 266
116 169 285 307 146 59 287 164 199 39
7 211 114 52 36 264 275 211 261 288
194 123 12 90 112 252 85 281 77 278
248 126 304 200 13 157 20 258 151 149
227 229 26 166 253 195 227 77 77 94
156 23 21 253 160 266 88 125 46 184
318 255 98 203 21 32 289 84 176 140
48 133 230 14 112 98 258 284 313 73
257 73 198 159 30 232 285 288 31 74
295 152 272 177 314 33 86 195 252 6
279 153 269 14 19 310 317 221 262 83
92 131 141 230 264 89 136 304 259 16
80 239 192 192 249 262 78 40 22 264
152 53 205 129 100 23 108 309 271 178
247 250 80 77 270 251 245 34 105 267
138 267 163 255 184 74 149 223 20 146
305 18 103 118 229 13 6 141 86 296
302 168 173 22 258 244 131 167 6 161
74 92 189 33 164 253 319 234 223 190
203 197 147 10 100 276 274 200 304 207
160 148 93 277 294 93 37 271 231 10
135 92 130 20 218 82 222 83 115 41
44 279 98 17 98 80 279 297 128 228
5 310 67 23 297 100 311 14 211 193
64 92 217 106 51 112 128 259 164 37
30 48 13 78 157 130 53 189 303 170
118 215 255 192 270 254 185 44 284 214
62 83 58 176 187 15 179 260 66 44
92 198 295 270 132 264 141 8 64 32
195 254 130 142 130 210 263 242 91 182
89 312 279 318 115 271 52 29 7 23
222 256 221 167 296 207 274 86 287 227
117 163 9 123 210 153 231 319 216 102
164 295 248 163 92 17 114 285 95 117
225 221 123 314 43 90 56 275 42 293
67 240 115 189 282 289 123 74 109 89
265 98 265 245 183 162 307 277 221 301
171 93 192 178 250 261 81 108 272 9
232 51 83 292 299 8 121 177 58 42
261 134 114 206 178 14 43 189 262 310
145 226 148 32 200 105 245 126 283 127
87 290 109 212 52 161 141 194 304 91
57 96 233 92 114 214 121 128 207 278
95 133 147 215 193 287 255 175 95 222
96 187 69 311 271 316 101 239 291 222
269 181 103 205 122 153 316 45 88 77
266 45 293 193 270 297 257 82 286 278
111 13 235 95 142 141 260 162 307 315
75 267 313 198 132 113 37 191 59 180
52 115 53 261 98 113 290 120 256 120
117 272 294 258 141 44 152 168 137 188
252 192 167 121 161 35 308 309 152 5
258 100 47 98 307 97 119 146 149 36
10000000 10000000 10000000 10000000 10000000 10000000 10000000 10000000 10000000 10000000
16 172 194 314 236 281 163 113 143 155
68 79 71 102 112 243 46 137 115 269
148 288 88 149 254 253 168 273 318 111
180 122 178 137 209 145 65 8 48 11
239 313 134 88 31 122 119 90 199 315
190 209 153 114 227 318 119 21 47 193
69 60 298 59 137 234 314 318 258 103
288 313 319 123 194 67 264 312 81 220
238 216 90 200 235 270 127 156 282 264
192 318 105 75 159 281 72 225 78 220
162 157 89 107 156 146 79 272 189 121
24 150 297 165 187 238 199 278 130 318
255 50 252 163 193 264 311 131 163 290
219 163 148 161 308 121 93 250 6 224
175 241 226 69 103 228 236 212 60 293
64 73 147 38 177 294 44 176 144 165
40 207 216 7 31 103 278 258 31 179
205 54 251 35 88 84 220 173 131 316
106 239 254 186 143 12 116 55 263 155
201 307 195 25 179 61 153 272 42 203
139 220 287 227 206 96 199 297 125 117
182 204 217 174 200 129 79 28 151 146
153 96 73 294 22 5 189 37 15 308
62 111 49 183 265 191 118 144 184 86
243 311 62 252 26 243 27 287 132 202
182 61 29 267 91 194 16 81 107 164
294 15 154 159 69 124 302 17 61 152
221 320 158 141 314 11 150 87 227 210
315 253 186 271 129 248 91 57 62 94
227 97 23 295 241 116 319 146 171 127
265 137 174 213 289 153 228 276 290 17
149 194 50 193 15 158 77 190 254 212
296 40 10 90 240 222 177 50 23 209
73 300 60 112 31 228 303 248 221 26
288 72 83 314 12 185 67 173 85 226
109 168 266 128 145 168 76 198 286 248
142 214 278 74 151 144 278 5 75 59
314 269 63 51 24 283 300 36 133 59
268 89 181 249 290 221 55 267 188 199
190 277 286 49 150 270 141 61 59 187
30 159 124 218 229 116 99 58 14 113
119 269 186 101 303 220 49 194 108 153
189 310 180 150 282 119 209 32 313 21
64 227 305 124 253 14 7 108 219 196
40 285 299 46 237 27 34 121 101 150
19 280 114 28 109 72 225 203 293 164
53 33 95 48 5 223 243 156 91 306
168 286 258 63 306 262 277 203 266 29
279 82 107 304 162 137 17 181 6 271
199 206 261 146 296 183 285 254 247 315
250 29 80 62 264 136 280 91 179 114
116 35 218 215 219 276 180 313 81 250
154 52 129 269 308 64 320 111 298 268
287 9 193 118 246 215 298 37 31 90
259 170 152 193 40 144 196 281 71 134
89 13 219 222 50 28 10 199 122 171
127 254 136 143 265 102 34 247 84 9
132 316 220 259 94 167 131 84 246 97
13 153 295 197 312 169 258 11 121 269
140 138 26 200 7 238 12 24 197 242
311 292 21 286 309 294 284 214 73 26
307 282 294 64 16 204 85 52 142 99
315 162 99 195 86 248 172 259 235 265
208 237 160 220 290 21 130 47 244 315
185 167 42 27 137 243 12 136 105 75
9 200 129 266 17 213 40 264 89 89
196 47 150 184 113 69 130 93 139 164
99 235 112 34 80 249 63 180 256 243
243 314 249 25 7 193 83 5 33 101
124 215 16 63 207 33 20 122 144 135
10 102 68 268 157 21 73 297 242 47
17 106 43 230 201 214 64 305 69 225
165 250 153 23 21 114 240 234 246 257
264 47 292 241 306 229 273 278 252 79
301 126 73 209 237 41 316 142 58 112
296 140 201 260 268 201 145 265 64 136
199 103 9 261 306 212 279 84 208 156
145 66 255 191 139 276 170 301 205 235
74 52 286 315 125 192 43 8 144 45
93 259 234 206 110 75 248 129 120 141
187 22 160 48 134 53 112 241 238 253
109 26 67 110 149 56 5 137 238 55
122 240 252 315 119 138 206 274 131 251
105 239 106 69 235 277 40 293 39 85
98 167 195 129 158 280 82 244 186 96
211 59 72 50 55 72 285 130 182 155
205 282 220 40 201 298 10 174 55 247
106 80 105 239 82 137 104 81 107 316
95 215 102 159 315 309 103 304 291 301
33 93 86 40 294 279 189 113 162 114
10000000 10000000 10000000 10000000 10000000 10000000 10000000 10000000 10000000 10000000
230 78 270 305 118 67 99 274 243 252
9 12 29 285 72 219 235 105 243 308
281 296 208 28 257 115 123 266 175 284
248 97 297 213 128 125 307 237 111 318
127 9 45 312 173 233 170 320 196 281
157 229 270 88 291 239 110 67 254 235
119 251 277 300 194 129 144 100 163 168
197 309 223 144 20 161 143 99 52 142
43 161 115 63 63 147 99 30 78 74
87 247 67 194 88 254 208 315 296 148
215 272 246 284 307 125 169 257 103 114
89 12 227 258 175 215 38 67 119 215
275 162 264 183 20 210 102 174 109 269
132 210 38 122 71 233 274 241 139 35
254 209 105 85 105 230 16 96 227 152
232 183 244 316 217 223 110 40 84 162
45 205 286 284 171 205 278 158 216 134
237 91 18 162 108 90 234 122 178 233
155 119 14 105 147 149 189 279 72 232
290 119 210 237 320 253 134 188 156 123
248 104 213 208 102 163 258 225 279 297
63 153 192 209 316 105 92 5 153 286
58 102 214 239 234 34 241 297 162 300
145 178 187 28 124 114 147 305 130 145
303 149 44 155 94 121 127 48 276 300
231 138 113 278 252 232 102 77 139 18
192 263 191 62 245 295 74 255 63 293
298 207 174 51 309 281 39 261 95 134
168 17 146 288 295 51 17 55 244 23
266 179 210 44 127 173 47 118 188 235
270 283 262 178 211 85 257 176 275 268
189 188 315 115 201 74 82 224 76 24
60 193 296 179 33 235 77 170 108 294
310 186 96 129 118 303 76 256 54 176
14 108 41 113 165 250 54 155 194 299
11 310 219 240 125 74 313 80 194 86
15 261 196 216 70 154 277 32 235 120
163 22 237 74 276 109 266 60 263 281
300 269 298 258 320 236 269 217 23 115
77 209 286 174 55 222 243 224 77 15
96 68 211 224 273 247 267 210 99 46
185 210 162 60 172 75 34 151 8 178
263 286 83 278 32 220 62 186 16 131
229 224 58 226 102 125 249 115 77 235
102 241 308 294 63 200 238 84 220 196
233 314 135 39 244 112 169 29 320 59
221 184 41 22 15 30 198 247 297 67
128 246 178 62 307 82 103 244 193 105
86 282 43 98 284 12 38 200 269 18
319 235 168 93 221 294 99 201 207 98
245 225 80 87 243 217 217 106 125 125
28 210 37 74 239 94 113 313 208 105
296 175 271 145 213 111 87 236 8 86
86 153 124 315 307 109 39 182 147 43
50 91 106 154 267 213 266 23 89 127
183 58 33 90 76 179 208 247 275 299
49 220 270 56 128 206 231 205 101 50
204 246 300 240 263 203 79 107 27 228
92 180 78 143 295 243 23 92 127 233
27 166 229 97 295 206 244 157 127 245
268 193 218 149 82 159 18 138 248 18
114 110 294 206 156 222 303 244 251 102
134 38 311 77 46 222 124 276 95 5
11 189 190 191 240 233 280 188 143 114
252 268 122 151 120 7 265 36 188 201
168 247 38 14 213 199 136 166 186 159
293 275 21 213 126 307 158 12 28 147
67 75 72 283 150 63 178 24 280 196
191 247 240 65 36 10 273 60 130 283
24 84 11 180 57 186 285 300 162 141
126 48 73 114 26 260 247 30 235 292
77 77 86 20 222 277 233 169 166 319
7 276 212 293 76 257 147 9 68 207
39 61 207 111 224 145 174 95 43 118
81 288 195 93 271 272 230 156 92 273
143 29 193 58 158 19 288 57 144 80
278 164 302 174 24 315 284 244 8 314
166 10 17 15 151 275 222 229 181 126
299 295 166 304 53 223 252 97 178 8
54 175 268 63 6 266 195 287 255 134
283 215 262 145 274 274 32 51 261 94
313 164 227 297 193 235 9 235 194 185
226 56 118 121 200 251 125 86 95 5
93 144 252 252 178 32 280 181 320 105
52 22 171 181 289 101 211 204 138 99
8 216 134 121 258 200 186 268 108 7
209 90 276 25 128 52 205 310 113 297
190 269 232 82 172 259 97 24 45 226
63 191 237 208 15 201 240 178 297 205
61 35 170 308 92 101 310 29 49 193
10000000 10000000 10000000 10000000 10000000 10000000 10000000 10000000 10000000 10000000
127 33 109 155 198 305 242 138 22 37
141 28 156 204 252 167 36 177 10 44
162 119 135 37 177 117 41 255 28 260
89 156 238 141 274 246 282 179 237 242
69 167 285 188 235 125 36 272 291 100
105 185 6 248 241 169 216 34 83 113
57 219 111 112 265 127 274 211 301 37
104 64 93 187 136 138 36 235 220 149
309 143 107 240 196 12 165 301 96 88
65 295 15 22 225 47 135 174 47 80
31 105 305 34 220 163 7 251 314 123
224 128 90 14 16 72 134 209 278 265
18 266 86 104 68 314 7 234 285 216
176 69 141 127 259 240 302 269 197 243
46 35 314 39 105 45 309 69 138 111
231 223 122 169 297 154 219 155 164 90
232 52 171 7 115 71 301 158 292 165
109 262 131 107 150 138 212 70 252 184
93 194 104 191 168 308 179 174 184 253
203 134 144 28 40 175 60 206 111 159
213 174 210 227 301 16 26 122 45 269
44 43 15 177 9 149 107 313 240 100
318 319 98 183 107 206 146 235 288 65
308 316 10 216 97 53 63 58 82 113
245 178 19 241 174 134 278 37 229 209
75 319 14 5 69 132 213 13 194 90
192 182 112 224 209 265 168 39 76 61
310 309 173 55 302 160 209 247 201 266
239 256 42 22 151 118 227 295 49 195
88 157 193 140 78 9 308 115 222 221
51 82 79 173 50 181 285 123 104 305
274 110 284 185 121 102 316 139 150 233
52 107 51 313 6 60 211 131 149 255
27 24 302 223 62 257 214 218 90 70
132 266 14 159 200 67 166 24 38 245
191 29 223 317 203 100 240 148 220 266
208 257 133 21 72 66 220 17 297 230
282 79 28 7 248 21 154 58 187 46
12 116 256 87 231 205 233 236 179 190
226 135 13 255 145 224 195 162 262 146
298 164 193 12 293 272 17 261 129 285
113 56 243 274 216 261 162 34 102 33
297 66 259 74 162 86 299 79 40 57
14 309 282 267 101 75 176 152 57 221
281 209 95 279 277 36 140 295 140 123
281 67 313 269 171 205 69 8 141 55
75 252 255 285 49 187 162 117 144 301
171 87 24 208 136 178 300 9 253 59
184 79 266 298 23 83 62 267 210 53
37 101 66 47 177 183 76 48 294 82
123 272 11 120 278 142 217 77 244 63
74 277 130 237 260 289 7 188 35 229
151 26 24 273 260 214 97 46 72 200
73 73 209 112 161 79 239 105 84 258
143 215 280 208 82 188 203 7 75 191
53 292 19 182 170 21 125 84 60 97
114 8 320 205 75 71 248 259 180 79
185 155 225 308 48 99 200 85 96 252
225 64 44 24 106 314 308 134 127 102
8 167 52 56 76 140 258 187 251 304
117 235 309 184 239 283 37 313 132 180
5 129 261 294 41 266 11 60 306 191
128 242 238 133 316 314 83 50 64 64
91 38 233 247 311 107 222 318 65 244
262 200 285 306 306 48 266 29 312 197
35 27 312 196 158 62 136 160 66 184
197 59 28 226 20 227 30 221 217 318
185 85 162 281 98 205 314 72 142 212
302 292 91 10 191 254 22 194 102 219
182 268 26 231 74 200 94 239 169 313
245 140 43 309 272 311 145 290 37 33
226 220 93 9 5 7 283 215 316 158
119 210 9 11 14 214 80 86 293 260
96 96 230 63 249 79 227 253 248 149
144 37 161 142 185 122 236 86 48 190
15 78 41 74 192 43 318 197 300 283
123 203 271 74 202 277 89 202 302 232
311 44 203 225 247 205 200 16 171 5
104 38 238 249 266 316 319 154 237 23
32 268 106 253 292 260 308 93 309 298
168 134 146 295 143 254 192 62 101 156
216 271 240 213 222 291 279 100 50 209
236 92 9 309 5 231 18 210 155 210
228 269 5 204 43 99 279 39 61 201
37 91 13 226 143 179 296 218 213 89
157 62 317 220 294 115 21 111 69 210
80 161 208 78 199 271 128 131 318 125
43 237 262 274 263 89 8 182 121 138
70 315 188 34 290 49 23 31 248 225
168 107 114 155 38 171 58 49 90 82
10000000 10000000 10000000 10000000 10000000 10000000 10000000 10000000 10000000 10000000
174 278 53 23 218 191 184 281 114 32
253 5 204 265 268 44 279 248 32 209
163 182 259 45 314 199 176 182 250 155
17 28 115 143 284 244 303 275 104 287
60 147 19 157 70 199 106 248 27 160
257 37 41 245 17 217 129 304 288 214
108 27 55 182 6 142 240 225 297 171
264 12 68 276 171 13 132 305 159 208
178 307 198 97 269 201 187 25 143 14
210 136 29 164 233 222 67 249 151 278
75 121 291 270 83 245 254 279 131 266
57 265 180 172 117 263 165 137 111 165
218 55 284 204 117 88 104 145 297 300
309 75 148 249 76 169 233 189 21 226
214 317 79 215 7 207 303 195 89 131
162 90 134 184 235 21 145 245 26 148
39 78 114 320 124 39 84 134 57 76
139 5 129 239 73 114 218 114 56 297
135 187 250 275 310 307 69 106 136 284
110 281 103 169 284 237 267 56 295 254
248 71 316 161 23 222 127 319 59 80
77 75 39 183 270 244 227 111 189 16
131 99 233 90 85 115 182 99 254 202
194 100 83 169 88 111 74 10 147 85
94 297 272 116 12 127 35 250 48 190
285 292 257 286 280 250 25 172 310 204
61 269 110 186 281 257 177 80 13 99
267 84 23 195 35 39 81 293 112 219
283 143 183 315 233 229 63 6 244 309
239 280 108 293 18 162 54 248 189 277
245 29 134 189 295 141 252 38 212 14
57 147 39 235 119 241 48 23 190 27
217 306 318 153 209 264 144 212 186 305
144 174 24 238 115 18 205 250 169 244
34 145 11 31 172 201 20 14 306 244
311 279 115 35 81 156 212 34 181 153
234 296 293 278 195 287 291 212 300 105
294 254 272 254 298 30 141 41 111 237
31 234 79 236 209 167 61 16 204 320
273 198 131 304 148 228 207 261 110 248
224 285 226 137 25 155 286 55 103 122
288 77 34 71 40 93 164 149 284 153
91 313 190 305 126 20 209 313 274 130
9 234 268 66 112 288 146 237 288 83
294 288 154 98 51 20 214 58 82 112
197 144 214 120 43 257 98 145 272 11
107 88 218 125 98 183 265 300 87 81
23 124 111 220 200 172 23 166 217 47
64 83 211 264 307 46 287 201 70 158
224 308 278 142 37 311 65 196 108 164
173 54 84 41 204 162 103 296 109 281
45 266 318 10 10 110 195 116 268 210
40 164 62 292 255 81 8 139 244 297
173 73 137 28 190 298 173 89 14 27
85 267 13 221 15 70 29 126 307 132
228 81 175 119 60 252 87 149 182 9
157 70 140 169 185 74 144 259 247 258
79 29 62 218 58 237 306 84 28 260
273 158 51 109 144 5 175 171 20 199
297 275 187 101 181 95 298 119 296 95
261 314 20 106 169 201 192 201 19 18
152 139 258 220 222 273 44 100 258 122
108 196 17 64 245 25 117 142 32 91
199 257 201 158 42 146 178 315 49 229
48 252 249 132 28 109 215 168 244 66
295 65 85 130 62 213 226 107 120 110
201 125 213 162 139 44 238 132 84 108
304 23 206 39 53 126 9 177 67 11
81 135 116 160 246 134 182 52 269 269
189 173 20 245 288 47 119 320 273 232
180 186 154 173 35 10 150 221 78 63
103 268 282 297 73 293 75 214 57 56
204 74 81 175 224 15 57 316 124 158
21 293 184 278 238 289 155 298 203 128
253 230 307 234 23 143 202 134 199 133
114 248 66 208 212 279 125 74 226 182
298 74 35 201 119 255 202 12 26 45
98 308 21 231 179 76 101 15 150 32
176 186 160 235 88 14 98 160 75 100
225 184 110 161 14 249 40 70 277 129
25 36 188 213 150 252 269 256 310 61
211 273 148 95 216 301 35 212 117 86
39 309 78 241 227 278 76 297 219 62
100 132 123 83 263 47 86 207 76 96
173 73 163 290 98 317 127 42 94 242
132 102 92 198 126 142 104 58 254 44
17 88 224 75 132 275 119 229 108 286
98 92 8 128 278 155 320 209 143 116
272 294 145 248 151 261 109 246 247 228
172 37 149 258 81 128 73 195 264 301
10000000 10000000 10000000 10000000 10000000 10000000 10000000 10000000 10000000 10000000
221 63 47 98 212 237 34 66 205 57
300 8 28 94 238 66 192 8 20 312
102 250 304 146 208 44 198 221 255 178
11 190 313 134 103 320 306 301 17 86
22 246 9 70 260 288 241 18 228 200
46 318 229 247 199 140 215 293 177 228
47 320 314 233 240 130 268 282 37 95
205 136 245 123 13 195 68 209 261 147
39 122 154 119 296 21 298 210 275 151
247 184 179 101 163 185 72 83 287 224
90 81 94 246 90 128 217 74 261 247
297 198 32 209 225 152 259 116 257 88
239 89 233 218 67 36 156 260 23 185
89 115 231 189 217 232 234 68 280 98
8 117 286 118 146 31 284 191 311 122
311 196 239 212 104 258 75 128 283 256
5 81 148 48 9 210 137 291 204 309
217 139 106 230 292 15 207 267 62 123
144 18 288 288 136 110 46 127 54 36
118 74 173 148 148 252 92 304 82 34
303 302 73 29 66 177 127 254 89 131
265 261 53 55 264 184 159 72 159 120
292 140 226 223 11 62 138 295 100 17
129 155 63 155 132 192 88 99 226 58
114 68 106 134 148 37 69 194 173 21
311 224 105 309 12 56 183 82 60 138
235 96 11 260 149 165 184 248 298 186
211 162 97 84 167 122 5 213 85 38
210 233 307 155 39 165 137 92 101 80
287 162 63 66 176 124 285 223 61 105
90 136 154 217 85 41 297 6 300 166
169 186 28 13 159 102 194 183 231 141
295 94 274 84 6 313 73 268 100 27
289 141 207 204 228 151 139 181 285 78
318 165 6 150 87 270 151 89 67 153
68 38 193 114 86 161 99 81 104 256
84 176 53 134 47 191 110 251 222 73
122 316 289 273 136 213 319 244 115 142
113 298 266 201 68 278 139 155 207 282
100 162 36 139 148 277 78 188 67 161
34 193 130 320 311 265 262 299 124 298
241 147 43 15 89 294 121 147 203 169
210 75 279 105 161 190 174 251 113 169
115 176 262 151 254 14 65 16 223 291
238 42 33 271 183 207 189 71 113 30
173 85 168 14 194 232 320 87 142 293
235 248 200 25 225 176 244 318 272 208
276 168 310 279 59 154 304 171 175 196
178 58 80 72 117 205 235 135 176 24
254 318 117 40 29 310 225 251 110 212
36 198 24 171 83 195 70 95 148 72
302 62 319 67 105 202 24 248 44 303
320 305 74 137 164 306 166 318 107 55
297 82 176 198 43 253 320 225 319 45
243 198 216 175 230 90 211 265 87 245
314 152 257 148 168 187 98 142 136 315
115 290 131 66 257 265 177 120 29 139
45 197 91 127 199 272 166 308 138 208
92 293 31 183 162 33 38 202 305 200
185 159 24 232 287 42 316 294 208 248
53 306 219 267 30 240 14 30 99 289
70 29 63 183 293 271 23 167 106 231
69 137 139 51 5 281 154 229 145 257
278 155 23 166 189 67 234 156 159 66
36 169 283 75 88 29 250 77 73 94
239 298 21 141 161 221 64 189 167 318
53 212 118 63 17 96 208 160 302 263
72 185 78 93 172 299 243 246 115 186
213 217 226 254 165 290 266 308 65 185
209 41 251 98 224 30 313 57 43 206
65 205 214 286 284 99 5 115 320 65
151 52 279 195 193 262 243 232 187 212
126 75 285 220 85 103 179 296 93 5
84 114 42 98 263 99 110 225 140 246
232 242 172 47 71 259 159 236 5 274
118 52 205 313 162 153 261 41 157 61
89 233 67 284 65 104 238 17 19 5
210 49 39 94 233 313 305 181 15 148
254 43 295 253 89 156 233 185 202 205
284 90 222 233 189 115 299 176 285 121
236 58 109 264 197 121 298 241 51 314
312 313 118 194 178 28 26 59 201 18
190 104 60 51 127 160 33 8 276 125
260 112 282 94 157 108 110 214 121 237
307 120 15 45 46 263 296 256 256 279
179 166 304 296 196 241 98 155 43 210
11 18 270 214 250 48 22 44 26 180
60 159 245 248 34 10 240 300 32 118
165 294 96 100 313 277 188 163 85 52
112 202 156 268 8 158 181 260 287 70
10000000 10000000 10000000 10000000 10000000 10000000 10000000 10000000 10000000 10000000
101 208 288 144 87 284 270 203 99 39
264 203 253 304 164 109 131 52 141 249
106 137 159 63 241 94 30 182 161 32
40 242 211 209 196 70 106 128 295 54
95 147 253 90 211 173 251 99 270 275
320 278 171 48 9 135 139 207 300 230
249 288 74 134 41 6 257 207 260 285
283 170 120 256 167 198 293 101 76 91
221 205 102 178 22 216 101 151 191 17
308 290 10 75 7 85 43 41 210 246
236 78 13 83 120 167 77 256 51 193
30 285 111 155 198 16 235 69 145 215
136 44 277 217 5 167 278 299 117 99
303 51 83 74 273 108 202 167 184 44
253 304 99 130 7 29 320 249 137 229
164 204 28 151 19 31 171 199 148 320
142 32 257 315 230 27 259 19 216 171
290 250 75 310 22 156 236 23 133 124
204 228 138 302 239 136 145 98 113 148
130 128 212 181 244 231 72 291 22 172
274 242 109 268 246 170 33 240 153 7
215 279 229 247 300 287 107 208 292 117
210 88 154 163 223 39 245 100 205 182
124 83 34 94 76 5 74 286 279 91
117 33 118 282 254 6 301 214 180 206
279 276 219 67 67 115 96 26 291 120
77 107 163 198 209 253 254 97 170 283
70 90 233 163 146 307 238 151 91 88
195 22 154 18 7 27 264 11 309 220
98 63 207 239 47 246 223 226 101 278
217 101 161 17 191 215 294 72 121 83
119 101 188 80 236 88 257 160 152 224
45 132 207 136 183 161 163 132 281 88
195 278 8 254 199 186 197 64 124 54
153 9 55 68 108 128 94 21 252 199
198 228 166 230 299 218 155 50 147 320
165 160 74 65 103 291 217 320 99 121
210 145 165 200 121 86 236 98 228 60
241 247 137 72 146 161 121 211 28 60
263 45 135 46 242 148 150 107 154 165
165 301 67 69 196 281 292 225 319 251
81 147 209 132 214 251 61 73 217 81
136 180 198 50 306 192 196 286 98 233
97 29 165 309 229 319 47 186 277 223
281 28 137 314 163 129 254 295 6 258
192 266 68 198 187 292 258 80 124 74
265 31 207 173 15 9 149 102 186 111
160 279 248 234 281 49 247 271 304 83
299 80 243 61 301 56 137 152 259 133
168 59 226 149 67 285 29 76 281 301
106 290 247 15 238 209 294 198 249 32
148 263 229 272 254 126 107 313 87 86
293 80 153 118 179 54 266 83 175 125
172 62 17 33 135 56 37 159 65 124
72 100 70 301 9 304 49 69 31 201
40 308 289 251 33 187 28 163 286 135
150 197 313 167 219 73 54 8 125 229
13 177 83 241 196 251 186 172 161 136
15 118 148 118 257 25 121 104 173 29
40 133 215 96 29 266 279 54 261 278
116 157 252 274 105 58 266 269 320 282
72 163 21 200 123 310 273 72 291 48
112 291 33 78 138 72 212 128 135 292
87 164 197 283 209 110 101 102 306 88
297 230 228 247 74 69 156 295 123 170
300 247 298 20 184 141 27 126 221 227
91 51 93 111 21 43 21 67 157 100
154 300 153 165 267 302 29 30 131 274
285 268 207 242 267 153 34 219 289 197
56 184 40 73 213 126 254 15 159 140
85 156 294 36 75 227 187 123 282 108
78 105 184 49 34 99 146 191 60 261
200 16 202 98 139 78 11 148 127 136
140 37 158 247 14 139 67 7 271 227
111 195 294 159 90 137 208 59 249 169
130 44 200 184 125 304 93 265 115 249
303 235 211 247 208 316 116 67 7 55
146 113 203 159 36 185 253 63 250 115
185 165 270 319 147 313 320 182 211 139
217 8 14 54 270 309 144 150 212 314
30 20 285 289 63 138 20 16 200 127
132 127 301 92 73 212 298 215 112 119
9 200 9 284 135 119 46 220 111 148
35 86 207 127 205 139 95 284 73 200
184 63 127 210 37 305 41 301 277 163
68 303 92 183 62 14 87 210 88 225
80 82 119 291 73 162 116 294 274 115
243 253 199 63 9 35 8 164 253 233
239 185 131 276 138 127 61 179 193 12
303 34 92 295 295 282 28 22 216 145
10000000 10000000 10000000 10000000 10000000 10000000 10000000 10000000 10000000 10000000
221 223 182 148 95 308 96 218 30 109
250 228 231 193 310 200 81 225 78 164
67 137 280 315 230 271 190 29 49 255
127 318 210 249 275 286 84 155 313 110
56 194 215 48 64 320 260 127 60 106
289 240 318 285 55 282 135 176 120 50
165 272 16 160 191 89 219 303 226 86
199 203 87 88 291 230 41 169 238 52
247 50 96 15 285 15 20 79 121 88
218 83 47 137 163 42 302 213 226 240
181 231 115 100 154 90 124 55 6 293
161 235 293 127 259 223 170 119 71 168
271 283 126 212 83 32 303 177 301 212
13 73 283 46 299 51 29 14 29 216
113 183 120 233 124 294 113 248 50 25
113 297 64 20 190 243 122 276 207 238
131 199 217 36 181 289 266 159 101 82
126 140 5 105 305 146 88 232 271 309
304 126 294 58 186 7 93 189 164 77
174 106 90 294 181 114 299 189 261 181
93 201 87 166 8 24 279 282 153 107
71 43 63 87 293 271 123 100 199 9
106 5 74 165 23 12 225 170 87 53
220 213 29 8 23 234 105 152 260 30
141 260 306 55 103 119 25 60 147 128
293 44 253 162 293 33 263 314 104 117
189 250 115 264 77 158 115 32 149 245
257 150 32 115 79 316 235 290 151 48
256 31 227 142 169 243 57 258 211 73
300 260 5 108 24 77 53 272 275 199
54 236 97 166 314 278 89 139 139 119
231 132 208 23 225 119 180 277 133 248
193 114 188 269 311 308 166 123 320 268
72 90 112 96 188 182 222 134 230 286
76 200 200 35 143 250 317 77 52 87
164 124 36 70 262 290 238 277 100 228
173 83 119 7 52 233 151 163 222 247
262 207 136 276 231 212 83 103 192 278
233 121 277 117 201 145 138 229 150 27
66 250 281 309 139 295 210 87 232 278
26 151 199 257 252 8 68 23 99 182
76 214 141 174 9 75 290 38 179 207
305 277 104 305 123 232 181 24 193 10
306 70 71 78 57 22 76 176 156 7
240 129 106 56 263 132 269 205 235 59
226 176 160 52 88 59 260 196 71 5
6 222 90 274 113 134 271 188 209 72
151 35 222 199 162 220 311 135 225 9
247 95 242 275 133 216 93 117 9 262
220 80 154 53 39 214 94 154 236 266
82 307 308 175 140 131 118 196 230 281
238 237 103 222 260 275 306 137 274 169
295 251 193 145 88 284 256 290 95 289
59 270 167 101 308 83 296 196 207 28
284 143 320 142 116 285 68 48 175 204
317 175 93 98 20 160 70 256 152 262
276 53 152 313 255 178 274 13 154 308
27 260 306 157 235 243 120 46 300 89
98 106 268 205 193 263 96 76 172 206
259 290 117 20 200 265 270 22 236 136
134 95 160 149 263 203 186 259 131 131
50 236 287 127 197 145 268 65 213 160
155 175 247 235 27 114 20 177 201 210
6 251 79 234 175 101 157 53 171 231
106 313 285 41 162 264 58 49 24 280
147 156 87 262 33 264 83 82 144 145
150 272 107 238 98 181 44 122 182 167
78 130 305 242 41 138 83 284 72 102
164 67 148 114 195 234 135 247 55 190
235 295 152 103 312 98 18 305 234 210
188 208 285 289 185 314 246 73 161 94
282 214 252 122 290 307 54 243 245 177
156 269 231 47 85 192 246 71 41 213
296 114 251 210 316 185 17 248 65 269
118 135 256 111 198 7 310 235 260 283
25 140 108 290 151 34 86 247 33 14
69 77 31 228 284 105 200 140 300 14
171 85 14 95 111 280 118 59 150 36
96 139 303 180 310 258 129 23 314 234
253 247 272 240 36 309 55 222 294 67
206 218 192 86 79 294 282 188 23 286
103 309 148 94 223 236 98 203 93 103
34 90 75 300 56 258 260 198 284 6
311 54 102 44 187 85 289 89 267 240
102 34 196 95 224 248 252 64 85 184
213 268 16 112 148 200 302 309 115 154
117 291 152 72 109 112 91 276 260 200
299 223 222 294 180 155 142 45 287 15
95 271 228 70 126 219 160 158 102 293
195 178 207 268 136 255 92 10 101 207
10000000 10000000 10000000 10000000 10000000 10000000 10000000 10000000 10000000 10000000
253 176 106 300 55 72 131 285 189 174
260 301 154 70 171 221 206 186 54 195
105 165 94 49 247 11 61 57 237 259
233 311 297 215 178 120 255 132 20 91
264 285 296 96 73 148 269 188 36 35
164 274 211 132 18 219 58 45 123 251
274 288 319 84 36 187 303 5 131 211
130 136 151 296 153 310 290 293 191 84
32 168 44 138 297 15 22 283 49 34
169 126 189 238 162 191 302 102 279 151
212 313 299 117 248 32 271 32 167 307
92 176 242 52 214 310 149 238 226 100
40 121 14 251 96 230 123 28 233 27
13 160 235 125 279 138 106 173 222 28
273 116 123 317 23 221 188 10 83 141
85 167 48 312 227 30 193 238 177 23
221 122 76 116 217 107 253 86 245 122
44 86 228 178 301 142 155 69 148 309
151 313 166 245 131 313 235 115 115 34
209 267 18 71 230 140 197 217 141 91
134 63 43 41 176 295 32 10 293 283
142 15 153 36 13 157 69 223 298 60
275 13 249 178 140 290 267 231 32 118
163 267 17 47 49 293 37 114 7 126
242 37 164 299 112 188 269 155 209 63
151 269 218 213 118 319 292 134 80 22
189 217 243 156 54 236 103 150 217 172
35 106 177 73 222 301 313 260 100 314
240 211 7 167 194 56 115 263 15 295
223 79 33 120 28 178 35 65 182 285
52 117 95 78 318 184 42 265 201 220
251 254 156 267 126 278 64 317 25 115
308 140 173 89 29 176 133 61 17 298
241 78 170 288 203 292 76 115 73 245
65 102 315 266 96 99 156 260 39 212
231 262 150 13 173 274 98 249 19 254
207 255 222 319 161 182 94 14 130 43
178 37 153 168 312 81 13 292 276 302
197 290 113 195 152 68 180 246 263 245
15 34 186 252 295 108 124 110 7 44
170 249 161 233 231 84 187 206 140 228
294 51 286 12 233 39 280 75 18 237
318 61 146 250 230 227 253 26 199 141
168 170 188 160 276 34 309 68 179 163
99 195 121 171 9 225 74 274 33 28
237 32 212 301 117 150 93 108 225 180
272 213 71 59 144 141 117 185 192 143
273 112 283 111 217 142 70 38 69 134
45 21 199 167 265 246 196 150 71 69
27 5 37 172 130 319 241 149 17 268
310 285 149 193 34 217 151 28 50 69
159 318 296 64 236 117 216 46 170 305
7 296 150 35 269 212 181 140 38 159
235 153 151 70 168 17 91 61 162 68
107 54 97 80 200 241 131 10 305 289
258 245 19 73 171 226 20 240 43 34
151 173 14 137 74 116 124 108 164 187
53 316 7 262 228 213 22 276 292 89
292 39 146 247 159 5 18 151 290 103
104 126 224 313 143 210 146 53 50 11
159 60 123 92 156 174 52 237 180 155
214 139 183 278 103 145 292 74 22 67
22 164 22 135 163 208 31 276 49 115
72 107 202 252 152 232 137 16 95 188
149 200 285 34 30 183 71 128 62 108
287 92 38 120 107 228 237 205 168 292
221 282 143 12 183 53 89 230 124 164
320 282 226 257 127 278 22 166 132 37
163 67 167 231 43 287 147 97 251 191
310 150 142 56 212 143 148 108 154 121
295 134 49 147 298 95 259 214 11 183
143 200 153 268 49 221 117 178 76 199
121 181 190 243 73 49 111 56 297 50
288 108 34 167 133 42 59 134 65 291
197 308 289 232 5 277 90 92 248 227
301 290 163 61 36 67 10 309 12 35
233 185 14 102 183 141 32 214 320 83
270 170 309 17 100 213 147 244 80 153
56 153 8 301 114 283 76 79 41 141
89 213 16 48 316 303 231 141 129 163
70 105 48 102 44 9 137 56 253 259
243 156 20 267 73 62 185 99 248 130
270 238 271 299 157 8 154 88 9 165
230 79 104 122 275 75 52 153 32 297
312 310 136 274 269 228 51 288 86 196
198 180 198 261 14 211 155 99 124 135
271 183 83 113 148 80 105 158 25 105
177 95 254 308 120 134 243 185 71 123
18 172 12 81 257 214 314 178 192 302
301 75 228 278 176 52 8 297 307 112
10000000 10000000 10000000 10000000 10000000 10000000 10000000 10000000 10000000 10000000
94 209 306 151 282 131 213 258 112 307
285 315 300 112 174 247 185 49 74 281
263 24 314 94 276 200 230 74 22 250
310 52 27 218 167 122 84 25 211 83
49 248 64 76 29 241 100 100 85 204
217 320 188 261 27 53 140 282 226 88
155 7 288 298 182 288 270 62 309 39
315 196 160 223 99 252 31 215 117 186
196 56 21 154 243 201 87 103 274 281
114 296 274 174 149 227 210 142 205 83
215 303 245 120 135 215 244 8 176 91
32 186 34 90 147 30 204 84 219 137
42 306 279 124 203 70 136 173 137 139
318 39 65 201 139 75 179 110 99 67
140 229 82 114 315 99 40 287 210 286
141 271 309 232 176 43 245 258 261 32
106 156 15 163 132 190 136 118 72 304
26 22 172 38 261 22 92 212 168 146
146 61 117 112 11 91 123 113 237 169
57 257 302 197 164 30 233 67 22 285
142 156 153 36 240 64 35 58 320 268
118 317 76 191 161 57 72 175 205 56
285 40 140 224 166 56 97 258 86 247
164 162 320 50 204 124 273 180 253 46
7 120 243 8 63 245 187 297 160 256
142 147 230 253 150 53 315 282 289 144
234 201 222 216 248 267 107 223 68 119
171 145 296 179 266 203 202 255 256 192
5 92 210 130 94 170 67 285 308 51
299 71 58 207 222 271 154 47 236 266
119 89 74 57 127 154 261 22 107 229
191 84 122 260 89 29 276 44 19 249
95 141 180 48 179 18 131 50 166 276
69 14 78 118 230 60 145 85 276 277
120 269 92 197 85 41 232 273 292 267
291 40 291 169 55 114 237 220 102 189
238 116 67 224 296 142 150 271 61 238
30 36 291 52 89 301 100 177 121 314
88 35 22 18 82 194 170 215 186 182
205 6 22 307 59 87 99 304 97 77
223 124 152 7 240 16 178 80 15 64
194 24 116 40 204 198 301 194 251 42
195 232 135 95 161 209 107 121 54 38
235 140 114 306 241 40 309 128 209 164
6 252 290 250 250 181 175 149 172 54
286 137 290 281 238 232 32 293 63 134
123 203 159 177 285 150 283 238 313 57
303 96 62 50 284 50 186 116 11 25
197 227 263 61 99 187 224 65 184 181
192 209 228 292 82 13 109 130 228 69
166 195 37 267 55 178 227 158 16 83
113 33 55 132 160 161 207 242 151 59
17 194 239 273 296 287 87 308 18 58
133 59 251 295 10 69 132 243 147 9
107 302 203 197 79 288 204 224 209 102
233 129 250 230 266 111 204 109 16 36
232 212 169 237 178 195 216 59 263 159
93 239 241 188 41 237 312 13 161 204
186 243 258 206 27 162 206 80 96 164
119 125 108 256 47 261 116 318 163 38
71 280 154 258 229 46 245 239 124 146
175 29 202 127 74 93 175 14 99 38
218 14 171 193 282 255 51 61 296 117
170 274 269 79 29 229 228 182 104 208
292 158 74 110 66 248 177 149 246 253
263 158 199 38 146 162 72 295 106 111
86 5 113 280 204 149 297 67 300 283
78 177 204 11 104 154 64 155 133 52
295 28 242 196 154 84 24 195 143 179
279 109 225 39 153 239 224 265 86 230
137 196 320 217 134 315 85 145 149 242
231 317 166 227 308 268 73 62 252 281
93 248 197 108 58 140 13 71 247 271
137 40 224 46 96 276 258 311 258 131
45 226 161 267 146 9 155 216 293 94
191 219 211 12 312 317 82 71 300 104
315 189 86 299 313 16 86 229 157 288
197 158 267 229 69 268 9 304 276 194
143 108 142 185 148 211 267 104 271 320
295 10 149 318 216 250 175 37 61 282
266 56 262 100 174 264 214 141 250 62
158 197 102 32 79 79 212 117 122 95
226 25 43 63 123 176 217 192 215 188
255 103 146 174 207 140 147 21 161 140
31 141 245 315 37 304 135 47 20 316
48 216 215 188 318 319 23 309 126 263
249 54 196 232 241 301 259 121 26 154
9 259 47 24 146 80 156 299 74 311
251 273 260 37 38 201 52 282 197 25
200 242 54 66 232 229 30 295 86 11
10000000 10000000 10000000 10000000 10000000 10000000 10000000 10000000 10000000 10000000
244 280 49 61 48 61 238 128 189 174
215 66 60 16 7 277 252 277 92 148
106 63 274 291 280 252 188 233 73 200
188 124 247 222 194 52 211 84 166 308
184 99 246 110 77 311 312 76 27 53
216 273 182 12 307 255 290 297 99 129
258 104 260 214 234 317 230 134 224 286
290 146 287 286 274 147 287 158 74 258
121 110 179 98 46 108 304 102 127 181
12 20 231 115 216 114 173 299 131 106
81 172 139 153 30 9 228 138 39 317
292 29 310 239 179 35 191 48 101 149
303 153 114 15 149 306 145 235 147 136
197 175 99 222 58 131 130 252 256 76
194 87 249 312 203 59 41 136 24 317
163 191 164 34 240 301 313 114 61 113
185 29 44 268 260 38 10 211 156 123
63 27 35 57 253 185 174 102 167 263
242 97 104 144 300 124 127 37 133 64
160 5 39 162 137 112 64 135 65 157
273 207 129 27 228 119 38 96 225 103
48 116 181 220 237 179 316 140 174 192
309 22 241 147 201 78 208 182 180 130
110 303 182 310 10 176 12 124 86 113
70 246 230 53 310 130 114 215 214 188
295 61 188 177 130 308 57 102 195 265
93 38 140 32 160 310 152 166 261 260
312 207 231 319 304 254 144 318 210 37
192 100 67 292 286 236 285 163 276 222
212 89 278 207 10 288 283 240 57 231
69 128 125 18 194 67 224 19 274 121
316 176 231 294 215 70 308 193 8 304
10 149 211 290 230 297 305 210 233 249
43 83 214 51 149 262 226 24 45 114
212 129 33 182 314 168 238 152 20 137
52 207 175 268 37 149 200 105 291 155
8 74 253 41 315 103 32 95 277 264
124 225 155 122 172 230 18 247 310 278
94 243 108 150 225 13 228 65 100 29
48 33 57 140 61 184 125 271 265 154
315 111 132 161 179 103 287 143 80 203
261 7 235 88 65 56 264 251 260 138
319 257 233 85 15 20 67 126 25 263
15 235 262 101 97 261 196 14 234 152
42 148 14 119 245 190 26 67 35 298
214 104 175 248 222 131 292 48 105 24
256 274 219 66 91 63 310 16 28 248
69 65 135 126 87 279 296 104 37 36
191 296 69 198 120 208 6 123 34 90
225 164 142 289 69 33 28 128 249 9
71 142 147 218 129 188 256 215 15 284
265 5 193 95 205 89 45 117 186 266
184 87 188 190 135 150 310 219 197 183
183 113 203 153 156 140 170 258 52 198
251 316 313 276 24 271 45 144 297 204
91 40 132 263 26 36 37 21 177 254
125 175 57 306 244 19 62 94 184 320
260 74 277 63 157 41 155 320 33 186
123 293 49 80 12 128 181 29 250 92
298 79 201 315 285 314 238 27 91 220
269 112 117 223 263 256 13 134 172 202
123 222 238 228 43 185 102 132 315 217
290 91 119 227 165 81 312 285 254 286
203 139 158 91 212 57 36 66 217 250
10 320 306 50 244 6 188 294 315 50
266 46 111 261 138 63 291 93 130 20
144 232 202 21 260 256 133 113 191 58
126 311 67 78 202 225 30 239 153 77
18 19 184 251 233 192 265 16 230 153
104 18 245 246 34 44 142 205 317 161
37 27 266 64 49 43 224 298 58 307
302 167 245 213 197 305 103 155 308 313
91 162 250 299 132 24 135 96 56 201
243 291 319 157 119 40 254 316 290 111
308 310 185 216 317 82 262 101 206 192
301 201 316 87 213 14 173 69 102 255
12 254 152 56 254 234 112 17 81 231
179 141 139 206 141 103 99 26 251 119
244 238 300 260 248 225 35 157 250 264
83 178 33 299 265 171 174 214 63 48
136 284 248 289 287 38 261 108 95 222
286 314 103 250 10 231 160 235 156 194
81 239 28 295 152 257 124 52 187 24
133 125 272 222 294 249 273 241 64 287
119 149 134 102 123 185 159 286 13 214
146 14 150 131 129 23 164 191 194 207
179 87 276 181 121 218 184 184 173 30
259 30 203 183 277 319 249 120 236 288
317 229 100 134 139 316 37 94 249 256
169 242 283 210 73 215 295 147 82 56
10000000 10000000 10000000 10000000 10000000 10000000 10000000 10000000 10000000 10000000
26 310 221 310 281 81 283 172 285 151
67 119 157 9 320 97 68 203 94 311
83 177 99 131 252 218 97 124 319 67
8 285 52 16 224 60 159 310 87 291
193 237 224 31 71 260 60 238 154 174
267 57 163 35 281 87 302 123 275 275
13 9 114 147 38 267 89 208 233 271
105 266 153 56 37 252 126 186 288 142
70 75 198 186 8 36 76 295 28 14
42 148 215 259 274 235 128 294 158 72
177 222 74 99 58 275 24 76 296 272
25 48 74 134 301 319 167 103 271 13
205 117 245 32 95 319 225 285 166 112
108 305 168 121 176 314 260 103 204 138
262 95 269 270 73 114 204 105 35 270
175 136 101 233 31 5 314 193 40 51
272 95 229 46 204 61 56 241 7 182
267 309 200 302 255 46 31 244 278 272
144 224 133 77 201 148 70 193 205 147
307 238 10 239 151 20 108 275 124 312
24 201 255 204 217 98 74 207 278 315
243 268 225 192 295 18 238 102 221 32
128 305 258 43 35 114 20 87 194 196
212 227 182 150 21 40 138 48 147 159
268 58 112 95 197 90 8 308 35 235
315 94 131 18 157 235 42 161 10 222
26 214 224 98 200 13 59 141 146 109
140 23 144 232 219 274 65 47 255 74
123 227 236 198 290 105 220 279 219 64
43 187 154 285 110 309 213 152 179 116
179 272 310 255 173 219 108 116 45 112
13 83 291 8 44 173 73 169 311 69
210 180 30 83 272 203 182 142 211 187
184 222 123 42 12 208 68 316 232 200
49 25 186 132 274 257 109 44 38 125
115 260 186 74 41 118 31 85 151 37
32 280 229 26 312 278 104 132 162 140
201 11 145 226 136 257 320 245 185 238
36 111 169 165 262 316 20 201 139 269
154 44 102 177 299 130 215 41 207 9
268 276 223 48 171 178 16 119 117 7
154 94 179 104 80 7 91 30 210 93
120 69 134 250 300 188 141 122 219 97
197 309 278 93 157 42 227 155 14 295
28 317 113 37 299 147 292 316 290 267
209 203 51 20 43 139 158 205 115 266
95 284 119 182 234 34 318 316 298 281
256 134 214 166 212 320 128 84 313 243
80 229 183 184 293 64 229 240 304 113
89 45 263 12 190 125 142 306 191 167
175 90 201 151 141 121 251 125 277 237
44 274 48 162 282 197 266 229 206 109
242 94 166 252 202 131 221 284 297 148
278 245 266 69 228 152 88 31 128 277
78 228 237 116 86 124 275 78 84 187
254 288 259 242 132 69 133 227 196 186
140 126 126 210 256 229 51 244 153 32
173 107 54 87 212 188 230 218 32 254
165 235 157 318 61 299 244 8 250 65
89 264 269 161 231 179 190 232 152 159
67 101 52 180 267 15 208 199 49 47
136 62 253 81 13 182 77 312 272 126
111 236 305 273 31 8 139 136 68 31
303 264 117 164 300 168 273 31 61 309
284 230 71 289 200 48 88 101 109 299
18 275 12 7 144 31 131 161 73 247
290 190 74 253 258 263 177 83 128 285
122 280 235 174 214 232 42 137 157 245
252 28 114 47 29 110 10 187 123 136
100 243 38 6 28 93 15 184 208 247
83 168 157 191 290 242 191 240 104 200
297 222 218 52 224 250 168 104 154 107
97 206 69 96 126 144 64 7 129 75
239 180 14 153 184 221 78 98 55 227
153 231 261 115 224 241 317 171 269 199
117 296 92 112 86 43 187 128 32 273
249 74 151 108 222 14 234 75 231 170
123 191 254 198 268 51 197 32 18 142
213 54 282 12 276 27 186 44 268 296
20 173 318 139 242 196 278 244 142 96
43 138 136 259 185 232 120 157 42 154
10 19 249 263 145 146 302 75 318 254
264 199 233 60 103 69 72 263 58 180
280 122 128 108 83 64 229 179 208 259
294 148 299 219 236 206 21 224 320 49
167 222 170 230 150 129 243 171 318 53
16 33 58 170 161 39 115 295 155 54
48 128 147 204 40 287 87 93 227 297
232 167 211 222 275 197 46 172 255 193
313 15 161 79 104 320 203 310 77 286
10000000 10000000 10000000 10000000 10000000 10000000 10000000 10000000 10000000 10000000
215 162 236 184 157 298 252 89 57 164
215 122 293 129 308 265 157 58 248 214
127 257 219 285 37 188 28 14 219 6
205 38 19 304 257 311 140 300 177 176
136 29 262 278 82 231 90 98 78 28
308 267 310 209 151 181 153 251 228 314
165 250 277 207 42 107 161 92 33 107
221 84 89 158 151 167 225 255 143 80
112 184 67 302 42 198 109 282 150 184
230 234 178 264 164 163 152 190 32 236
309 104 54 84 155 178 294 184 158 278
185 76 87 226 23 127 61 69 245 208
40 259 317 312 203 297 65 151 212 253
53 265 248 25 147 111 272 182 81 59
87 208 189 269 132 258 194 101 225 301
90 257 256 96 74 301 250 93 269 139
57 278 95 241 247 93 140 183 93 250
279 111 107 199 38 78 25 31 32 291
17 65 261 190 254 143 221 219 198 280
306 94 66 9 24 171 99 75 14 271
229 64 163 81 128 197 274 172 236 172
228 154 239 217 84 213 307 115 30 151
127 86 231 127 239 281 312 307 255 131
219 116 69 126 108 154 226 302 236 268
256 66 175 213 250 295 117 74 263 104
307 229 17 131 67 295 102 281 254 88
251 202 43 79 228 256 270 137 40 120
16 144 67 297 293 174 285 302 51 199
226 307 271 220 123 5 246 196 81 154
191 215 81 127 304 157 129 152 46 200
186 147 62 293 140 129 142 46 229 220
23 96 177 10 306 205 295 256 117 164
115 34 224 206 101 190 221 166 165 303
173 177 159 157 115 225 71 71 221 255
182 106 253 280 180 13 139 267 283 164
110 106 240 108 27 104 16 275 107 284
140 80 33 82 171 29 146 115 155 195
97 77 219 132 183 223 151 5 18 295
153 87 75 133 37 61 244 96 176 191
261 213 44 82 317 20 108 169 58 22
314 30 303 34 291 286 240 71 165 94
61 104 258 245 8 164 176 182 226 28
44 126 35 207 314 45 63 320 213 171
60 27 77 84 42 39 148 206 183 272
75 257 93 203 206 275 24 56 19 291
96 134 209 119 289 96 125 222 38 251
52 81 259 66 143 235 234 206 10 218
210 131 248 223 136 102 78 13 179 280
169 42 184 100 194 304 81 262 13 22
217 55 139 129 30 94 51 35 202 254
189 17 188 296 257 132 284 268 60 229
297 5 142 279 299 320 63 156 28 5
277 101 209 149 90 299 39 163 113 319
284 143 180 320 78 248 91 47 67 162
107 62 297 40 268 121 63 207 8 88
294 37 183 70 73 315 73 8 216 88
167 65 155 11 166 263 302 159 108 186
76 91 113 307 218 318 9 245 173 165
184 129 246 309 99 51 190 63 212 278
111 307 64 174 97 157 138 120 174 237
107 212 31 46 10 88 305 35 285 190
138 131 154 151 231 158 120 209 82 128
282 49 198 57 245 202 94 264 242 138
191 250 249 98 283 196 284 213 289 24
70 52 228 315 70 268 108 191 32 314
104 170 286 134 200 63 259 222 141 250
136 92 44 67 259 188 60 195 156 273
146 117 208 149 192 102 17 231 84 287
34 168 130 87 6 129 220 75 167 200
241 252 184 217 260 198 225 191 314 229
94 54 164 201 193 289 48 159 200 5
100 71 240 67 296 195 218 190 82 299
252 319 171 260 219 164 139 260 92 201
58 93 294 9 78 187 63 109 94 113
24 279 76 75 283 204 167 217 9 165
316 189 60 122 48 307 99 234 179 56
8 317 154 105 290 15 96 284 277 307
22 206 221 183 63 179 297 256 208 215
28 59 43 83 175 18 55 139 297 299
178 37 154 200 202 21 21 219 154 245
124 313 140 238 262 119 78 35 196 11
40 167 32 47 60 10 125 10 48 266
44 12 208 207 249 104 177 198 150 126
178 211 35 220 59 97 10 40 181 239
273 260 117 270 40 142 70 74 27 146
144 48 21 194 308 184 20 70 121 156
172 62 141 122 38 215 32 272 184 11
13 270 195 114 117 34 145 22 208 240
81 42 82 86 277 105 61 209 301 238
239 289 78 72 204 92 164 29 107 216
10000000 10000000 10000000 10000000 10000000 10000000 10000000 10000000 10000000 10000000
262 207 253 187 191 101 112 174 113 110
11 205 215 289 149 59 18 293 304 57
86 32 168 241 46 229 47 272 302 135
303 296 173 204 146 14 214 17 279 105
258 313 224 278 295 78 109 254 205 60
162 297 221 278 38 186 209 270 162 165
308 295 189 269 178 269 6 154 182 103
24 187 96 65 243 307 68 238 73 70
180 105 139 284 64 157 79 33 174 204
149 185 22 273 261 229 189 166 278 158
45 132 222 125 38 290 112 289 40 206
220 141 139 226 107 279 168 228 242 254
267 278 199 45 104 28 95 97 262 269
157 206 68 258 197 56 298 89 238 76
170 13 150 151 137 231 221 86 270 236
261 43 167 239 225 264 232 32 258 171
204 286 150 151 45 59 198 147 140 320
256 184 305 90 16 123 301 243 119 80
235 94 206 145 44 27 237 223 199 47
25 139 67 54 268 161 245 239 270 177
149 47 181 255 179 103 219 25 264 87
296 276 154 54 38 51 53 191 153 207
21 314 107 82 213 314 244 5 133 50
11 42 23 15 242 43 182 26 107 69
164 123 235 226 19 130 37 79 243 164
143 142 43 74 144 170 225 203 28 164
19 80 209 234 166 152 14 50 289 277
194 130 273 111 297 177 123 65 226 194
301 95 311 237 247 210 228 153 272 56
177 211 26 262 217 194 294 313 275 257
51 89 32 139 151 30 133 84 119 6
274 55 36 52 130 187 163 183 319 57
7 235 61 193 22 257 267 176 119 198
222 218 129 33 242 194 6 227 238 23
266 257 90 311 310 165 69 318 319 23
311 286 295 224 317 284 9 84 11 172
101 72 140 123 243 6 231 150 173 226
240 131 191 126 138 301 178 249 300 232
10 296 188 278 86 194 288 305 264 154
24 23 95 185 84 168 140 280 123 318
90 44 172 315 58 283 140 66 241 27
215 120 33 16 154 206 55 204 223 139
281 98 270 234 90 24 175 9 269 262
253 239 289 174 206 15 283 218 65 318
234 287 275 75 172 33 209 125 208 257
191 221 283 194 292 304 23 298 165 149
303 8 265 268 200 102 273 24 16 306
243 35 143 14 39 298 259 266 157 276
115 209 12 279 81 20 8 295 145 241
242 171 233 185 297 306 274 243 112 133
251 160 141 144 300 189 234 193 233 154
94 19 298 237 88 258 137 222 51 281
194 304 59 176 148 6 152 33 245 166
276 304 267 215 271 267 240 59 41 65
234 149 211 141 191 212 194 23 122 120
113 64 150 79 319 194 68 95 130 55
24 111 125 220 52 199 159 140 218 183
202 69 104 57 140 25 23 132 114 133
53 196 204 7 74 98 142 273 197 232
67 206 222 312 81 109 230 233 33 91
318 269 266 5 232 292 96 11 9 247
283 281 306 17 182 55 59 285 200 19
27 300 102 155 252 152 56 211 189 67
212 271 312 117 30 143 290 41 68 275
291 272 142 319 181 136 242 178 81 76
79 64 67 239 10 103 267 131 32 72
60 9 5 210 229 256 70 154 257 239
276 13 285 118 241 111 63 122 94 139
103 115 160 202 230 59 227 84 225 32
296 118 179 262 227 254 73 280 114 18
121 283 221 56 61 37 128 137 153 180
89 17 287 45 69 41 51 144 161 156
31 130 84 120 170 77 160 35 130 107
250 273 111 103 74 9 23 255 213 171
294 92 304 220 276 5 293 23 227 247
68 66 291 121 143 7 206 274 140 232
149 170 189 89 51 55 192 281 111 124
229 16 93 60 251 309 287 282 107 146
256 102 274 18 236 60 24 266 68 291
257 280 251 271 63 94 69 282 221 232
232 83 196 78 265 221 55 66 22 214
89 174 44 45 232 14 199 276 252 289
138 196 54 230 312 314 119 275 179 250
131 98 190 156 222 190 286 87 71 9
211 197 311 153 317 120 95 74 152 31
166 24 174 76 202 137 208 15 74 207
182 270 155 269 290 71 297 248 111 163
250 148 17 182 5 131 199 286 137 66
40 256 280 190 16 28 125 164 320 220
62 228 91 56 142 298 270 8 93 75
10000000 10000000 10000000 10000000 10000000 10000000 10000000 10000000 10000000 10000000
220 78 115 290 232 50 181 28 120 233
200 223 118 165 188 294 292 251 50 265
186 264 9 154 53 97 107 100 147 158
302 96 45 33 131 253 25 254 260 63
319 131 190 204 149 180 146 222 279 151
60 236 195 131 193 205 193 290 59 251
213 81 169 293 110 181 5 98 174 90
61 165 18 233 240 179 33 309 6 186
218 212 79 19 228 226 25 112 39 45
234 164 51 189 8 307 175 281 257 22
43 39 175 232 208 167 205 191 209 166
225 57 284 148 208 236 319 10 291 200
181 221 115 171 167 146 195 179 170 37
274 46 270 187 45 149 109 101 247 191
260 150 254 147 52 247 16 124 160 21
121 116 46 239 233 215 312 35 149 179
249 7 122 46 296 223 202 161 264 236
308 115 222 258 185 55 151 216 31 55
218 79 114 110 43 226 126 243 225 25
42 55 10 150 11 91 298 74 294 178
216 251 319 139 266 57 116 43 117 165
126 228 59 21 5 259 69 6 213 210
142 48 49 302 281 319 287 176 170 7
31 236 36 140 38 253 15 78 19 222
140 109 83 29 285 89 288 26 135 105
202 242 243 223 216 148 149 200 216 204
230 44 175 99 182 126 118 116 150 76
186 9 144 216 179 158 151 69 139 199
202 179 91 17 29 276 261 263 5 236
173 168 272 220 85 267 117 42 90 104
42 290 274 134 82 37 208 285 302 242
299 218 63 24 306 15 205 185 114 260
311 176 19 287 82 178 185 97 21 18
82 159 230 259 268 60 28 191 62 7
40 205 317 89 238 245 45 156 112 163
30 186 266 288 305 294 169 252 55 229
100 65 107 137 31 304 212 19 80 246
197 16 158 181 37 7 98 269 43 267
265 207 309 253 183 20 155 152 28 243
249 209 111 248 176 236 91 40 131 21
5 58 8 175 52 107 85 84 174 62
91 33 255 94 140 40 258 179 130 212
279 25 189 287 101 113 168 293 255 223
306 262 114 180 143 113 17 246 34 64
193 83 74 12 55 302 279 71 234 30
47 305 19 187 237 320 66 249 46 62
238 31 32 79 88 101 263 48 115 284
143 70 154 224 76 151 65 190 83 302
201 176 303 49 185 133 270 267 218 203
201 154 97 14 194 182 47 296 180 11
186 275 170 26 135 87 313 202 215 68
18 96 59 305 154 17 18 43 261 192
214 260 103 156 208 230 39 154 267 301
170 94 6 165 152 210 213 177 157 236
289 185 233 120 173 238 140 272 240 158
138 184 179 212 226 280 218 243 36 140
282 167 227 98 29 110 31 93 306 317
45 213 222 18 295 232 260 55 49 208
157 106 109 173 6 73 146 293 240 181
91 268 268 8 204 29 292 314 152 229
276 24 128 258 238 316 44 289 168 318
218 288 233 192 23 220 197 73 115 147
257 252 312 154 299 258 222 37 292 126
213 114 95 35 277 107 259 234 194 262
288 302 256 166 53 273 231 131 126 264
196 68 185 237 116 51 152 248 18 218
19 137 125 16 21 176 24 109 206 32
31 304 98 79 8 120 246 305 176 16
271 20 27 318 131 108 315 288 106 218
220 217 201 294 54 36 207 152 85 154
34 107 309 76 275 212 170 138 39 101
44 262 15 187 98 176 99 314 146 152
136 127 314 85 263 274 195 277 183 37
173 214 303 93 157 71 251 125 116 198
47 199 72 124 145 294 229 195 111 276
116 61 238 279 15 221 310 201 195 279
160 265 148 145 225 79 32 49 314 212
31 118 6 279 118 171 36 155 102 97
47 147 96 52 22 276 147 308 278 201
93 303 96 42 183 226 109 211 270 96
255 234 219 140 204 94 97 130 221 99
261 181 130 273 245 21 253 14 184 12
299 209 66 304 162 188 55 62 144 148
263 12 214 214 220 78 44 197 124 258
70 21 154 299 32 240 195 315 207 231
147 236 145 200 222 220 83 82 85 149
175 208 207 210 300 31 136 268 119 131
213 279 193 311 157 82 131 101 142 188
27 274 213 136 59 65 255 278 306 218
115 64 229 270 221 135 226 63 316 141
10000000 10000000 10000000 10000000 10000000 10000000 10000000 10000000 10000000 10000000
85 167 67 20 129 114 209 257 287 259
173 235 316 101 192 63 245 118 204 93
78 257 100 135 161 123 86 239 12 209
277 16 292 106 191 253 158 132 201 42
79 251 62 70 55 53 308 6 52 301
48 76 268 277 22 307 258 222 83 118
153 152 318 123 79 157 217 315 116 293
92 75 319 13 270 314 255 187 94 195
43 179 120 163 291 276 198 49 134 219
284 131 290 86 70 274 24 256 236 213
229 205 40 264 305 218 199 111 223 104
170 260 102 231 183 292 45 304 138 137
106 154 203 284 16 58 113 145 200 24
64 170 22 316 40 37 48 14 263 61
204 65 144 161 226 320 163 48 34 269
298 32 181 213 131 284 81 53 53 314
104 276 290 224 296 76 144 202 111 164
198 91 274 284 291 6 71 22 47 99
132 259 306 10 128 58 200 12 312 107
85 140 71 286 166 298 316 113 8 276
163 131 172 220 285 118 64 258 65 36
100 76 255 251 255 6 115 138 309 11
67 270 272 247 233 13 131 122 271 268
161 51 36 95 217 218 309 30 111 98
268 288 132 163 132 57 141 155 41 286
118 14 200 197 265 110 254 122 167 103
104 217 155 99 146 315 289 195 36 45
186 103 48 182 188 150 250 239 219 293
35 315 233 50 78 172 23 139 190 113
35 144 17 129 84 232 130 8 246 146
69 178 68 185 130 284 248 247 65 261
147 96 305 12 94 28 5 258 290 265
277 179 162 201 248 246 5 192 36 201
33 135 115 312 310 25 296 154 150 298
44 196 63 190 207 180 16 145 272 199
246 213 320 130 274 55 63 247 285 61
122 166 306 228 99 5 293 311 233 275
133 97 186 265 270 178 82 226 148 279
163 287 246 186 48 21 234 71 231 167
301 216 143 27 215 80 215 137 117 195
95 36 99 260 246 186 291 39 74 256
101 42 173 245 304 134 273 201 217 313
286 213 187 120 258 22 98 8 145 32
101 134 205 69 50 107 67 154 202 81
154 209 41 268 190 139 28 78 105 60
117 19 74 219 159 238 195 21 157 181
133 291 229 219 18 311 77 180 34 68
169 202 75 77 19 162 282 284 18 164
98 284 264 143 189 258 217 315 66 215
69 233 99 312 92 315 117 307 107 266
301 103 135 5 302 116 39 111 136 289
13 208 168 40 72 216 183 234 252 271
116 303 98 305 196 105 111 135 319 77
304 161 213 190 112 224 185 98 314 156
284 130 295 140 85 110 240 118 55 312
242 277 237 124 29 297 178 91 133 23
78 108 42 63 290 170 143 109 63 88
309 116 315 153 240 118 270 144 20 46
27 131 230 318 170 226 197 5 87 209
268 105 99 200 245 197 65 186 30 173
298 194 138 268 112 257 198 233 99 81
299 113 64 87 183 278 39 210 194 12
119 259 308 26 164 24 191 65 159 271
281 27 103 111 118 148 154 44 164 65
188 316 155 316 233 169 79 62 121 21
124 7 190 86 306 101 124 200 307 105
248 300 289 94 180 148 147 251 224 34
69 284 106 153 48 137 84 90 83 83
147 212 69 30 43 89 185 203 63 146
33 159 158 264 110 291 47 189 267 37
231 129 277 8 52 220 26 228 8 300
11 191 283 223 263 102 306 165 252 216
61 317 283 283 152 213 300 65 301 72
319 203 19 76 102 6 272 271 107 131
40 190 318 258 268 202 27 316 287 148
313 162 96 174 215 183 307 147 249 164
117 87 199 231 104 143 145 79 113 166
176 9 151 10 236 196 225 269 162 36
53 289 61 209 75 269 29 87 159 58
255 185 190 229 237 279 96 243 302 286
97 171 54 114 110 174 123 225 154 235
309 214 135 258 57 128 94 68 57 222
250 55 231 59 138 28 99 91 86 230
300 167 154 30 202 93 168 33 208 316
151 33 213 12 84 133 312 155 278 287
51 30 237 44 167 64 96 236 71 222
83 62 9 25 219 37 63 141 173 90
314 219 30 111 205 236 210 23 305 104
229 161 312 67 187 285 261 318 19 122
115 146 320 101 306 52 95 84 174 162
10000000 10000000 10000000 10000000 10000000 10000000 10000000 10000000 10000000 10000000
249 33 320 121 291 157 318 177 55 138
219 86 78 286 310 134 147 227 83 6
138 82 209 267 69 282 26 266 58 309
287 73 153 22 83 174 165 93 169 89
236 242 296 281 156 232 299 135 303 39
230 170 316 149 270 241 72 289 109 212
246 64 58 60 205 230 173 313 281 243
58 67 164 216 30 94 164 163 78 282
272 313 143 9 306 316 52 132 230 144
182 152 138 104 21 129 9 195 123 60
88 103 319 13 154 318 311 5 126 244
134 318 119 126 18 63 124 253 151 28
276 36 262 213 42 73 84 73 307 192
247 203 285 159 106 123 185 41 108 41
19 176 68 220 122 149 288 67 138 248
312 315 66 309 61 242 42 278 291 238
290 52 24 270 198 168 143 111 216 51
304 17 147 176 53 130 73 32 132 300
280 316 39 64 49 139 197 74 25 25
149 75 216 289 154 166 125 268 16 250
100 138 29 248 162 21 291 319 239 91
122 209 138 262 204 161 154 60 89 212
62 45 297 210 114 6 51 288 112 115
6 188 180 76 275 5 14 314 298 8
255 179 267 125 194 147 244 243 117 220
36 6 199 113 245 180 267 180 201 122
138 152 74 259 88 245 290 185 86 19
219 246 269 53 286 172 114 49 37 258
313 200 216 301 28 113 222 185 57 210
142 102 230 188 312 267 234 223 230 205
142 263 85 297 181 314 245 57 170 29
64 133 259 95 84 155 187 308 299 152
169 240 196 223 182 15 18 107 83 207
308 312 153 46 73 49 100 276 64 125
258 150 181 315 97 99 229 80 296 117
18 296 179 237 49 269 157 29 167 257
24 104 69 273 46 206 168 105 15 99
272 43 5 266 163 80 319 114 62 140
295 80 298 206 181 126 287 293 259 71
9 261 279 79 168 94 169 73 158 93
36 313 180 55 127 312 303 300 199 205
87 74 134 272 44 98 57 159 215 119
125 94 200 139 249 102 176 67 229 250
256 217 316 280 288 82 129 234 261 87
126 241 152 13 140 86 77 91 226 159
280 59 38 122 137 54 59 63 70 67
318 192 58 50 33 269 282 10 72 234
167 220 300 172 68 292 199 116 122 301
23 231 174 219 306 114 302 117 299 88
98 83 208 178 287 8 23 91 209 118
275 234 56 50 277 182 131 71 229 15
131 86 84 32 81 91 152 40 242 286
107 145 103 239 69 227 294 41 50 172
43 158 238 158 221 217 191 81 95 222
296 141 257 235 52 158 311 306 247 133
166 257 229 320 225 22 111 37 116 250
171 294 128 220 116 143 43 231 302 94
40 104 307 162 6 91 153 320 136 85
232 307 238 93 170 167 172 149 277 181
14 153 317 268 190 259 51 169 203 210
126 221 274 302 33 289 48 312 43 258
243 272 188 180 89 65 311 166 48 261
166 177 228 122 75 122 152 201 307 150
33 27 104 173 178 205 13 192 12 297
149 14 241 58 318 198 293 29 107 7
293 183 256 280 250 207 300 256 187 306
266 267 303 241 159 72 259 100 169 210
126 138 55 240 285 71 226 6 83 19
273 298 154 139 178 200 133 21 282 28
96 242 121 69 185 239 81 134 40 211
281 187 146 272 211 260 76 116 120 298
94 50 89 184 53 217 68 8 13 297
273 122 113 295 213 41 301 278 151 121
68 57 38 30 267 250 186 15 284 290
140 157 274 266 72 244 122 194 232 20
28 25 137 34 16 224 29 286 186 111
271 70 104 263 279 258 44 5 286 189
95 20 282 289 231 141 208 290 256 47
254 297 214 255 9 266 34 278 236 71
66 97 213 211 273 244 202 240 127 115
264 253 171 52 254 309 167 16 242 14
240 226 93 193 44 198 72 134 258 50
227 312 139 222 33 159 28 211 8 43
155 67 87 171 141 207 56 149 30 115
286 309 310 195 150 192 91 287 91 161
214 304 292 223 73 140 118 55 282 266
34 40 175 317 14 6 246 168 115 217
25 11 172 159 145 243 147 177 53 234
152 124 250 119 46 142 229 303 208 38
30 222 15 216 271 142 215 315 182 254
10000000 10000000 10000000 10000000 10000000 10000000 10000000 10000000 10000000 10000000
176 159 103 124 80 90 193 13 83 24
259 125 154 112 108 203 201 162 130 123
274 16 67 291 167 203 196 302 263 38
54 182 247 216 226 18 282 126 112 193
8 279 309 10 234 246 307 129 158 92
124 80 219 149 211 154 205 163 6 303
246 90 126 190 166 233 233 21 49 141
169 113 65 236 84 62 235 85 184 128
129 186 134 142 229 100 76 7 174 61
168 100 190 234 229 257 167 234 113 280
73 48 218 206 18 173 39 199 84 196
215 202 194 177 230 18 295 267 44 121
90 32 251 239 304 62 301 78 45 182
267 179 71 219 80 186 167 310 74 232
144 142 5 111 239 258 111 67 161 182
280 63 166 198 86 153 221 207 207 115
289 144 230 21 319 257 123 158 237 159
176 131 83 294 55 21 125 151 162 200
42 191 145 41 178 19 35 177 202 290
89 76 139 159 299 260 239 181 219 61
111 266 15 166 61 198 36 38 309 267
265 73 39 280 246 80 109 293 173 123
64 240 284 142 96 176 18 103 75 29
248 140 148 103 285 182 174 300 251 51
145 181 296 67 107 298 299 68 127 76
67 172 145 54 63 308 138 220 244 149
103 288 115 31 206 72 137 72 129 314
24 154 181 233 29 9 179 287 206 277
290 162 195 89 17 94 172 311 229 154
174 59 289 185 110 312 53 194 244 151
40 167 147 239 210 46 289 280 113 145
161 108 22 125 312 89 286 210 127 34
24 109 267 11 91 218 18 318 7 56
311 277 320 118 86 26 272 19 106 223
316 65 296 87 303 315 33 157 144 237
33 279 121 204 293 216 300 86 30 301
216 85 84 208 255 302 135 38 216 301
253 253 298 288 148 32 188 80 134 78
275 91 299 25 54 180 271 247 238 253
85 192 11 72 207 120 33 157 194 105
16 185 232 71 139 307 244 283 250 295
104 11 36 204 265 252 106 242 228 228
318 171 249 295 215 52 304 258 8 199
58 311 128 7 319 169 67 134 299 94
71 299 95 188 86 225 51 37 172 160
165 128 142 53 141 25 36 49 73 93
310 194 116 98 198 200 212 79 200 26
89 81 67 186 143 259 70 144 25 125
176 249 102 89 44 55 161 192 311 209
158 267 113 267 269 130 20 41 144 235
186 264 60 142 82 276 81 175 92 135
75 272 210 105 103 95 110 166 126 116
79 102 225 32 267 135 229 22 189 308
199 166 189 134 130 281 249 33 156 215
178 65 245 97 159 193 302 278 129 220
93 8 115 100 111 162 162 174 258 54
97 98 310 157 156 169 90 207 281 18
84 115 158 108 155 261 43 168 108 98
91 130 310 142 211 140 234 54 320 35
6 153 224 184 217 37 114 173 225 230
23 86 61 132 221 173 304 147 105 242
256 78 113 43 286 77 206 151 307 183
101 120 177 253 15 190 173 43 64 304
196 170 144 190 116 208 152 200 49 232
254 90 206 91 137 63 111 85 254 60
151 297 290 317 247 70 17 296 51 49
85 162 274 31 284 273 80 248 89 257
246 316 111 116 184 45 224 40 241 187
40 230 129 93 43 15 248 95 264 101
221 60 266 114 66 135 313 288 317 29
307 85 179 157 17 47 41 179 101 192
215 235 33 279 84 215 296 165 7 114
319 193 90 248 102 206 280 138 263 245
312 42 81 172 80 198 29 247 86 131
173 36 266 295 217 274 138 301 208 46
38 24 23 35 136 227 198 52 155 104
81 169 237 221 178 5 17 20 90 101
91 109 297 197 76 31 23 255 21 78
148 29 176 150 289 189 260 159 216 16
215 183 290 128 32 110 289 112 298 253
91 276 158 302 107 157 64 296 263 312
288 276 200 302 36 28 309 126 314 94
250 284 164 194 137 307 204 280 126 184
225 127 185 155 8 121 204 198 13 37
264 167 201 301 294 45 263 253 187 273
146 228 137 26 246 206 68 104 152 47
106 73 227 151 262 38 154 67 252 30
315 86 161 21 220 242 46 46 135 309
162 136 307 118 148 233 316 277 259 108
149 304 132 53 148 185 185 81 133 253
10000000 10000000 10000000 10000000 10000000 10000000 10000000 10000000 10000000 10000000
245 215 39 236 320 317 281 296 291 235
112 116 161 288 71 208 299 134 214 22
158 160 195 68 24 78 252 318 225 60
146 232 112 187 203 28 188 148 133 72
136 116 162 264 278 219 253 185 127 278
204 22 310 219 312 159 228 99 160 79
228 292 180 85 149 127 208 319 146 271
73 117 116 208 16 150 245 225 208 17
108 290 143 196 139 187 21 180 210 233
301 229 193 82 265 225 275 123 106 231
81 171 26 272 278 17 218 154 140 299
229 133 260 87 64 186 120 217 185 32
244 170 144 226 207 254 197 202 154 296
66 236 213 263 312 264 128 249 319 318
11 163 279 114 127 184 214 298 274 83
235 6 265 302 104 108 12 47 290 271
123 86 240 218 25 134 114 214 258 93
211 313 166 296 44 253 114 40 178 34
189 57 86 240 201 144 254 201 90 296
226 74 55 83 126 131 257 53 80 300
168 76 71 28 291 285 146 34 38 114
79 310 227 215 245 45 69 17 249 73
64 167 157 202 251 189 196 98 144 90
92 126 182 76 293 286 9 58 222 89
7 100 318 300 104 246 149 246 171 320
138 71 137 315 309 308 11 86 175 45
311 80 65 119 203 177 16 268 237 93
81 183 112 119 103 114 200 67 119 31
319 161 46 63 9 20 166 267 21 243
168 128 239 245 216 244 21 181 255 173
218 217 11 119 224 8 212 217 9 163
157 6 51 165 278 195 165 199 67 246
84 173 136 212 16 27 173 148 122 250
131 182 272 25 134 273 252 173 145 229
315 64 190 48 196 8 289 156 255 65
106 161 194 161 97 93 8 282 265 203
201 260 239 7 245 22 312 250 318 32
66 239 149 11 82 227 63 85 301 35
170 93 237 297 274 31 318 65 284 235
125 75 128 120 287 31 16 106 254 282
97 73 290 173 145 42 132 97 91 41
25 104 289 149 286 14 231 37 69 107
24 220 223 135 205 73 156 185 142 291
59 19 164 241 139 300 208 188 188 282
167 158 63 270 77 109 138 211 232 18
251 253 57 168 63 155 63 27 245 245
234 174 177 207 110 172 203 275 149 174
252 217 72 230 11 241 48 184 313 240
216 300 189 43 24 294 76 29 88 230
264 118 247 61 132 209 187 58 128 264
23 153 107 284 14 39 146 189 235 26
172 313 279 280 26 305 142 102 255 101
299 79 250 277 225 61 311 221 315 170
207 72 28 319 131 290 206 171 116 304
283 44 106 160 17 192 209 141 120 38
91 272 252 133 295 44 249 70 133 53
234 252 320 71 170 13 290 169 221 287
105 161 175 221 47 289 303 298 284 76
10 315 256 196 79 5 36 97 83 213
5 205 278 192 30 29 248 203 33 289
9 145 26 22 99 70 279 33 263 168
209 200 26 256 228 175 171 114 146 21
268 245 136 166 40 263 250 175 168 281
283 173 153 270 19 16 142 266 55 251
32 143 234 271 180 247 134 133 60 62
279 94 62 295 182 26 103 193 86 58
214 268 131 152 46 118 299 101 46 178
20 247 247 203 24 202 279 290 16 218
38 254 142 125 100 306 300 77 6 167
252 174 159 200 232 150 247 176 215 92
198 124 102 30 274 47 310 31 69 141
63 274 254 142 241 237 79 205 217 233
197 41 73 53 89 238 213 80 138 251
154 99 271 189 224 146 261 312 281 118
296 154 296 116 297 29 106 281 122 150
44 184 298 165 146 226 50 144 25 85
255 87 130 50 216 18 239 130 224 15
133 41 75 8 296 261 224 307 8 89
146 139 76 259 289 157 319 10 88 81
100 12 93 228 295 224 299 275 261 169
196 87 14 150 249 152 198 162 313 315
122 142 236 39 20 117 99 240 68 306
84 95 60 131 90 72 28 309 211 191
288 88 141 152 136 31 277 104 207 240
98 313 157 160 182 220 266 187 97 176
264 194 55 117 320 181 47 123 107 27
234 122 150 305 18 204 9 157 68 18
299 148 293 306 72 73 258 242 113 267
289 308 71 244 177 26 93 235 244 99
144 239 135 149 244 228 250 199 64 158
10000000 10000000 10000000 10000000 10000000 10000000 10000000 10000000 10000000 10000000
300 193 285 166 312 213 70 228 48 177
296 162 64 276 152 190 100 155 319 82
279 29 64 38 284 127 137 268 58 182
68 115 220 204 206 212 67 318 292 94
221 115 22 118 156 162 43 57 261 138
76 210 101 204 204 56 62 130 159 5
242 235 121 23 64 35 190 160 23 100
224 237 36 294 74 219 38 313 184 113
50 165 144 9 303 207 44 190 181 93
205 220 15 104 140 215 256 111 96 83
36 279 307 81 222 16 284 248 287 194
133 312 35 272 48 122 137 114 280 59
44 233 183 267 208 59 291 223 302 145
223 106 268 108 101 66 145 245 304 261
225 46 182 51 95 274 251 113 255 127
234 9 308 147 150 28 100 51 249 66
94 41 29 97 87 28 243 115 279 207
152 70 82 142 119 295 227 306 22 29
300 65 182 125 96 178 307 65 298 90
281 163 177 69 20 275 220 110 205 288
167 265 298 183 122 225 133 57 274 143
202 10 230 74 33 58 34 213 201 77
241 11 23 238 293 226 218 312 67 314
137 51 203 100 129 56 116 34 221 233
103 189 273 174 277 303 8 212 61 165
215 102 288 73 288 143 284 35 186 165
63 207 315 252 318 56 46 79 177 226
208 156 71 165 168 139 209 223 320 256
247 240 318 17 78 204 37 68 98 290
120 110 72 156 271 24 61 201 168 99
91 229 223 286 297 97 244 228 230 212
167 259 103 35 298 97 73 205 233 202
82 183 262 13 56 216 210 285 6 309
189 130 144 117 156 280 159 88 103 228
143 59 314 201 206 251 309 89 21 92
312 28 17 272 130 31 107 117 187 263
153 301 22 121 298 275 273 304 148 254
152 226 181 318 73 273 228 188 297 295
310 220 46 143 141 257 190 288 299 27
268 13 76 166 124 266 89 164 86 310
308 204 306 15 54 186 257 272 32 154
181 107 248 316 281 169 85 246 7 38
282 287 181 225 84 169 43 102 229 50
180 180 296 33 86 222 157 311 213 83
162 184 83 168 164 232 227 272 287 222
181 203 90 252 16 213 225 234 305 56
268 228 125 127 212 296 177 35 134 183
11 222 142 241 197 63 136 38 144 80
98 225 190 315 167 100 5 237 107 6
23 12 137 254 44 216 221 291 198 54
170 73 111 214 115 168 240 112 260 206
20 134 272 260 204 193 38 49 316 194
30 294 83 300 303 150 248 67 293 9
72 19 10 127 300 42 204 173 66 31
157 60 29 101 173 274 63 231 111 31
281 33 225 209 50 152 294 175 188 160
191 73 147 118 263 234 93 9 171 118
155 187 220 72 148 218 90 198 81 236
160 200 213 41 230 134 236 223 113 192
211 12 292 195 47 281 147 210 56 24
200 112 10 74 265 181 152 278 126 157
207 94 303 177 101 280 302 176 79 297
90 113 216 149 223 165 254 227 152 267
185 221 149 192 194 267 75 39 51 147
187 247 245 59 98 292 39 177 122 237
176 272 247 22 78 279 176 136 192 241
214 122 87 137 207 211 13 190 188 314
202 192 260 142 181 273 227 311 179 272
175 48 283 285 200 149 27 194 174 246
38 310 20 296 185 308 122 249 318 161
16 318 245 165 88 151 315 172 239 296
13 291 295 230 118 120 122 117 245 195
104 60 261 10 114 87 217 261 194 268
158 53 273 177 231 151 285 283 319 271
90 206 39 177 83 25 126 140 138 130
316 272 148 95 184 13 74 185 295 37
315 315 255 200 258 240 252 94 193 233
213 189 179 287 304 61 91 285 152 99
169 138 304 241 234 241 252 24 299 221
150 157 277 315 23 200 71 192 79 187
83 29 85 201 279 86 98 226 225 76
131 132 161 255 305 103 113 299 312 185
142 293 315 117 91 199 151 111 54 259
135 72 142 73 194 176 257 164 147 320
157 136 213 220 44 93 256 205 290 121
269 69 163 280 275 302 79 210 284 167
224 252 241 56 225 39 24 147 208 299
183 126 249 44 143 187 290 256 183 36
158 133 51 33 6 203 224 228 283 82
269 66 158 35 221 134 307 226 290 278
10000000 10000000 10000000 10000000 10000000 10000000 10000000 10000000 10000000 10000000
132 279 287 150 293 12 193 52 300 126
270 198 317 110 7 312 108 243 78 43
83 155 63 187 116 309 19 63 117 245
12 38 107 28 169 33 40 239 144 31
146 128 251 113 206 216 279 98 114 309
89 284 241 39 196 30 209 285 152 22
221 13 262 131 320 58 319 32 43 229
134 23 9 217 63 147 85 132 268 250
134 102 147 65 105 284 157 132 20 254
187 198 298 115 44 122 290 280 235 54
257 180 17 81 269 303 115 179 163 290
30 199 182 180 271 154 16 238 144 113
268 116 67 80 288 116 75 316 183 223
173 42 178 99 243 267 111 256 118 75
45 316 17 97 248 259 194 279 258 161
120 235 127 276 123 207 20 191 189 127
142 259 218 152 306 289 48 299 316 103
303 307 112 68 122 69 291 165 303 249
119 184 204 52 171 127 93 127 315 46
46 69 182 123 177 171 79 114 296 219
88 192 151 50 49 123 106 116 273 72
242 268 45 22 14 232 19 188 7 305
149 286 92 170 10 46 203 259 73 237
158 141 155 259 219 294 150 139 119 312
297 124 156 277 15 9 67 109 68 264
112 30 198 277 169 243 133 318 179 248
215 302 230 36 21 234 30 274 143 50
184 26 129 132 42 140 258 231 21 284
74 86 305 62 320 257 158 27 265 288
259 295 268 202 154 30 89 304 62 59
233 101 40 232 301 320 218 251 219 233
166 250 124 243 157 255 263 86 194 193
309 195 119 239 181 236 210 74 118 106
203 28 17 68 252 92 304 220 232 83
81 127 162 84 262 235 153 283 31 44
264 175 164 300 70 248 296 229 143 197
284 319 20 81 309 79 20 18 34 74
290 207 308 278 101 228 5 30 45 139
11 128 16 299 300 191 239 19 119 270
190 286 30 82 163 310 90 78 250 275
79 302 233 118 197 261 197 123 280 182
194 95 133 222 68 61 91 266 186 292
111 201 106 50 21 91 165 150 52 5
307 279 238 175 58 242 268 65 228 91
254 154 13 145 59 186 138 203 64 219
192 60 84 309 36 149 74 200 112 47
259 72 280 233 206 241 112 109 108 105
33 218 85 47 43 245 249 141 132 63
189 61 21 60 99 51 57 73 93 222
65 231 73 100 153 239 257 89 8 151
202 148 156 115 285 35 139 232 304 266
282 159 260 230 17 140 126 251 187 7
119 68 83 81 26 68 199 268 75 310
38 245 66 123 54 66 102 294 219 13
6 120 246 193 153 200 6 277 86 99
277 301 88 250 84 263 58 197 181 282
273 39 119 302 259 20 80 123 267 218
119 185 86 108 287 213 301 218 98 246
14 183 34 45 232 30 101 90 161 17
80 222 226 106 49 97 310 239 46 29
16 296 269 61 201 82 150 267 74 163
163 135 234 20 292 166 134 206 55 170
29 239 258 35 54 115 49 127 243 215
19 226 40 142 148 132 167 168 42 195
213 256 84 155 59 271 74 136 314 128
75 278 284 123 83 237 216 41 255 69
279 299 263 132 178 157 276 273 111 70
32 283 185 128 27 155 291 279 102 294
77 271 185 150 290 197 52 110 41 117
310 92 242 41 38 315 234 136 84 173
35 259 25 182 57 85 206 281 191 56
255 160 239 90 64 76 238 86 171 155
252 130 244 187 47 129 256 112 238 67
155 134 147 262 189 296 267 94 129 313
23 235 11 311 79 18 103 126 157 144
125 51 317 36 212 293 28 56 64 208
211 142 31 233 177 97 307 38 47 216
46 155 107 245 278 181 154 198 73 207
229 273 213 209 282 229 180 203 152 160
255 42 266 66 271 148 319 268 289 265
224 219 175 306 32 281 114 6 203 69
9 113 241 75 104 294 12 25 45 46
229 145 80 275 142 249 122 195 267 147
194 153 61 27 96 176 127 246 311 22
312 160 81 242 125 57 83 213 178 54
73 312 99 297 223 188 100 300 316 277
278 153 99 138 275 318 41 274 137 122
276 254 224 41 73 8 33 180 151 12
142 109 185 298 299 23 284 26 55 6
27 159 57 235 39 75 84 173 201 274
10000000 10000000 10000000 10000000 10000000 10000000 10000000 10000000 10000000 10000000
85 150 107 303 73 242 46 136 33 281
91 70 163 215 119 144 187 192 205 78
49 30 276 151 119 9 49 168 120 186
235 68 247 170 301 6 214 119 160 311
242 155 218 75 137 193 99 113 171 317
140 213 187 180 61 301 196 81 267 162
106 141 316 137 19 198 139 46 44 280
103 21 7 89 245 227 241 298 241 238
118 72 245 121 127 207 286 216 209 62
251 104 174 158 184 155 103 87 67 164
142 100 192 33 53 196 141 29 90 95
31 245 173 318 198 264 220 180 65 59
279 226 222 158 83 109 34 172 132 208
179 264 286 296 278 129 94 52 20 238
215 206 201 285 284 175 245 204 306 139
155 157 299 157 186 46 252 217 127 161
291 10 253 66 45 85 212 131 26 171
233 224 201 57 97 130 162 217 67 58
232 220 190 240 173 189 281 46 13 24
165 269 285 267 306 137 318 314 163 257
18 236 36 213 224 279 150 91 275 101
113 95 130 272 235 14 58 46 299 103
281 154 103 247 34 154 139 61 24 250
155 125 93 253 219 227 49 318 132 17
228 264 111 214 244 174 203 54 101 279
272 181 224 122 92 304 211 20 309 45
148 298 279 140 208 36 231 258 152 162
67 272 153 65 71 210 166 133 284 198
92 11 104 28 142 120 91 300 21 231
128 177 276 198 313 112 44 195 180 292
231 260 281 163 182 158 253 119 277 259
52 201 105 143 304 294 200 296 265 235
265 11 102 319 314 239 42 109 128 187
175 19 286 271 273 93 273 130 277 57
213 314 274 10 228 263 312 147 317 222
143 275 108 234 273 48 97 205 19 170
222 257 63 293 76 264 265 293 73 45
14 173 288 74 57 15 71 218 116 310
288 283 16 44 203 273 235 23 282 196
84 41 281 205 274 181 67 139 94 53
160 26 122 229 25 14 268 178 319 17
139 283 281 81 32 219 52 8 7 106
157 204 294 198 90 93 172 220 81 297
207 92 266 316 136 256 19 304 232 12
96 133 43 310 138 47 74 8 95 11
13 95 93 314 49 319 60 242 168 66
121 234 27 101 278 275 257 138 110 14
256 103 136 35 53 112 224 221 40 19
257 137 273 215 92 271 279 174 38 126
51 120 266 148 133 11 207 80 308 288
13 266 143 48 153 161 14 32 117 97
314 290 277 113 51 261 230 63 117 282
193 55 137 286 101 287 195 90 151 133
113 8 60 189 120 139 277 280 38 9
296 202 218 281 80 232 153 141 298 125
221 92 102 229 35 212 155 115 266 98
207 84 235 170 84 141 217 172 127 118
243 159 42 88 199 163 297 287 210 167
147 234 31 319 212 195 130 51 313 219
120 275 29 170 119 172 300 274 244 24
200 112 190 236 315 27 10 29 144 178
30 238 58 127 42 188 134 141 276 90
74 25 90 257 150 318 234 25 114 167
293 26 87 171 182 286 286 314 118 176
205 112 195 47 95 177 115 106 296 187
51 187 40 75 114 84 230 208 256 221
195 112 205 64 195 301 195 201 92 15
99 37 146 90 112 111 252 229 143 58
171 309 120 210 181 125 192 294 133 267
34 175 64 47 235 99 225 175 257 306
61 259 19 80 300 14 261 112 193 120
274 8 129 315 133 32 71 231 267 147
283 155 131 284 65 81 246 307 81 199
294 187 42 23 265 165 320 69 206 33
233 318 79 59 114 81 302 229 311 89
200 67 219 153 177 201 312 243 56 153
83 177 99 289 15 203 147 43 235 65
133 30 249 121 106 208 313 71 286 238
157 278 259 214 155 182 71 134 96 50
94 31 28 51 110 90 213 116 222 189
300 37 30 151 289 272 252 241 269 124
15 58 131 63 290 293 136 67 278 271
296 283 67 59 127 42 201 138 98 111
32 151 72 145 27 147 61 297 250 73
248 314 60 164 269 86 17 264 253 205
52 86 307 100 93 315 318 151 233 199
100 312 293 180 234 304 193 249 148 114
50 43 309 33 279 279 12 13 118 78
79 67 275 309 18 61 163 281 220 99
9 10 138 149 126 120 160 164 130 183
10000000 10000000 10000000 10000000 10000000 10000000 10000000 10000000 10000000 10000000
144 11 250 241 75 51 216 317 105 112
288 192 136 33 14 266 277 33 49 298
300 155 76 52 28 304 267 166 104 248
112 175 112 224 299 23 167 136 176 178
180 110 11 315 200 153 177 174 239 230
227 137 187 141 251 288 235 230 256 157
145 36 109 178 317 132 83 227 164 109
229 63 199 237 8 243 164 98 176 286
31 180 153 168 16 310 223 265 20 238
45 271 17 109 265 226 178 311 128 314
153 170 297 312 268 241 38 116 140 41
114 67 68 250 87 293 277 38 67 189
318 291 156 37 300 73 233 307 298 67
209 71 168 15 58 143 223 212 33 202
26 238 295 54 113 234 133 157 30 56
216 116 171 154 245 175 204 172 106 234
309 149 162 173 282 241 216 75 77 274
180 124 156 243 291 110 245 200 42 80
162 306 86 319 255 108 187 295 283 81
308 10 97 69 174 139 284 267 93 78
274 279 225 43 277 265 254 273 234 239
198 270 187 114 157 53 98 18 10 104
104 297 313 181 308 27 113 238 39 66
199 145 54 187 8 58 150 220 46 192
261 25 180 147 264 178 9 121 177 287
225 276 113 204 40 207 177 76 212 177
188 209 50 204 186 273 200 99 280 220
248 104 300 261 118 104 205 280 61 181
275 95 42 59 117 48 193 167 264 82
253 248 302 287 40 172 27 29 225 172
190 109 116 162 96 109 7 282 18 86
47 185 203 272 136 105 106 42 301 126
69 228 131 256 69 283 226 238 24 10
11 11 279 320 110 17 120 247 318 75
233 230 230 190 38 230 136 155 210 313
263 238 53 69 266 160 237 47 48 92
136 152 176 218 103 277 209 28 202 51
245 167 7 62 41 138 207 75 252 266
16 59 46 195 148 155 80 67 164 173
155 308 103 76 215 313 50 288 125 319
169 109 273 73 230 142 30 122 221 43
244 220 259 166 253 73 29 268 263 154
121 241 205 133 300 311 307 310 86 294
48 284 170 62 283 90 43 199 107 116
90 191 300 266 55 277 28 310 221 43
265 115 317 64 137 318 60 318 21 225
277 66 37 268 320 304 55 88 178 208
310 40 149 300 242 139 195 104 125 78
226 40 79 203 231 94 179 290 195 197
185 184 280 137 188 119 157 171 167 45
99 108 112 19 54 89 228 82 48 191
255 213 84 102 183 48 251 102 246 171
299 195 107 294 146 45 154 171 213 243
228 301 201 289 14 16 297 178 28 25
45 267 129 99 80 155 209 315 216 58
221 151 55 121 214 207 154 167 28 293
104 98 175 280 128 130 90 131 71 206
308 54 273 101 243 97 159 163 316 110
26 62 51 148 36 119 181 299 312 162
170 13 22 253 222 263 156 242 222 171
24 143 23 96 312 313 77 134 120 27
182 247 35 314 229 264 174 23 168 85
21 154 58 269 258 122 124 198 154 292
73 184 18 290 214 172 243 160 150 218
20 113 44 198 163 35 151 20 271 146
46 285 183 129 142 233 69 185 184 18
37 133 251 187 58 164 105 37 264 144
49 228 145 159 146 205 186 190 93 70
21 312 306 154 68 113 117 44 251 27
30 220 187 235 152 252 93 250 57 17
71 83 70 307 165 81 49 129 29 44
253 309 145 28 20 182 139 55 267 134
131 289 112 121 35 109 71 271 194 168
197 224 195 314 108 122 30 214 303 123
238 78 38 159 267 7 141 77 71 66
221 263 169 58 214 215 268 117 294 85
162 85 138 115 313 139 46 52 248 232
201 62 188 297 308 295 163 274 273 66
185 104 20 57 229 209 233 152 11 223
169 157 105 32 143 149 244 126 250 133
151 211 84 243 125 277 238 303 253 149
159 185 207 89 187 178 63 70 149 108
100 249 246 112 6 187 170 236 35 17
163 259 22 154 190 181 150 40 125 243
142 216 87 146 20 73 178 131 187 114
316 101 191 219 159 183 220 162 256 156
25 134 270 11 6 161 250 80 237 256
254 292 13 180 305 63 129 212 309 209
115 235 87 53 269 130 132 257 222 202
314 53 183 67 104 182 75 225 41 248
