10000000 10000000 10000000 10000000 10000000 10000000 10000000 10000000 10000000 10000000
345 1236 925 1108 555 411 1555 624 124 351
522 631 648 806 889 1079 1611 540 777 1627
1693 1785 576 705 1766 706 1132 744 45 414
1052 927 1045 253 1693 195 1048 1779 28 379
971 863 1066 716 715 647 1448 122 711 1284
639 1715 389 279 194 144 1599 425 1726 194
1507 53 1070 214 215 967 1120 1766 1467 1242
1001 1274 94 1398 1209 965 1195 1244 716 622
1407 406 662 353 1730 796 44 1350 1166 499
605 756 304 1353 425 1812 371 274 370 534
55 1253 155 732 305 845 557 220 1483 622
1193 1701 1690 909 28 207 1466 1414 1450 844
86 1505 565 270 706 1316 865 1166 991 102
697 1771 760 1185 779 1099 746 447 1050 767
560 39 327 1051 416 578 646 364 1710 1609
391 1130 573 1142 868 961 99 1387 1832 310
1357 411 710 327 492 228 451 399 1731 792
142 1379 1013 891 1348 73 363 1376 1655 707
1573 391 1674 324 227 585 739 1687 840 838
1381 983 405 1380 775 587 1169 366 957 770
1012 1082 206 452 1218 1692 26 622 1383 644
1634 1271 354 469 878 825 1817 737 385 774
428 809 729 126 673 1624 761 1162 1057 1592
858 746 1725 648 1148 763 996 539 663 267
190 1096 124 418 830 1772 1657 1022 756 278
1498 443 466 652 1147 1465 1314 879 62 345
1034 1828 1544 1764 334 1033 427 392 615 265
991 649 1220 151 1728 993 262 101 656 1794
1233 286 245 788 1244 1786 108 1113 1310 1092
1300 435 1016 361 817 798 672 1207 1377 132
174 1181 150 1660 1751 1009 1007 1050 1313 1360
513 602 93 1736 613 1223 299 937 1312 406
31 333 1290 685 356 1340 186 1534 573 1648
804 729 1141 156 799 468 882 1765 1762 451
74 1109 1248 432 1290 555 250 247 1527 214
1432 1343 813 1680 925 1022 582 1781 437 23
614 894 1213 560 848 177 224 1369 1153 1267
1236 895 1686 819 305 842 63 741 1650 1432
693 1263 285 1489 1511 698 1518 219 430 720
309 1243 246 1537 329 1712 288 203 562 1174
672 835 1666 1268 1343 257 468 1334 247 1479
1013 1556 839 1115 1120 178 68 1243 883 1476
1811 539 1325 1223 705 31 626 702 1710 1284
418 316 951 264 1292 993 1428 895 882 1792
298 1621 894 1170 569 275 850 657 691 408
1205 214 638 203 115 1710 423 28 873 1192
815 1613 691 1088 1512 1711 798 638 1019 595
337 233 923 538 788 838 1076 1636 908 1424
534 1348 45 1488 1009 1226 111 219 1804 1131
1248 316 314 1239 991 1068 1638 83 1083 1328
460 690 207 1756 1513 619 269 750 80 1514
973 768 1065 1803 1599 405 425 961 1257 1458
10000000 10000000 10000000 10000000 10000000 10000000 10000000 10000000 10000000 10000000
956 1027 738 1485 1613 674 749 551 1403 1080
1816 852 1516 616 361 1694 1316 1027 1063 329
1593 1162 1790 1694 1696 722 307 1480 1385 1052
726 1101 1209 1243 42 1762 337 1085 990 515
1761 633 1152 170 552 1607 230 1393 588 257
905 846 1092 1372 1753 1418 1439 489 292 526
1687 593 1014 1382 168 668 996 1259 1460 1324
1371 1554 1475 926 856 1044 1583 1295 1456 1326
359 437 1346 1135 1527 1703 691 1335 1023 673
1573 1800 724 1116 1435 817 1305 816 1115 1034
895 1137 700 1689 33 1599 400 1336 834 1743
758 516 1821 1355 422 738 1702 262 1233 106
381 629 1027 454 700 1787 786 309 205 919
894 584 245 344 689 883 1817 1181 776 145
483 202 534 696 846 519 1200 585 1617 1503
132 1728 261 1732 622 1065 741 499 245 856
1205 1627 1482 1397 1390 1694 661 1011 181 498
426 577 1762 702 297 1505 1589 198 240 405
185 1560 858 1729 281 715 1619 1153 1649 911
1648 1790 289 1160 1527 557 1758 1781 345 544
1776 40 788 650 1786 1656 1693 842 887 539
1189 61 1503 1405 912 1442 327 523 1307 1466
1820 409 496 347 1216 906 1375 470 256 611
371 1549 957 254 307 22 160 727 1057 1384
1258 442 420 1759 1609 1119 1673 1473 1570 526
925 1768 901 564 893 906 372 1148 1629 1464
288 606 460 1063 1520 1464 1774 707 1251 1379
292 44 1612 1202 248 1446 1662 665 1229 564
696 1331 1280 708 360 779 405 735 140 25
182 612 1830 310 21 788 624 1393 1519 1407
1708 581 1579 630 264 793 1493 1082 1594 1098
624 1277 1518 363 602 564 828 136 23 794
664 569 1484 193 1197 1447 430 373 211 1354
1417 768 1490 370 528 298 910 1284 26 1520
53 389 382 457 1098 1450 508 751 432 609
823 1540 748 305 308 1485 1256 585 1120 962
1165 949 474 465 972 1255 136 529 717 523
1647 622 725 798 750 927 1394 48 432 1571
54 687 1304 1750 1518 1345 810 224 1533 865
886 64 919 872 233 463 774 1781 1673 921
1686 752 734 1636 162 734 1008 1156 510 768
171 1285 1182 383 1154 911 1367 1363 1318 1793
1219 82 80 1365 1292 849 1066 1608 673 301
365 293 1736 335 311 292 264 716 891 553
371 726 499 197 451 1414 1570 1191 257 902
1116 632 650 710 1707 541 1047 734 1315 386
1022 139 179 426 1364 928 1760 572 849 207
1524 1031 755 559 491 801 1393 966 712 1492
194 1424 752 289 1200 289 1011 1138 73 748
428 952 401 533 849 983 1497 469 225 1746
309 179 884 1046 254 121 1153 179 324 121
897 1799 1302 240 1449 656 535 1162 617 115
10000000 10000000 10000000 10000000 10000000 10000000 10000000 10000000 10000000 10000000
1406 1170 1074 649 1734 871 658 259 35 1390
279 705 1569 581 399 1356 1333 1159 1410 468
104 1786 142 1104 843 1283 1538 439 787 1336
1087 1329 767 1217 1069 1095 854 277 1108 330
1217 1029 641 419 32 941 164 443 892 876
1647 1622 1264 1025 781 1449 734 278 810 28
1366 332 542 883 992 487 1371 31 1456 522
131 776 1420 1126 1550 860 366 1609 308 985
1025 1060 1469 1617 641 1071 1419 998 1390 116
1778 717 1410 102 1084 187 27 1232 1811 51
564 1242 460 381 286 928 856 1727 997 1098
813 398 1733 450 374 831 1546 1255 161 556
225 157 1823 1016 889 216 850 112 1497 1215
373 832 112 1149 61 192 822 1045 1004 1466
379 483 1148 734 721 1270 1242 1149 956 1458
1540 322 84 546 1241 79 1572 1802 666 1360
765 1668 1328 839 877 1496 1605 938 1815 665
624 344 1774 1469 1126 978 1772 51 1014 64
603 751 605 1017 696 1816 1789 1594 1006 1792
1641 1801 760 355 134 1720 750 499 1093 636
749 717 1234 536 1028 1755 889 162 1161 1432
279 1590 1073 1786 674 444 1816 692 1655 656
771 431 277 1525 142 187 643 256 1579 770
912 684 321 431 1105 306 1254 1613 1234 96
1269 922 532 955 391 905 386 608 474 186
101 1110 417 1102 1323 269 608 1122 832 723
39 1384 23 507 1162 621 1479 436 52 1229
1112 635 230 1216 1637 611 1542 605 1163 1738
1088 1542 1348 1270 158 1627 775 1694 589 215
1607 1212 1703 389 857 346 1198 680 272 1013
964 377 527 1455 388 700 1373 648 299 698
1816 1796 977 1338 1034 1691 1570 228 128 1579
644 910 1686 832 308 1727 1047 1245 380 1078
325 335 398 547 1218 1323 854 484 1608 150
1569 1695 1469 1787 362 456 1751 648 273 259
267 690 1594 357 34 896 813 1290 227 1724
971 29 1680 222 1646 1474 1264 553 1701 992
1227 612 634 572 539 622 387 1399 631 1322
643 689 228 1302 424 1102 1227 1709 1527 1538
1006 148 732 1105 313 414 1557 1800 164 970
349 1284 658 428 1539 937 1581 1129 215 897
462 508 1364 103 695 740 1484 1526 759 152
1672 667 26 1040 190 1368 1449 1419 374 1575
219 439 1739 1390 849 1751 518 1661 717 1414
1492 1576 926 732 1356 688 1383 156 1678 1607
1291 1350 734 1678 367 1164 452 586 575 1807
1474 579 521 694 1027 1786 1426 789 989 305
619 313 1398 1803 340 1397 297 1516 290 440
783 1822 638 317 67 1498 1818 1283 1404 1400
1259 1418 413 135 1517 934 274 1064 1740 696
1387 1675 407 598 572 868 829 450 50 170
1823 1596 1639 729 1290 1156 1296 452 359 676
10000000 10000000 10000000 10000000 10000000 10000000 10000000 10000000 10000000 10000000
661 141 1045 67 635 993 613 1748 883 1706
971 722 187 281 653 460 1711 1802 714 1031
1413 1798 649 1117 817 1695 1274 49 1677 865
1390 829 1402 408 1602 1490 209 79 189 184
1549 1005 1592 623 646 1547 543 580 586 1703
1820 1765 888 673 1031 1160 1557 860 974 826
1226 834 1323 1654 374 1393 304 951 379 503
227 1637 1038 1604 1639 1113 1686 238 1550 1142
736 461 137 1076 1042 899 257 1130 1277 1050
982 1309 1001 1370 254 1628 850 1793 1559 763
482 1626 1201 730 680 1567 897 200 253 306
831 852 851 706 1536 1732 170 1805 1823 1044
1701 71 713 1502 750 50 1497 945 1814 72
1185 24 559 1203 1680 1337 659 860 391 1734
501 119 156 1104 163 812 500 1637 110 1645
1422 498 242 1026 118 1242 242 1732 1149 1039
1428 977 422 1114 340 869 148 215 159 270
1562 987 244 222 1774 170 984 1262 1407 1158
1155 941 1032 1090 1218 366 645 415 387 1772
58 1626 802 748 1187 706 1493 841 1483 963
949 1002 1508 1405 1275 992 1562 173 1538 1597
767 1398 952 438 1410 1167 609 1429 520 272
1534 1411 728 1387 1827 566 1610 1111 49 347
507 670 646 232 880 1735 404 1251 1770 126
868 100 713 1395 1122 1690 1313 1691 1141 375
1591 486 759 1657 129 26 968 1710 799 689
1707 746 576 849 627 817 735 1757 1350 1049
988 1015 422 1434 1495 451 817 419 864 441
1433 798 34 1498 26 1794 815 671 852 901
875 1261 655 1323 1509 59 1419 1348 1097 1484
1499 983 1042 455 846 470 906 720 1465 1463
378 1049 1008 239 893 144 466 298 1579 441
910 1132 818 698 1648 213 436 1059 1313 1770
592 1200 597 454 699 241 23 1814 171 240
65 1488 1009 1211 349 352 1546 1162 915 1076
1092 1423 914 279 751 1584 323 506 833 1272
178 1300 472 1184 1623 1359 1123 1581 856 530
439 1303 621 1345 929 1262 245 1493 223 158
1102 321 300 71 309 64 646 881 1524 365
1038 1594 1184 1608 700 915 208 940 932 1732
156 1565 1712 39 592 833 618 1436 1204 1772
1107 557 820 376 1598 801 1314 1127 741 940
749 1518 46 367 99 822 1113 815 1720 1676
1116 292 1395 1314 307 1353 787 1070 647 985
906 1418 1699 797 468 1272 1629 1478 321 521
1736 197 1674 1379 1787 1761 1277 1548 913 1089
1081 274 705 491 1830 624 580 108 761 693
1156 75 693 1505 359 957 1574 1350 1820 1773
861 649 831 286 1486 1287 967 642 410 992
836 683 457 270 164 1464 1013 92 325 1684
1174 1386 661 1599 1604 245 779 66 1418 963
233 1393 1491 1437 1755 54 549 1242 1317 320
10000000 10000000 10000000 10000000 10000000 10000000 10000000 10000000 10000000 10000000
1285 246 1334 672 1449 587 1742 177 1027 1395
1528 118 1451 1125 1559 636 1770 1181 753 299
1712 1341 651 444 1420 1229 729 52 1161 723
1800 748 487 595 200 603 164 1047 281 1025
1384 1784 1148 745 329 467 1093 310 1677 72
127 1005 85 996 1381 408 1439 93 356 140
1280 547 1138 488 1270 1665 1005 660 1556 506
358 1509 794 880 1074 811 1682 82 1556 1337
1008 395 464 1099 214 300 1115 711 1721 767
1604 1040 476 1366 1364 1434 1647 1722 858 63
1782 1387 1235 243 486 585 1722 634 1461 574
1704 1693 206 1279 456 1060 219 1621 344 1108
1106 213 1466 69 767 959 1296 433 954 931
1083 910 446 795 237 1569 1228 382 1079 494
1235 1750 914 251 1648 1540 1822 260 583 128
1703 1755 955 1335 1717 992 1762 397 691 566
405 629 1472 45 1219 430 402 786 517 930
1685 503 160 302 953 1381 1378 837 1071 962
1321 1620 1757 1238 1719 416 1369 1152 1428 962
1214 756 754 1784 1598 1689 521 318 856 241
1700 242 1487 708 1483 1138 1458 1252 1702 1234
343 115 966 1238 664 1811 1390 1093 361 774
1530 1520 547 1433 1530 1557 1083 789 213 1534
1642 534 764 1250 620 1419 1630 929 1641 1294
749 1190 1722 1449 141 558 888 718 409 1176
276 525 1230 1130 922 1035 719 1059 1134 1770
1353 483 357 1232 959 800 350 424 1093 1785
1614 1658 442 998 1732 1685 658 1742 735 1098
894 279 1370 394 511 415 49 520 1167 491
43 429 432 1157 1381 415 643 1240 1704 1798
301 416 396 645 453 426 1314 1719 580 1820
148 845 1466 1744 307 641 822 526 1142 568
654 1532 1789 1147 888 1667 1617 96 1085 1715
1101 1326 248 795 681 1728 426 880 1232 649
344 655 1714 658 1021 567 1530 1736 1436 814
713 175 319 140 926 225 116 1338 583 1003
155 665 1205 229 814 731 956 1170 1800 1560
1537 245 415 1417 238 1350 1648 1558 609 947
1430 1828 857 1796 1694 786 1279 235 965 563
1564 328 687 807 403 1297 914 720 1764 113
679 481 1616 720 505 752 1657 1065 1672 80
978 598 621 1518 1197 1360 177 688 477 499
578 553 1674 1249 503 195 1737 337 1538 1634
1705 1676 887 1473 73 446 1595 933 1230 1414
228 1480 544 134 443 56 84 913 715 1048
189 478 1612 1573 310 570 897 682 1071 391
849 829 621 1058 904 886 801 1768 620 907
1351 1264 450 810 297 1702 1234 572 1533 562
1819 487 435 923 1350 1370 1303 913 992 325
1668 39 1106 545 1716 121 106 1569 1456 1185
537 809 836 1787 393 1587 1438 1737 994 1022
432 95 1016 193 215 310 887 675 1277 1029
10000000 10000000 10000000 10000000 10000000 10000000 10000000 10000000 10000000 10000000
348 227 245 1257 1735 995 224 684 864 918
1509 898 1748 1127 863 773 1445 1708 152 1646
238 90 462 927 31 487 1677 1036 1738 1815
1604 880 958 1409 419 1631 979 330 303 1479
1130 1295 1123 1441 928 1803 1104 384 850 1286
559 27 271 770 320 995 1773 422 1136 1534
1297 545 1298 695 1200 117 1007 1155 1566 435
1270 1341 1492 456 488 441 193 1269 1778 1831
888 1272 280 902 52 527 512 972 845 1602
1606 21 751 485 1389 1434 439 191 914 795
542 1646 245 843 1809 1146 1039 1160 1682 1564
61 1367 1369 514 343 1014 1661 691 375 744
1479 1494 1107 654 364 1246 321 879 803 1416
1160 1323 1188 810 1164 1004 1068 740 600 560
791 186 1234 453 883 356 829 363 409 173
58 933 238 408 1814 1048 231 381 1762 314
751 696 505 1793 1239 1802 745 254 1010 586
1809 1485 1725 107 1467 325 366 1760 1072 888
620 1500 1349 1598 840 689 466 619 960 1014
1207 941 1358 544 56 1494 476 610 452 1749
347 472 994 1027 103 156 652 1213 858 930
426 612 1283 1401 566 249 32 649 699 1740
1497 1454 1540 797 997 83 1443 1607 671 1484
523 557 1416 214 996 1435 682 804 72 1381
1358 41 1130 1182 428 302 1551 457 1279 1171
358 1370 910 1270 221 900 267 143 1400 1669
1409 1093 1430 1321 289 1145 1229 1620 1073 381
174 325 1005 945 683 897 761 598 683 1771
1459 1690 1241 176 911 512 1506 1752 1085 1209
1026 406 1819 293 1260 688 849 1825 673 905
1209 895 1369 836 93 588 339 872 296 1250
1788 166 412 803 1039 217 661 23 1074 619
1234 1227 606 330 559 1411 503 100 780 649
1804 1662 315 101 799 833 1486 1427 446 1159
1287 1485 1499 353 1389 881 1452 485 1556 404
1727 1371 1425 1175 1715 540 1312 1496 789 1303
1276 945 1022 573 440 560 1065 1652 1546 141
1278 818 775 939 1831 1113 783 919 681 1065
890 972 1446 531 1436 755 1375 203 1722 768
525 764 1433 1111 1097 724 33 1554 317 240
304 469 1392 1378 1532 1727 758 868 192 1063
723 1811 1227 545 1777 761 1236 1342 89 865
912 931 267 655 1236 1626 655 1803 636 1319
495 458 1593 417 1441 1290 1467 1624 277 1105
918 359 180 965 1079 57 855 816 950 1270
1239 434 1503 846 469 1042 1155 1698 1323 213
1271 509 819 1631 757 516 27 579 1183 654
852 514 561 1742 880 1738 608 351 1669 1235
1607 1294 816 1789 284 582 810 1031 274 618
889 855 1772 938 81 156 1364 419 330 1031
249 340 1087 1069 71 1547 1201 211 371 1791
1196 1584 570 579 875 960 1629 577 1198 929
10000000 10000000 10000000 10000000 10000000 10000000 10000000 10000000 10000000 10000000
1331 1390 284 744 1025 956 324 1309 558 52
930 487 1511 911 51 165 468 276 1525 1171
433 188 361 222 1077 491 509 593 1526 543
1169 1609 508 225 1655 1647 1497 944 1783 471
1490 949 909 776 265 96 674 320 763 949
1363 556 886 231 790 141 1267 65 668 108
43 228 512 810 1175 79 674 701 99 1450
585 875 1702 928 161 1426 1177 1737 83 1045
1260 821 1164 1560 605 240 1511 364 1652 499
876 757 973 1562 1573 837 1308 1270 504 544
457 678 601 936 1406 863 368 1118 207 467
1191 118 1721 571 259 440 983 540 318 445
380 439 1450 915 472 789 563 233 150 886
1564 265 843 1038 85 1693 797 112 726 637
154 903 927 1298 691 901 1053 1436 1035 715
751 1279 1499 113 997 1091 808 1031 1023 869
286 850 1005 964 755 54 713 857 126 369
1050 1085 562 1325 554 221 1366 648 464 1146
1436 1781 1191 1786 140 1571 1651 368 475 752
520 1074 334 1665 1373 317 107 1783 968 1431
276 1623 1719 682 1723 137 226 1530 492 1684
290 407 1383 1564 1415 244 1294 424 1155 1243
324 278 61 1316 739 635 1166 1831 977 1655
1116 301 1566 1367 700 946 1673 1601 747 1041
929 29 465 1799 1433 1401 1587 324 622 286
404 1105 203 81 1034 1518 1009 1043 1001 1710
500 1350 194 116 1324 1195 129 769 1459 1820
1820 1304 887 413 383 669 1048 1731 1792 283
1027 1735 141 1330 701 616 1189 883 132 206
733 1003 131 1391 843 95 528 323 303 1113
680 1052 467 105 407 1429 1704 85 779 1714
885 1794 194 1043 229 843 624 1687 596 693
428 995 210 184 1419 513 1815 567 1543 254
322 496 683 839 987 1157 1102 746 1157 1503
1292 24 1518 387 1559 1232 483 371 1583 739
642 1247 245 740 542 1008 1621 1636 634 1275
43 1654 996 540 58 364 1032 1382 734 323
671 51 1131 383 821 1778 1700 420 33 966
302 1473 56 1490 232 326 1167 485 435 1002
964 1812 1268 1651 715 347 130 1323 904 1554
1091 303 1265 394 187 966 1415 325 306 1333
1566 218 318 1587 1598 1091 470 670 95 582
1324 1777 1381 1006 301 1725 1116 1511 452 1673
894 397 504 155 997 407 552 1676 1572 924
569 1241 319 186 852 114 1217 1467 908 893
1274 1176 1368 1501 1813 1151 829 1473 90 1222
438 379 730 1564 1716 65 1724 156 1185 1062
1268 1092 260 1192 67 597 1028 1402 949 1535
32 1168 1461 569 628 1422 1631 1461 909 1178
734 775 1643 70 646 892 595 898 779 208
1181 1304 1312 1205 1579 135 1669 161 916 816
719 1009 120 1096 223 1522 1655 186 1041 649
10000000 10000000 10000000 10000000 10000000 10000000 10000000 10000000 10000000 10000000
1530 1156 1142 940 953 787 1224 199 487 895
1362 1126 188 53 1689 1034 318 1146 1638 1637
1318 31 912 252 1393 1651 1095 707 1116 1795
280 1025 1079 1061 1387 856 1641 625 1310 272
1623 102 1058 1003 1698 539 386 290 1662 1142
886 762 1454 1391 984 634 986 388 1548 1821
1559 1664 1165 922 640 1206 917 867 876 1740
643 681 1269 535 1589 1099 1597 110 1111 1590
1004 668 1808 107 953 1050 1467 1417 1753 1495
1690 1408 1526 1603 1501 1572 1086 1771 1220 1691
752 1753 1655 753 1492 656 1725 1674 1729 962
1189 1410 292 304 1831 651 841 340 361 445
1351 778 228 1001 1345 376 1329 1161 1518 1278
264 717 751 736 265 1586 1821 1383 240 1122
1747 921 1669 479 297 1668 922 1474 1733 539
1278 1104 1666 1438 1483 1721 99 1002 723 954
1052 1785 21 848 1422 1779 1255 52 747 1213
1507 329 1362 1415 1728 437 420 170 962 24
1250 1575 1083 161 1657 1205 1818 1438 31 1429
1829 1096 234 1459 1420 716 693 243 302 1038
294 1508 41 1703 492 756 1304 1232 893 622
1498 574 1215 78 481 1447 405 1253 336 1504
429 1463 990 1814 806 211 423 1757 1669 516
1430 341 836 1440 1493 1673 335 881 178 839
1686 1160 202 1147 185 1011 1550 182 1698 1021
726 989 1091 740 624 830 534 1583 606 232
1647 902 1332 195 422 521 346 1555 1188 404
220 122 1533 418 162 521 548 416 413 205
1338 1813 1529 314 1287 297 1112 1504 1364 761
827 1723 1728 58 338 1443 24 1386 782 1409
469 797 397 92 485 726 1817 492 1337 891
1107 1121 1069 1647 58 1398 95 878 1378 396
1231 164 46 190 448 1172 1195 1345 127 372
114 948 1799 1470 174 290 1187 1046 657 1605
331 1205 1638 792 1723 1327 1460 258 1490 1772
1586 366 1173 1195 940 815 1776 1281 1244 958
1731 982 1476 1187 453 198 1339 274 799 1687
262 1514 953 833 297 1203 117 1053 1632 1039
1606 691 621 332 858 201 496 1586 226 1166
325 1552 291 1506 1420 115 829 1120 744 1225
265 1471 570 166 1224 1314 1251 583 424 937
1003 1232 1212 599 675 1132 1562 348 90 459
1358 1315 1147 1340 983 1718 386 1611 862 762
1062 1763 1605 1019 1152 1695 510 1221 470 889
1681 613 1715 706 285 1821 1699 935 289 479
629 67 1428 1424 206 1678 1512 1399 206 625
336 1692 41 176 372 824 289 261 714 1407
1019 1643 140 1605 707 426 849 588 1059 507
374 1119 895 1699 699 542 879 940 920 1338
557 1412 367 1523 1489 566 644 1089 1230 1368
44 1031 1601 73 1256 1012 1066 480 1500 1326
408 1287 499 1024 1027 491 1588 1354 1663 82
10000000 10000000 10000000 10000000 10000000 10000000 10000000 10000000 10000000 10000000
1474 1542 42 1656 1537 1712 1157 101 120 1195
654 1814 642 565 844 1155 1712 461 717 970
1152 581 25 1824 324 1327 307 380 435 428
53 321 1362 223 1071 1809 662 1462 177 1811
1313 392 922 929 211 1146 58 77 199 1050
1134 1282 880 190 240 195 1063 188 1264 505
1163 1559 328 1019 494 866 1181 1179 887 644
1033 981 521 976 143 1502 275 866 168 1337
1108 938 863 1013 907 1497 84 1780 1121 245
728 532 1744 1736 117 1408 205 122 1574 284
288 1741 1182 885 945 1052 1159 1626 1543 1108
1440 1118 1081 358 702 1232 1194 429 675 1419
1588 1060 1270 1210 1395 1642 641 646 1735 1288
1435 314 217 1325 230 1470 988 1277 685 1007
1561 1070 667 1157 1197 1688 399 1788 905 1513
1129 1325 380 1110 849 1513 582 1307 337 306
1819 998 378 1635 1064 472 1723 633 496 1399
1822 809 1238 687 613 24 467 406 1245 991
168 1522 474 768 1079 1156 1791 1180 1259 145
254 1084 1729 1213 395 521 88 1797 599 1514
22 465 1317 1588 1674 1624 561 396 1088 126
1684 924 796 682 628 527 405 292 914 895
1388 512 637 1476 863 1597 1453 1226 1127 292
770 1333 429 1545 279 273 265 721 1372 1264
1326 527 552 961 1503 1488 324 871 1719 1667
1025 1664 194 1227 536 844 512 788 1531 801
868 1529 137 1281 1170 1483 1261 877 308 1704
662 1039 1365 600 481 1605 877 674 895 1675
1653 761 1788 147 187 61 280 1032 369 980
338 171 1182 465 1753 1756 607 1116 1721 424
1657 843 1236 741 1249 907 470 403 1175 364
227 1309 1433 894 773 114 1762 624 1555 687
407 79 170 1327 159 1645 811 1452 113 671
166 810 649 1139 944 341 540 1680 1309 662
292 1238 517 479 922 1298 1529 1342 1046 1215
1391 937 1274 462 1083 1012 766 1003 384 467
1002 758 477 1075 1558 1357 374 595 547 1737
919 1207 1477 834 1453 61 21 1399 1085 1546
1815 633 1017 1755 1606 1787 1733 335 1165 1804
168 839 740 1684 1615 875 233 130 787 515
434 196 676 1501 1558 1766 1747 1707 1047 537
1264 1485 566 1475 1686 646 1126 1407 1738 690
968 493 1571 641 714 926 1623 878 81 1220
446 1829 748 1690 276 257 644 1814 269 460
1578 1155 1784 653 110 151 1277 918 1466 1529
829 54 1370 1403 150 1832 1210 1784 505 1372
973 1170 149 1252 1140 756 1429 846 449 436
745 518 279 1279 1595 423 1105 1611 915 1178
883 1178 745 1460 363 662 907 1729 1657 1293
552 1033 1769 1570 424 1432 1103 1050 221 1319
1747 269 922 1656 1043 1824 334 401 922 540
555 1128 1806 758 1066 1072 1617 897 35 242
10000000 10000000 10000000 10000000 10000000 10000000 10000000 10000000 10000000 10000000
384 1821 1154 1691 28 1343 627 1343 373 992
176 1746 1574 973 1103 245 1026 224 1348 1512
1715 1471 660 1417 127 1096 527 1797 1279 1638
1805 408 1450 1621 434 1095 741 1023 1794 1105
1605 1007 116 839 1262 703 904 78 1058 1272
1324 25 730 1048 799 958 583 52 1255 1814
158 612 999 282 1283 850 260 512 628 489
402 1324 797 257 209 1615 654 1214 621 241
776 1512 758 66 1175 883 1818 860 793 1443
977 1514 665 197 578 804 353 1026 477 1504
1240 651 1100 83 241 477 1725 328 1235 1118
1165 467 1049 800 825 438 684 260 528 799
1545 446 1618 1186 912 493 686 802 294 183
1264 1514 1283 29 1571 225 720 397 795 1510
516 197 296 427 1298 316 99 465 81 582
557 1364 1131 130 1037 1208 901 420 618 1197
752 1165 1045 1264 591 1082 1427 1460 1784 1391
1605 940 823 1181 231 1780 838 591 1414 929
217 393 1107 323 40 1104 1632 1508 789 501
474 693 384 1462 295 1783 1143 327 138 1273
813 336 1188 1700 190 1740 209 1547 1476 809
813 552 314 159 233 922 225 527 253 93
1343 1589 1001 1419 1578 299 376 436 992 907
838 1413 1185 1236 1364 868 153 1012 821 1075
1164 1290 1262 454 715 1458 154 997 1240 1294
771 220 1677 27 380 1636 1268 1555 1744 1099
663 1749 1734 810 586 51 278 254 1768 1266
1823 147 549 802 1093 1472 141 945 930 1499
542 1338 842 311 1334 123 1260 614 1324 1631
534 472 1656 1274 250 1661 104 1314 280 1156
1714 341 1450 536 134 1182 1297 1176 909 62
1702 1482 371 1496 380 1428 1247 630 679 752
811 1037 1094 926 245 1078 1209 686 971 594
560 890 653 1710 860 311 1180 735 1673 355
268 386 39 113 1811 1453 993 315 383 1089
898 234 754 897 46 1730 350 905 898 652
472 36 825 841 907 1493 1472 691 1716 1688
1600 1630 631 286 1534 1709 1693 92 912 969
77 1438 1293 1418 159 1225 351 669 536 928
898 965 244 42 214 1128 986 414 304 384
1730 633 325 1128 327 1532 1619 668 1794 252
162 859 1221 1300 313 1779 345 1790 155 1580
462 848 1809 106 1572 1633 283 1357 971 1691
1188 584 99 1557 361 238 383 1010 1768 737
22 1585 562 898 1331 681 1466 187 939 555
621 234 1098 234 301 873 111 887 436 334
689 988 605 655 808 1172 1298 388 1392 1320
162 1507 409 1153 827 611 1527 1312 1045 1188
614 149 138 1616 1595 900 1789 336 1635 1383
24 1493 1546 91 1006 1376 43 641 1357 1197
1087 685 1397 813 97 76 1500 898 1544 1134
939 197 497 1506 420 1720 1285 1428 1784 210
10000000 10000000 10000000 10000000 10000000 10000000 10000000 10000000 10000000 10000000
841 133 648 950 439 933 1602 1051 466 445
888 1380 733 368 1071 772 1433 304 1266 1313
1427 1204 1050 295 1046 336 1281 1738 744 1055
923 1117 1237 1816 247 562 1010 1575 1816 1304
248 292 1010 407 1380 470 1646 1387 1395 1789
441 1571 1805 1586 1039 547 255 803 239 846
1454 226 1498 1414 1096 617 977 1125 1334 1814
1049 1055 695 379 1335 1387 380 496 213 403
578 1777 140 1526 294 1170 235 453 1432 471
345 1770 850 1558 1492 1584 58 558 1187 1515
1316 1645 52 339 1645 1546 1489 1590 94 45
1310 1124 1182 806 187 478 1129 453 705 505
1525 943 135 23 1589 1303 915 290 574 154
881 1048 1216 269 915 633 888 883 593 439
586 1462 1249 1163 754 1498 663 271 605 875
1733 1024 1203 1008 1078 920 1480 1563 486 839
538 1409 801 577 303 903 1535 555 820 1054
544 1217 1461 326 178 1620 1600 921 681 968
1376 694 1295 1318 1707 720 345 942 979 1656
182 893 1494 1294 577 817 219 416 831 1787
1719 1822 1396 262 1628 93 504 153 1593 31
1626 347 632 1306 1311 977 825 1807 803 474
551 191 550 330 1551 1127 394 1383 751 1096
1212 1086 1586 1615 1694 1782 965 1363 203 1739
686 1146 1208 1610 665 1458 351 73 846 290
953 1009 1032 1632 1817 1608 1643 1460 377 72
502 459 504 1026 278 1110 1564 198 1710 1799
963 699 155 1402 1153 209 1402 673 1065 1136
619 1342 462 465 1500 1639 124 1551 397 971
411 889 1814 1433 73 456 1118 1827 113 1660
1758 1395 1814 1369 357 609 723 1545 679 366
761 242 1536 1797 723 53 667 266 155 321
972 425 57 1808 1197 522 909 1724 1425 698
1049 1818 701 1314 1694 869 599 922 1787 291
208 441 758 754 834 232 479 751 144 696
153 831 914 1289 1211 1206 712 1662 456 142
316 973 676 1459 335 562 1516 136 1500 1538
503 812 294 684 639 1110 138 1085 1689 445
865 525 1119 1795 978 300 789 1239 1708 388
1160 461 1746 1571 70 1083 226 1354 713 754
426 1563 1709 1243 1705 462 1817 541 1451 852
903 1746 762 136 290 1727 1702 244 676 696
489 922 209 1030 1615 1482 773 1376 111 1180
834 1123 1220 414 521 1595 592 1207 1396 35
460 573 1136 711 1761 1098 1576 803 1618 1537
1209 41 960 1708 1043 234 589 1653 841 1032
616 1409 1146 116 1237 1536 1201 1316 321 973
1075 1037 1275 1517 612 702 1186 724 295 1607
1231 315 582 1683 336 307 104 1254 774 968
247 1626 810 1699 1168 1515 398 1374 1512 117
1070 1526 152 450 541 573 343 334 968 1272
785 1000 471 728 1224 805 1740 629 1197 335
10000000 10000000 10000000 10000000 10000000 10000000 10000000 10000000 10000000 10000000
968 30 706 1324 242 1537 113 219 175 1021
966 1817 177 162 1634 1399 1648 800 1074 1414
1333 1479 484 102 341 1233 141 1273 258 515
371 41 507 1435 1429 455 811 1319 1732 1222
1206 1605 1058 1746 1814 970 1020 1535 1832 383
1134 1478 422 529 1399 500 335 632 112 409
646 504 1024 1013 887 841 560 420 51 439
36 186 143 823 862 443 1678 521 164 322
654 831 226 1375 1807 208 1642 1276 1463 743
1264 1628 1356 173 478 152 1717 1450 1108 1276
1115 906 712 612 1216 1262 1754 785 62 1489
652 272 1757 1098 1127 1000 343 1715 330 285
243 862 1016 276 1480 1668 25 675 962 1437
108 648 195 583 603 1561 1773 1635 1352 1158
1145 1771 1282 60 868 1194 250 931 1222 62
1054 1224 176 1589 366 1645 953 1770 1713 1545
987 836 1815 1362 1773 940 436 529 64 1071
932 529 1012 586 413 1036 289 48 1080 417
791 890 1219 1203 1309 111 980 550 902 1066
1564 414 792 1469 1093 1124 1433 1403 770 834
493 605 920 1785 60 296 866 1726 1557 1248
779 1600 1080 1155 401 691 1762 1200 495 1532
411 929 1662 1099 800 213 246 1049 1455 1273
580 103 1730 1549 83 1764 496 132 152 1369
605 1643 1062 722 1746 996 200 1253 1233 1137
1011 329 677 124 725 1088 825 1261 1192 837
411 737 256 1270 1723 917 612 1424 370 1119
1186 1345 921 1597 1619 916 1266 628 1184 1832
260 708 327 214 950 383 212 445 1240 1081
144 1178 918 291 189 478 256 907 223 778
1777 1603 343 573 1438 968 271 332 639 1227
1477 856 565 916 704 897 322 854 1228 867
37 926 489 1723 458 1426 1486 283 1079 317
116 1137 329 1093 1369 1047 965 1766 634 49
421 1295 1054 339 129 1005 1778 1538 687 180
1769 1109 842 978 1550 1219 26 483 893 604
542 1285 149 84 1425 813 652 624 1007 1507
1481 212 607 646 266 723 559 1820 933 1770
1074 1226 1264 1440 1327 391 1391 1184 59 1721
177 948 1704 1327 752 1109 298 775 1187 23
1288 529 1502 756 269 903 193 1796 1715 281
994 817 1660 1612 1215 226 157 1588 1624 573
406 1560 980 1214 300 1406 928 341 673 1071
1102 453 917 919 44 637 1207 1667 1356 362
1024 1437 1359 1800 1612 641 710 546 582 1709
1312 568 350 303 685 1364 21 1338 1480 1055
979 255 1018 1817 1256 1573 198 1236 1709 1446
1333 1271 1776 521 555 137 367 1375 202 1744
168 1768 1437 449 863 605 552 1355 378 1122
844 712 1503 1244 1622 105 310 812 1484 1479
449 1439 671 1224 1560 557 1478 398 873 1411
829 1015 1677 1793 209 528 46 482 428 1061
10000000 10000000 10000000 10000000 10000000 10000000 10000000 10000000 10000000 10000000
1775 1545 1412 1593 833 63 487 1013 911 184
1119 1705 1651 1754 912 1732 1566 1784 1721 220
72 1102 197 707 1764 315 1326 1013 594 1218
277 330 1018 1473 831 864 1666 365 564 1429
1684 1637 1004 444 552 1246 1610 947 781 1767
1610 767 940 1458 1760 459 1165 809 1821 1113
650 239 448 1451 1469 651 34 470 1571 182
1250 1160 1292 1479 253 466 649 900 1213 589
433 474 649 48 1657 739 807 515 1806 1777
620 1042 494 1509 1134 649 1158 1434 109 1039
665 1098 1315 378 389 735 1093 1319 1678 603
453 326 570 1611 90 1462 1643 801 1747 936
204 1131 408 1795 1811 479 1654 1674 246 260
114 888 1182 707 1782 493 1128 158 344 1664
543 123 1712 251 290 123 1330 1830 93 1004
1208 1333 1288 159 498 1002 135 395 1589 1645
279 1550 1531 674 612 1524 362 358 139 459
1820 61 1090 288 1352 532 520 916 1383 1402
250 1422 493 1008 585 1089 183 324 1621 579
553 868 704 1163 193 815 619 651 1427 1791
883 1424 926 94 518 1619 1099 354 171 1086
160 426 1285 813 828 1653 754 1352 477 717
1147 1121 347 216 1755 1215 1602 502 1372 1036
504 295 1734 1498 1467 1801 569 797 583 1680
985 1630 402 1059 827 1675 853 301 901 1366
888 356 1670 391 578 347 1438 1205 1521 890
271 1322 978 1797 1094 303 1573 41 1092 109
1356 1418 1781 96 1736 193 1256 497 656 1258
601 450 768 229 1164 642 1390 46 1479 956
232 635 1781 87 1336 1556 1686 1085 312 1500
457 74 619 753 1603 451 254 1564 1469 320
978 479 379 1350 1338 1353 787 915 1480 1424
1247 1569 187 104 410 1214 1293 1215 1377 702
1713 1712 1665 1157 829 902 789 78 1184 1597
313 1473 877 1335 282 291 90 1199 498 712
563 131 375 1025 320 1489 616 422 957 1493
1633 1656 792 613 186 474 78 414 500 446
1689 1022 231 741 1723 1736 1779 929 236 1505
1272 1554 1460 1579 1509 1077 767 1366 1707 887
849 1621 139 993 572 488 1418 668 175 346
216 1306 337 509 521 1018 1578 387 1238 237
1081 1641 180 623 453 1505 772 377 1161 1416
1363 1178 133 1575 675 1597 990 1515 373 94
1082 289 61 47 878 1780 1819 821 1123 1115
481 1735 1679 777 672 97 1778 1148 1043 1200
112 1625 719 797 1053 304 1145 1292 1755 251
1418 181 1348 825 263 73 1227 93 1183 193
1596 994 1555 1623 1071 1138 588 1582 1303 1457
1487 730 1652 503 1823 248 1036 1377 719 1011
1066 91 169 1202 1235 314 1460 1508 1396 468
849 1296 1426 718 1680 1614 1060 1088 1340 98
45 59 465 1816 1298 486 632 274 321 1557
10000000 10000000 10000000 10000000 10000000 10000000 10000000 10000000 10000000 10000000
880 229 1355 852 1165 1509 734 970 1650 582
112 830 637 961 756 859 1335 213 671 1208
1567 1748 817 692 1184 1434 50 123 727 33
302 50 462 372 1136 27 689 1503 92 987
1146 155 1570 1340 1004 449 667 38 1477 348
498 560 611 1218 528 804 1197 162 1237 1010
1040 1750 822 1482 1274 1177 1342 454 1259 1517
1739 482 238 691 1730 281 1723 1419 805 1501
1061 657 431 1483 1396 728 481 136 894 249
1277 1753 48 1424 1373 378 1768 1464 252 1190
1033 438 1157 1308 1255 282 195 427 234 1011
1715 553 1633 956 376 443 1371 301 1130 675
467 1608 1009 228 1554 1469 370 1022 349 1471
251 1637 1286 1164 1209 684 895 975 937 1768
1386 1685 1160 1478 1138 549 136 1389 1635 740
1293 65 222 1338 910 683 42 1018 33 457
1189 635 880 387 1140 1389 404 778 439 1497
660 974 1012 899 446 117 1763 1288 1692 1305
909 758 1446 44 162 306 871 867 273 1597
1761 100 364 699 163 1610 792 947 51 962
1338 402 1648 1081 1144 1177 500 1732 661 1454
673 1822 531 1033 167 468 1192 777 1300 1182
865 1356 1244 562 1357 1264 1381 71 1680 1295
419 179 1231 924 1134 281 410 678 1487 1043
240 1509 1251 213 1008 1056 1176 1048 200 361
1454 846 1607 322 474 1448 1584 1556 1673 336
296 262 1818 170 1515 315 1825 1236 1303 1770
308 1723 1783 387 1719 1734 1712 485 728 902
134 1607 1314 1638 1542 421 1385 670 29 494
1462 739 275 1715 520 925 1449 1102 1605 90
1240 1088 1650 428 250 1670 973 1709 1645 808
1633 1661 1108 973 1579 498 1114 1600 1261 1410
127 1763 1110 47 348 1056 848 1445 1484 1707
190 271 189 1022 606 1554 409 899 1812 720
925 1216 1301 951 682 94 1428 479 888 841
1672 1770 1640 336 242 237 747 726 1002 1615
242 340 1333 286 562 1246 1607 1302 1487 502
329 1728 450 1804 89 1200 1568 1661 1448 1351
1133 617 781 540 54 1664 229 1500 1801 1603
153 1624 1788 361 451 1271 1074 875 1631 258
1389 1207 1295 472 140 1749 1000 1592 31 676
545 670 626 543 1066 370 631 141 853 925
60 347 1791 837 1692 501 599 1136 1564 1676
44 1794 1800 329 1830 1567 897 410 313 1109
556 879 282 1025 1417 1740 1199 480 558 702
588 291 319 1741 261 629 1675 275 537 327
1168 1466 1600 1097 1619 343 752 312 106 1542
1650 162 271 780 683 1266 442 1056 1794 1701
92 482 1718 1390 240 950 1233 1446 108 1661
1397 458 1099 118 329 1600 821 991 527 288
651 1154 127 1331 517 398 226 648 1352 1072
400 714 1394 1454 446 77 256 667 1010 1649
10000000 10000000 10000000 10000000 10000000 10000000 10000000 10000000 10000000 10000000
269 1011 990 1504 953 1632 556 614 1207 1438
1225 763 1364 114 1220 40 1390 321 161 936
28 113 1195 547 1156 718 1179 630 772 222
1042 370 899 772 1581 1169 1063 891 1558 1585
555 1433 1447 1621 608 322 144 1589 1242 174
1667 63 1338 1503 1332 682 244 1286 483 802
435 1659 1461 561 317 950 1138 878 1276 976
1358 1528 1393 1690 509 1794 1499 1136 315 92
306 637 386 939 1525 893 1245 983 622 456
86 442 816 927 562 882 716 1421 788 81
37 197 297 205 810 708 507 368 1823 1260
630 820 730 107 1143 1435 1456 507 70 387
502 1334 1785 373 1133 1702 1482 304 129 500
1171 1433 1132 480 572 821 334 751 1800 1281
911 1264 43 1600 1622 882 50 326 1369 138
1651 309 802 134 495 868 1315 1286 1524 850
1534 917 741 800 311 1239 1765 876 290 600
861 591 1067 1686 1587 1578 1224 712 959 337
288 1472 1100 869 855 527 1341 1033 136 830
80 848 1193 833 1418 1102 1432 1126 725 599
1364 309 1281 48 128 1369 42 973 1409 1033
775 471 1568 32 1509 1507 1730 717 836 378
1021 1108 273 570 627 934 1339 1072 589 1757
1679 104 1441 1157 1106 452 1528 138 797 1282
81 1026 1072 747 146 827 1803 1778 445 1512
236 1305 660 1173 404 830 58 308 999 1415
1832 995 1555 840 456 496 514 57 1000 49
893 1731 1714 1735 878 572 1780 1578 1336 1524
983 1659 259 979 1240 1747 778 1438 1171 597
963 303 1253 719 134 681 1098 109 682 1659
1493 383 1569 1397 803 1027 1527 1424 1331 935
1801 1833 602 1735 868 1244 1665 1318 1133 1735
355 666 1315 518 680 1594 765 1301 354 961
356 345 514 1817 1729 1301 474 1282 506 390
215 34 1440 1716 28 299 231 743 1001 1417
735 754 902 56 223 681 202 421 95 636
415 1260 467 651 1052 627 1179 154 820 917
936 1511 1446 407 1794 1713 701 1147 841 1473
699 103 441 283 265 1416 546 789 1239 1828
1147 1475 1423 833 835 1603 535 341 592 267
698 22 1619 120 104 185 1566 577 1374 576
237 787 1609 917 475 1623 148 1121 507 582
1625 999 1674 31 1292 989 82 807 627 331
33 938 1626 838 1437 1268 1277 560 1460 51
1650 1697 1548 47 1120 625 1789 564 1590 1227
825 1586 1136 876 594 163 949 106 499 997
1076 349 269 465 496 1715 210 42 169 369
165 1022 898 285 1559 609 119 1154 484 810
371 524 1464 1808 242 364 750 1333 994 181
372 523 286 1408 1541 643 351 1290 1829 1476
938 750 1087 184 414 1477 531 259 1015 1661
1410 1204 1116 1146 202 203 1352 832 1748 527
