10000000 10000000 10000000 10000000 10000000
113 224 206 33 46
267 48 89 238 140
233 29 291 10 23
143 300 8 145 202
109 23 288 105 283
285 68 41 54 70
180 212 25 119 38
209 200 209 143 268
131 311 303 278 124
174 85 296 145 47
79 254 80 44 121
237 52 239 75 59
74 57 92 180 174
90 162 199 199 70
222 23 149 166 68
263 78 197 125 180
98 72 249 192 193
111 208 260 186 222
309 179 198 19 157
107 167 167 84 135
311 250 271 157 188
218 87 251 195 178
179 83 248 211 176
66 269 248 74 129
300 18 43 5 78
24 53 217 278 248
297 79 242 150 10
264 51 57 220 18
224 268 68 284 258
279 219 179 242 52
86 162 117 53 65
199 224 288 148 121
121 5 309 172 122
135 67 245 25 212
254 281 214 111 253
239 192 37 121 162
49 168 94 223 244
37 27 309 201 140
87 128 163 270 227
15 226 262 67 180
174 298 198 246 152
252 86 219 228 229
202 182 18 43 47
93 226 315 180 273
6 91 290 231 220
304 311 54 73 183
254 101 69 148 19
95 205 100 129 26
178 297 217 13 307
109 177 71 286 259
216 307 14 110 253
102 138 75 260 184
29 94 183 172 77
242 14 93 150 112
317 182 112 31 142
174 171 298 164 205
141 189 185 82 313
278 65 291 16 153
189 298 216 193 241
270 64 175 227 95
21 208 20 113 225
208 105 37 39 289
307 158 142 176 139
18 118 242 176 29
198 6 276 194 63
160 259 158 163 47
228 165 149 122 186
142 307 144 262 101
120 170 201 172 94
82 179 112 125 208
168 227 16 297 309
274 54 282 269 167
297 125 109 172 159
131 302 210 292 5
140 111 17 57 106
18 33 89 51 103
131 102 21 73 140
315 41 203 153 39
155 206 52 275 16
255 133 300 60 81
142 106 252 313 15
294 148 140 231 225
156 284 221 238 60
139 168 314 44 235
9 93 50 110 19
85 315 308 164 94
269 277 246 41 200
10 124 42 316 255
318 123 190 140 278
58 133 137 313 49
298 58 282 192 120
13 105 228 214 167
180 234 170 225 274
120 192 308 178 271
195 66 172 246 53
248 257 283 199 313
289 233 157 129 259
162 73 62 308 188
267 236 279 136 194
206 158 320 107 74
10000000 10000000 10000000 10000000 10000000
256 320 213 70 94
114 63 232 102 36
257 224 91 141 119
6 138 146 62 191
244 41 121 157 206
197 103 242 128 133
73 77 62 237 285
240 109 85 42 9
167 114 296 204 179
101 236 85 240 47
53 230 276 153 32
204 187 229 134 168
123 301 187 95 231
310 63 311 111 16
151 83 57 105 296
7 32 163 160 53
157 46 119 164 136
224 223 156 149 83
10 142 251 139 165
96 114 233 260 211
175 204 87 199 96
49 68 296 6 203
242 318 316 244 295
12 218 264 210 170
111 63 143 47 142
43 290 203 258 80
226 45 163 220 85
299 235 288 49 111
67 304 133 27 48
289 16 50 148 228
36 256 106 146 248
26 68 146 248 269
219 32 240 236 142
126 102 114 164 224
266 93 174 289 304
82 110 161 53 168
257 216 248 62 127
153 229 101 227 164
96 213 184 217 182
167 238 153 143 96
168 7 51 199 205
318 19 33 320 23
111 106 126 42 266
230 115 71 67 189
95 286 175 43 281
272 310 204 303 102
121 196 243 64 113
247 47 200 40 151
68 263 145 163 172
215 291 192 73 167
131 275 311 315 162
277 50 29 116 49
164 123 66 87 147
70 247 139 206 320
291 214 254 296 31
203 234 256 292 94
182 72 81 141 282
235 190 144 244 207
236 21 120 282 150
56 268 124 10 251
207 26 194 86 158
286 182 277 33 129
49 66 312 87 64
319 241 257 266 269
139 133 302 64 183
30 117 110 190 234
151 93 62 270 90
147 29 232 130 69
270 137 152 7 57
266 125 289 54 301
294 161 190 95 66
132 98 20 118 30
124 115 131 113 235
228 55 278 303 235
230 167 100 214 95
67 295 196 254 58
33 233 277 80 292
72 260 266 302 203
47 30 130 174 181
264 97 97 88 12
64 26 92 128 318
64 38 248 90 167
213 93 115 155 93
29 241 306 6 151
15 31 131 225 80
41 109 78 68 253
299 68 46 266 273
27 29 173 21 59
165 265 107 277 170
19 265 254 210 124
275 108 121 34 196
191 28 48 289 139
66 211 139 123 200
110 19 111 137 223
252 193 117 159 318
80 263 309 287 282
54 316 85 299 103
15 91 259 7 44
303 193 155 87 275
313 158 308 314 63
10000000 10000000 10000000 10000000 10000000
55 191 64 149 184
264 180 123 92 167
171 26 237 224 154
194 22 243 81 258
21 315 204 282 138
267 199 70 149 310
54 89 188 270 305
51 279 91 69 50
111 310 39 137 187
119 286 177 65 228
65 105 207 256 108
113 139 15 35 5
317 166 213 281 101
169 209 155 230 277
36 161 153 184 51
136 143 47 192 268
96 261 274 77 75
179 268 151 120 205
231 259 23 247 125
56 250 119 19 222
136 320 140 198 302
240 202 118 77 81
215 124 10 202 129
12 207 250 47 53
241 262 142 143 295
38 297 108 9 149
261 106 220 105 214
177 162 122 85 62
47 29 228 315 222
143 305 236 264 134
255 221 164 191 234
106 199 316 194 57
75 71 206 27 219
159 33 268 127 271
197 212 92 109 69
183 90 221 233 94
178 238 92 107 183
153 14 217 61 147
59 120 180 290 301
117 128 159 188 122
61 103 34 161 37
102 46 7 53 232
177 227 81 105 250
101 21 274 313 205
287 188 26 88 223
302 85 62 240 235
29 96 261 95 237
132 234 175 39 243
98 220 277 241 169
62 244 193 208 68
58 80 15 40 228
295 85 256 136 8
212 91 241 298 297
76 47 136 237 304
202 139 116 275 265
22 43 21 260 264
47 273 291 101 46
142 275 235 109 297
210 114 308 196 202
48 212 155 301 275
296 189 33 40 305
208 316 169 257 276
29 307 67 316 154
58 128 131 93 162
221 26 19 123 248
131 286 162 266 283
259 125 91 95 270
239 154 94 276 308
233 319 138 282 28
212 208 90 281 112
193 244 160 296 61
204 82 62 94 166
190 262 76 70 79
278 308 188 282 21
217 192 41 148 174
77 69 303 90 55
229 117 294 187 186
281 240 229 151 215
44 148 209 273 72
26 273 47 18 194
100 272 297 9 148
89 102 319 140 205
227 146 145 135 40
156 220 91 140 157
299 53 278 298 182
129 127 229 120 137
84 95 195 70 272
63 84 133 293 235
137 47 161 52 160
30 277 266 152 281
90 81 304 95 267
70 33 196 83 57
75 67 21 248 271
256 233 186 31 309
57 27 199 296 274
136 165 157 116 318
13 305 122 170 160
141 41 133 38 305
14 287 64 77 175
282 74 19 308 90
10000000 10000000 10000000 10000000 10000000
242 219 120 240 236
13 267 157 242 224
315 168 41 229 53
74 127 86 212 204
160 210 50 277 136
50 177 296 82 213
110 149 313 127 206
76 306 22 38 120
67 281 160 49 215
93 98 131 240 54
59 114 230 251 80
84 210 101 111 231
62 216 164 210 225
97 212 117 145 229
100 318 267 106 42
129 261 97 29 248
318 282 188 188 23
52 31 21 218 64
193 70 138 276 244
244 177 314 100 211
92 184 219 277 17
125 160 195 276 155
302 112 254 47 243
96 145 160 147 315
152 40 251 47 126
11 60 125 125 283
261 202 179 113 219
92 143 122 252 230
301 234 53 125 37
115 222 165 261 96
191 120 62 237 274
203 32 93 178 292
287 227 115 136 162
203 260 315 149 46
39 13 195 224 262
275 10 219 49 101
174 252 253 64 310
134 32 139 37 159
302 15 190 251 300
31 242 310 229 33
245 319 118 56 215
131 47 175 26 175
158 279 294 289 283
34 230 167 192 89
187 240 69 6 137
88 105 283 142 168
259 25 69 141 84
196 91 240 292 195
254 214 209 57 147
220 156 104 147 54
141 187 212 110 316
161 84 58 262 275
223 284 186 119 98
91 148 173 221 199
41 269 154 254 17
93 81 294 232 168
76 305 247 20 50
226 17 228 213 38
118 155 201 58 19
164 296 219 274 274
311 181 203 212 12
251 223 310 254 127
32 159 160 280 105
64 81 88 229 281
43 211 213 223 248
139 98 298 68 296
292 36 176 24 103
274 312 158 210 54
244 294 192 212 249
134 45 296 136 316
143 121 290 210 310
67 157 16 88 46
163 203 130 207 42
29 260 51 76 199
275 214 163 293 202
272 194 68 134 45
92 217 63 128 314
227 15 271 301 152
20 183 181 227 69
172 289 132 222 74
46 317 216 214 144
268 165 222 319 228
216 96 236 109 172
320 107 54 60 116
142 19 114 172 155
37 77 244 135 144
205 129 253 66 144
195 240 120 280 150
109 294 25 82 220
296 193 166 148 158
285 63 195 195 224
86 10 97 181 117
55 282 272 317 51
110 158 287 140 129
59 274 148 23 44
225 316 176 20 173
138 200 292 320 269
216 117 140 38 232
256 261 276 61 236
49 131 235 137 125
10000000 10000000 10000000 10000000 10000000
194 101 194 37 233
306 114 272 222 139
222 159 130 278 128
17 25 190 208 20
146 177 193 254 137
74 294 111 258 266
236 279 300 257 36
230 158 69 59 135
250 71 109 189 312
265 186 186 50 57
146 113 243 90 112
94 134 306 35 112
295 20 313 152 184
261 51 85 114 302
94 88 302 130 296
36 150 215 124 95
283 256 320 74 129
201 293 138 257 125
118 306 139 86 59
20 195 227 54 132
124 261 297 78 162
206 27 44 16 98
63 129 273 87 223
171 265 154 271 12
186 125 133 91 249
81 14 50 225 118
128 212 28 172 140
25 50 67 219 201
46 155 6 51 171
87 53 292 42 141
245 95 138 20 151
227 47 303 5 255
70 69 225 5 203
303 221 189 124 185
125 155 34 282 80
143 240 41 34 92
115 43 17 73 270
214 65 37 132 89
94 97 126 243 66
183 58 306 90 308
125 292 203 279 16
134 205 162 130 165
263 236 244 212 111
62 80 160 239 116
174 236 42 125 41
137 161 110 125 97
281 168 252 40 290
152 68 65 107 301
92 76 210 64 42
251 274 65 196 315
182 67 293 306 21
106 19 205 267 315
92 218 297 264 208
24 145 195 185 29
210 94 147 309 7
145 62 275 118 43
181 219 175 196 177
256 243 87 168 133
229 94 61 251 60
190 164 269 90 138
200 98 34 259 176
137 182 176 246 114
186 254 26 77 251
128 276 251 64 239
214 27 305 70 186
23 285 132 193 102
268 261 282 256 128
19 249 215 23 46
271 177 134 68 287
291 173 269 112 62
108 211 145 28 225
238 190 73 195 44
194 179 17 237 158
292 257 80 188 112
59 38 315 9 68
304 205 125 227 53
31 24 211 20 80
319 258 259 80 279
47 275 183 287 94
291 223 212 220 164
131 50 91 204 160
216 7 260 266 26
115 172 69 67 283
306 42 200 49 259
182 155 88 230 241
25 261 109 297 54
274 204 21 310 99
177 200 241 157 167
265 10 48 30 7
68 192 207 276 227
142 88 10 64 98
209 292 67 172 250
31 12 73 98 296
133 110 284 35 35
257 266 228 286 20
145 318 133 76 285
266 199 178 89 251
302 211 34 292 102
249 158 276 25 254
148 40 133 307 40
10000000 10000000 10000000 10000000 10000000
244 264 63 43 266
293 282 255 248 235
271 204 75 137 164
19 72 154 156 304
160 61 318 154 276
301 200 284 92 184
135 243 211 108 172
257 195 194 166 253
135 258 201 274 152
257 166 284 182 102
258 134 109 103 37
8 132 89 88 68
37 246 287 167 129
87 248 234 148 79
136 261 99 125 216
21 54 173 138 156
68 88 303 83 289
312 177 67 122 230
160 119 278 258 292
83 263 163 164 67
285 64 146 187 72
42 82 113 250 98
214 133 306 36 206
110 68 177 54 263
299 166 25 267 264
139 76 172 43 243
260 256 185 222 255
278 79 263 141 28
304 101 216 57 214
190 147 105 26 29
233 176 144 143 201
288 311 188 168 73
251 75 136 36 39
94 12 65 160 5
23 91 153 296 94
264 250 284 257 70
144 98 6 169 171
221 154 109 284 105
241 288 257 176 115
219 69 53 146 213
116 222 222 110 147
229 63 273 216 136
60 263 256 122 216
306 299 36 187 125
191 310 138 23 273
14 59 30 23 192
9 91 24 59 272
248 253 41 82 203
207 86 25 290 170
31 97 71 202 152
130 193 81 178 99
198 85 82 192 291
293 194 43 242 215
38 287 150 152 71
158 263 257 200 164
195 48 75 110 24
263 306 30 301 157
132 168 256 78 220
175 95 289 20 283
260 89 5 65 135
286 230 89 101 189
53 98 301 75 223
139 80 69 194 144
222 16 226 233 142
175 269 53 77 229
163 94 266 239 147
152 35 12 261 75
260 139 132 173 220
100 227 284 146 197
148 84 9 208 293
156 217 27 177 276
12 228 288 254 17
156 40 102 223 294
261 55 43 115 277
42 215 257 274 220
106 277 227 59 192
270 246 197 303 179
147 206 94 188 221
320 274 265 52 316
148 258 107 20 233
217 167 193 283 153
141 20 168 290 162
46 88 238 230 78
236 289 194 18 305
164 306 217 250 76
270 314 118 113 195
288 225 18 201 287
305 307 209 131 296
136 164 186 15 189
94 41 238 256 135
177 149 76 39 191
212 283 285 16 211
62 126 158 70 44
182 63 221 285 242
157 311 110 112 140
214 116 221 78 291
63 247 309 235 247
273 49 27 293 298
261 128 62 8 270
250 46 294 143 124
10000000 10000000 10000000 10000000 10000000
205 207 166 127 107
152 265 231 111 302
174 139 112 216 306
126 8 251 100 248
104 66 122 40 180
293 287 253 243 116
113 84 75 142 77
186 255 17 300 148
292 295 240 26 218
204 106 240 120 111
293 241 62 19 215
307 295 299 114 193
105 148 168 294 105
104 246 13 299 237
289 5 162 225 62
288 47 146 171 76
56 101 273 201 243
318 267 221 191 27
54 269 8 9 318
282 258 268 128 312
8 134 47 130 24
247 276 109 230 122
263 191 224 186 40
278 30 163 301 12
208 277 155 266 180
93 182 247 310 166
40 154 236 224 94
112 211 191 275 6
36 61 158 310 232
15 124 261 219 305
69 62 272 128 155
198 149 216 57 29
312 184 111 58 207
11 67 55 301 46
286 317 309 23 272
253 79 104 300 244
76 232 276 207 133
171 196 79 269 264
223 319 138 136 146
225 221 300 63 179
51 309 267 299 285
201 316 213 145 14
105 317 208 234 67
90 72 73 220 288
266 320 310 288 75
150 253 135 11 92
212 60 105 167 237
32 307 281 261 123
129 315 196 88 200
302 141 279 96 146
146 293 121 282 55
201 290 244 197 218
313 220 247 250 269
10 98 283 246 243
118 69 95 121 6
72 148 103 177 175
112 31 207 144 250
87 10 78 169 250
203 311 168 50 313
170 249 132 73 52
281 240 264 105 98
196 22 142 138 32
101 75 66 152 171
184 66 31 131 167
229 38 107 159 146
10 112 173 22 93
182 189 193 176 13
127 73 316 63 69
170 255 234 293 259
211 227 224 124 117
153 179 39 128 10
17 202 196 16 178
76 301 115 131 162
211 254 154 257 207
261 309 208 132 84
205 295 11 247 211
282 150 231 40 289
76 252 148 271 299
85 59 104 64 173
91 47 74 273 70
67 302 13 181 117
317 66 287 310 137
151 304 36 282 296
229 200 233 12 161
61 118 230 308 285
260 272 33 34 210
249 130 262 194 260
248 264 135 278 51
157 29 318 246 48
73 128 167 180 5
110 87 139 320 268
76 154 95 14 196
42 185 26 185 249
106 158 194 16 287
305 119 49 301 113
319 25 60 157 255
64 83 79 36 314
80 320 116 216 165
175 82 309 73 116
37 308 291 262 197
10000000 10000000 10000000 10000000 10000000
21 52 55 304 156
16 5 177 137 167
171 265 24 53 231
210 60 159 86 286
50 143 320 150 267
30 75 189 76 104
302 147 222 170 6
65 92 304 38 39
26 191 208 50 117
302 152 320 209 310
244 301 290 173 78
110 168 72 264 5
35 98 95 78 65
249 292 176 146 272
167 290 204 84 286
266 308 256 89 174
139 218 295 314 257
20 160 142 111 30
252 102 272 109 296
209 210 183 120 121
215 251 298 42 190
197 212 145 43 8
222 291 142 44 210
247 195 274 30 101
65 39 41 132 97
180 164 319 51 150
109 33 126 69 168
128 71 201 72 154
40 232 45 107 71
140 106 53 36 163
263 5 261 306 282
172 312 302 197 70
204 144 120 5 46
252 23 81 217 234
260 297 172 215 135
195 317 290 282 162
46 190 84 310 40
259 138 127 128 175
186 273 194 173 62
128 65 301 82 240
106 99 186 295 13
242 302 138 201 146
177 287 121 120 15
182 71 118 140 147
174 106 146 81 20
172 203 202 107 33
46 99 68 60 83
108 151 98 284 111
277 299 156 89 82
60 56 297 73 173
177 93 281 37 227
305 90 228 102 65
286 246 129 206 171
283 90 256 240 27
247 229 196 150 210
124 200 132 226 251
27 194 65 152 186
57 296 198 185 274
283 199 302 239 255
203 248 254 227 253
285 227 38 81 99
253 185 189 189 171
96 260 292 185 145
103 109 273 183 12
224 312 82 60 196
40 241 303 75 158
61 319 138 145 123
119 207 319 35 277
138 115 242 296 288
280 209 117 175 133
257 236 275 96 49
71 236 118 200 48
119 125 107 126 10
244 198 201 60 143
154 245 53 147 213
34 320 174 291 104
215 133 204 121 94
158 31 42 291 88
271 109 41 263 94
309 245 204 288 313
113 242 5 126 178
209 263 293 59 40
294 180 250 293 303
285 261 284 230 247
198 17 245 47 149
89 181 190 40 229
263 159 166 243 112
71 64 158 65 194
26 319 21 218 84
300 29 264 233 48
127 68 239 29 134
297 164 267 235 34
208 49 107 317 67
219 123 43 27 13
62 247 189 40 242
152 275 220 91 159
90 110 55 255 188
253 282 103 164 178
108 49 117 236 94
301 94 211 148 13
10000000 10000000 10000000 10000000 10000000
56 177 198 94 288
214 254 266 13 262
124 199 279 142 300
316 235 233 106 79
276 117 116 278 115
62 39 115 73 314
265 94 199 183 311
16 156 315 246 291
282 17 236 240 169
64 165 315 302 107
232 160 234 82 285
29 173 289 87 72
206 27 158 27 44
145 100 158 311 31
157 265 309 193 63
191 229 167 156 129
256 293 283 141 114
175 163 264 81 30
315 223 266 143 9
77 129 43 100 163
120 283 224 202 210
159 266 83 246 301
270 105 71 207 96
83 126 111 10 58
187 207 105 285 119
145 285 307 312 279
204 278 142 158 311
104 300 288 195 50
227 166 262 269 119
6 19 276 51 309
178 245 144 89 133
166 291 176 228 211
284 242 104 89 155
7 113 18 301 27
320 189 25 204 111
68 266 254 88 83
206 23 103 54 19
19 224 42 243 267
85 146 33 205 61
278 151 268 72 146
42 74 152 174 54
111 240 182 269 87
215 95 300 192 14
229 105 134 314 242
193 34 310 293 79
177 5 76 95 210
42 274 204 253 202
231 246 188 106 55
291 146 200 24 172
314 95 68 221 53
159 58 198 201 110
65 165 106 69 247
152 56 132 198 121
27 126 275 114 277
73 280 232 267 78
281 179 263 232 60
50 281 220 238 128
231 117 117 83 239
86 157 120 155 157
122 165 272 43 245
77 162 253 248 254
11 30 252 61 124
15 192 126 21 202
288 276 301 157 122
112 70 90 125 290
319 312 313 169 290
61 311 158 302 240
157 253 162 20 40
49 61 31 105 26
58 24 185 205 128
20 153 176 249 278
169 181 281 72 96
126 10 110 129 131
294 58 172 153 175
103 58 279 152 38
221 156 173 93 294
247 41 104 111 218
82 194 79 282 151
50 101 186 225 286
136 192 176 312 33
218 76 148 302 17
181 223 78 167 233
304 252 268 98 265
224 262 111 70 197
226 305 296 199 95
181 314 71 104 192
55 138 85 141 279
249 258 130 68 206
205 262 50 149 317
284 113 242 109 11
95 310 21 169 302
302 305 157 106 51
319 198 70 11 32
180 308 279 291 31
154 250 222 232 46
150 285 250 108 178
73 220 268 17 38
313 18 19 242 204
127 230 55 259 291
35 297 156 231 311
10000000 10000000 10000000 10000000 10000000
142 93 201 257 257
314 105 17 304 251
292 229 277 319 58
173 9 265 215 260
118 206 182 77 67
27 194 11 290 194
43 240 49 93 153
190 235 271 15 88
300 279 112 307 240
156 135 69 62 316
173 179 312 8 245
278 203 263 302 54
287 134 124 207 276
41 139 136 154 181
81 197 108 231 8
8 30 77 162 132
290 87 221 91 167
79 234 275 242 282
240 316 240 47 261
127 95 165 152 255
191 169 99 212 230
68 294 112 162 57
127 84 255 142 60
314 198 108 188 251
101 104 266 130 106
32 126 79 171 291
174 86 192 40 223
244 14 243 183 70
51 85 52 50 203
65 238 164 70 90
106 203 58 256 270
230 215 10 70 39
210 79 196 246 99
103 166 97 38 259
219 272 86 308 294
96 154 255 159 175
68 187 128 135 85
313 318 219 246 194
166 110 55 289 297
170 305 252 116 53
66 130 301 264 179
53 150 58 277 43
198 52 211 22 226
49 71 177 235 31
296 100 198 38 214
61 81 301 133 188
156 268 21 277 219
49 25 161 230 54
43 101 264 288 269
98 68 249 200 193
87 189 38 71 41
197 64 43 73 301
86 151 221 279 296
203 102 249 62 263
202 317 106 85 76
90 229 136 89 179
165 149 163 48 106
282 91 235 21 216
241 230 248 238 224
172 303 205 140 142
288 205 269 188 303
89 79 320 176 169
301 201 170 123 281
261 265 316 194 21
275 101 127 52 68
284 50 71 134 194
148 228 311 50 215
25 267 72 53 86
264 305 182 237 304
63 257 189 32 155
245 235 131 152 264
239 147 216 154 293
217 117 240 232 129
167 111 34 108 317
286 156 307 302 169
124 295 43 250 316
77 78 261 128 53
91 291 142 271 264
281 172 88 48 59
67 258 254 273 226
313 58 200 289 56
30 196 53 33 194
203 261 70 45 46
18 204 217 116 31
43 150 245 82 5
10 244 175 143 169
240 212 61 14 67
218 60 299 87 314
115 252 49 319 10
243 20 234 190 181
9 34 212 124 27
135 283 195 182 290
312 85 171 31 317
80 259 115 33 150
274 140 152 272 36
317 62 14 13 227
30 186 159 308 75
88 127 120 238 144
97 195 239 132 40
135 174 95 279 297
10000000 10000000 10000000 10000000 10000000
204 6 169 320 219
62 313 178 61 11
128 165 228 232 185
158 121 160 275 19
318 193 261 105 161
64 135 317 189 317
249 150 298 122 230
276 119 43 90 308
62 299 280 313 268
273 280 94 279 57
101 317 305 180 52
199 220 149 116 65
105 173 295 253 37
258 52 223 228 61
250 189 31 316 31
303 172 232 264 220
59 19 234 71 213
67 208 236 267 116
211 171 165 179 21
95 106 196 124 82
35 58 317 166 277
145 311 288 161 256
304 146 76 50 198
11 116 97 274 84
22 168 195 290 296
225 162 64 317 100
239 57 250 161 251
287 276 118 306 126
183 53 124 252 126
182 123 164 290 185
222 90 54 254 211
160 233 75 167 278
36 13 226 182 85
118 75 271 293 159
245 148 140 259 117
200 280 30 124 74
239 185 36 189 256
148 184 267 206 33
236 221 43 260 228
230 105 264 299 282
40 183 68 83 125
81 207 68 311 37
76 59 310 293 116
105 300 264 254 318
225 200 267 175 248
288 313 16 232 85
228 260 97 176 286
268 259 168 285 211
73 267 37 117 314
142 207 103 258 112
268 268 263 268 159
99 295 217 236 228
289 129 209 148 28
32 174 280 256 148
142 141 58 151 284
155 78 76 106 153
315 308 203 71 122
62 54 217 38 89
94 284 118 15 104
184 143 239 85 135
162 274 192 215 141
102 215 48 191 312
250 81 259 284 29
48 10 91 172 47
142 130 251 164 18
93 55 68 19 177
220 317 231 298 228
101 178 73 217 138
233 187 291 45 278
131 23 234 121 273
302 81 176 124 185
62 117 284 102 77
64 231 94 147 44
41 23 152 114 15
46 191 250 14 13
240 208 81 65 46
141 261 237 314 248
226 217 217 159 163
241 271 25 259 53
12 13 86 299 36
61 24 63 312 11
165 315 146 214 220
257 250 146 202 126
153 40 294 180 30
145 6 131 258 137
94 246 315 127 78
26 235 288 43 176
303 16 141 192 291
78 75 6 223 44
151 149 18 222 198
230 88 207 115 31
51 138 277 132 83
160 54 143 52 218
200 276 114 256 275
201 205 91 40 137
210 174 6 150 229
52 286 168 240 155
305 15 37 52 278
55 166 177 148 165
139 214 42 11 32
10000000 10000000 10000000 10000000 10000000
49 320 277 162 43
41 134 283 10 265
298 136 186 305 5
49 36 39 176 286
175 111 164 66 245
31 311 209 17 132
316 5 283 313 311
257 246 66 66 56
253 166 208 228 202
71 199 158 250 144
131 269 316 247 320
14 125 75 192 152
162 55 10 59 157
216 234 67 184 48
167 266 138 89 169
190 45 135 9 86
69 247 13 218 99
226 287 204 303 302
227 171 272 259 76
175 280 82 97 188
223 135 198 27 74
310 15 43 9 231
310 107 105 319 216
312 64 289 125 109
319 135 149 202 193
249 175 212 172 318
69 121 182 41 310
173 158 98 225 209
302 69 74 130 217
274 252 167 283 87
155 109 211 232 30
201 148 194 202 67
45 12 126 102 269
168 145 46 164 280
160 129 196 117 200
193 78 27 279 78
303 261 214 122 223
206 223 61 313 212
136 58 295 237 56
234 136 200 13 265
138 293 271 54 272
71 34 79 43 131
103 297 185 238 138
190 318 74 234 21
51 235 309 236 5
73 104 218 209 196
271 20 209 259 224
174 95 29 221 155
14 61 251 298 24
134 202 88 75 75
287 107 227 178 43
215 133 160 93 89
257 263 280 7 267
111 85 184 211 176
166 194 76 153 307
320 217 160 309 79
267 135 32 9 61
98 185 282 296 54
244 68 296 232 280
195 218 212 35 244
248 180 64 103 154
75 277 179 34 133
177 7 182 132 203
177 202 154 146 44
125 310 248 149 192
21 311 109 240 314
211 265 93 194 264
31 97 212 64 161
119 55 62 276 222
64 171 304 132 226
152 51 252 230 24
291 54 186 108 239
227 308 299 140 233
267 187 77 8 31
209 114 18 176 53
114 235 308 39 253
132 18 168 188 93
239 78 95 223 231
96 12 64 16 308
226 240 126 305 106
299 155 62 193 300
73 234 162 216 309
275 221 214 239 198
319 100 6 42 294
117 11 154 269 295
232 114 234 86 40
230 158 166 235 8
124 140 33 99 178
275 252 180 185 289
30 267 300 313 194
141 41 102 166 83
142 288 255 95 310
43 285 245 134 286
181 121 159 115 236
253 149 92 181 292
85 100 129 161 29
319 164 7 161 102
241 5 138 319 173
23 195 182 55 91
12 15 52 140 48
10000000 10000000 10000000 10000000 10000000
113 75 28 7 24
47 59 201 175 83
119 95 187 99 192
203 219 21 64 222
209 154 228 119 279
95 214 221 240 268
71 162 92 61 254
198 303 118 29 69
266 51 12 19 167
210 293 151 104 15
46 57 119 176 60
130 316 151 18 171
28 103 189 212 74
72 310 275 31 199
227 202 157 261 268
170 156 26 268 154
14 173 53 126 150
159 75 158 309 22
44 104 96 122 188
124 136 144 182 105
140 54 182 283 290
132 102 20 190 132
139 105 142 284 309
319 229 239 313 138
194 108 258 193 10
307 193 211 24 246
5 172 108 141 186
16 24 317 25 277
221 67 144 107 48
86 189 236 225 158
59 291 124 154 119
49 157 292 122 120
274 67 187 89 95
28 315 265 86 155
129 19 158 54 194
194 221 198 11 217
78 36 72 85 180
314 14 86 292 169
189 253 153 110 106
10 211 267 167 200
81 286 309 317 30
164 305 239 144 31
98 319 138 278 26
197 113 64 238 297
213 105 211 77 86
102 149 27 274 159
118 33 269 183 53
280 93 19 62 93
201 126 15 33 126
24 16 246 247 214
30 267 47 215 320
270 166 110 80 106
19 14 131 120 100
149 225 228 304 86
312 217 34 81 181
205 276 39 289 238
200 249 271 43 154
229 180 24 11 212
206 58 80 141 17
264 123 204 80 41
301 60 305 88 217
76 217 154 274 217
65 226 222 143 24
171 80 114 6 308
161 301 298 228 42
85 180 306 240 203
252 200 85 148 273
64 176 301 10 270
162 235 250 117 275
53 100 320 313 26
65 49 212 212 250
23 269 219 246 50
93 319 40 40 280
239 223 256 87 44
284 248 272 182 136
215 112 296 188 268
293 291 161 12 123
232 127 29 173 19
65 127 219 157 165
11 98 288 304 254
98 311 26 12 37
252 214 272 308 55
147 146 10 194 308
141 183 146 256 150
185 5 173 277 194
100 151 122 285 176
318 264 235 255 182
270 124 72 87 34
265 148 294 218 233
282 71 311 261 261
310 198 34 34 116
293 50 213 160 156
191 96 47 90 160
151 252 244 60 29
257 291 175 212 20
123 127 62 236 118
218 132 110 175 287
69 194 224 204 252
65 279 231 209 86
111 225 199 303 20
10000000 10000000 10000000 10000000 10000000
300 292 192 272 27
302 224 69 141 202
295 272 116 256 22
7 235 257 16 165
94 283 274 205 289
156 24 98 297 229
47 226 5 135 71
154 243 231 320 204
296 176 270 110 39
135 103 99 89 227
38 312 64 123 102
73 315 18 298 259
160 107 277 44 165
164 140 29 245 154
143 283 265 199 69
5 319 27 220 198
215 201 231 190 316
260 102 235 151 49
163 163 147 35 124
45 209 66 98 212
177 315 76 31 254
66 90 112 23 220
244 244 56 48 249
72 86 111 294 76
154 265 47 102 297
263 286 266 92 123
241 255 211 133 292
118 213 275 290 202
235 156 42 156 80
156 103 262 52 300
215 283 110 86 52
61 314 140 119 97
204 303 109 282 266
312 43 11 137 291
11 53 230 258 146
306 221 237 297 108
162 101 130 259 87
42 279 210 128 130
262 60 129 96 80
267 178 89 150 10
87 49 289 235 247
50 136 92 114 300
117 136 202 192 116
91 156 290 252 72
75 92 233 272 315
146 121 55 5 170
9 228 128 172 98
300 132 79 94 134
151 204 18 15 41
128 118 305 167 77
266 10 197 17 112
228 72 24 227 287
201 201 195 242 73
258 259 243 59 317
281 8 47 225 99
55 288 187 195 228
217 194 20 30 180
276 252 72 135 33
263 284 111 275 218
291 183 121 5 54
301 316 27 105 194
124 47 112 182 126
158 282 302 201 27
235 199 62 162 153
29 143 164 70 138
12 10 57 317 169
291 118 299 135 32
59 62 319 194 162
154 244 133 79 56
166 118 233 159 174
208 235 238 44 315
191 202 196 191 90
245 145 9 69 320
55 234 168 44 59
197 195 139 238 95
124 13 119 106 26
177 148 228 251 266
249 117 21 73 240
288 153 27 90 91
188 267 270 33 172
312 258 222 101 20
207 155 251 224 241
246 266 173 294 130
246 292 67 210 296
258 75 216 77 312
35 13 271 197 50
142 294 110 228 289
247 66 8 9 220
118 103 81 61 295
172 247 220 156 154
199 238 129 237 213
193 283 200 184 199
168 108 85 80 97
248 119 108 310 93
111 281 126 91 238
106 119 254 72 94
109 205 319 49 171
223 162 234 307 141
110 81 315 72 19
121 254 176 294 35
10000000 10000000 10000000 10000000 10000000
252 135 265 312 145
235 256 10 55 79
144 161 198 278 18
277 198 311 158 79
197 183 190 59 285
202 288 150 293 268
311 213 196 229 151
76 250 50 114 305
215 152 76 197 99
284 76 209 42 197
60 282 116 88 7
253 139 148 168 175
141 211 130 248 279
224 95 219 282 28
230 81 37 53 242
247 226 123 286 233
227 224 101 85 256
68 196 258 53 135
41 215 127 146 266
90 203 304 130 180
28 284 293 160 39
236 66 19 164 250
114 8 280 309 90
85 173 57 236 53
53 200 131 65 101
172 52 278 235 32
27 5 84 116 32
237 165 221 73 116
172 264 76 302 156
5 200 73 219 142
78 220 32 195 17
305 24 217 145 106
204 71 297 286 259
42 43 17 61 252
124 207 318 262 16
164 80 260 90 83
51 91 53 98 33
129 310 28 123 230
118 165 91 72 190
154 20 31 181 94
98 62 233 135 265
35 274 117 40 92
152 270 56 193 309
130 178 298 243 63
260 185 220 248 301
219 161 299 136 174
123 37 214 202 70
228 267 50 152 160
54 263 123 24 69
86 12 313 41 130
245 270 142 295 134
187 267 91 302 7
83 244 10 113 138
201 241 11 285 176
35 69 292 273 267
253 279 317 110 215
156 290 165 222 143
69 49 130 9 290
19 145 207 256 42
140 176 186 62 193
288 152 240 182 202
274 12 270 156 49
160 39 124 301 101
287 208 98 268 88
180 306 32 183 279
103 236 76 314 25
122 215 300 234 153
100 308 210 278 207
107 112 83 235 183
166 117 41 55 234
56 62 108 260 246
298 314 15 286 274
33 65 7 210 164
119 84 162 84 193
35 80 273 171 52
40 156 121 253 111
269 269 305 7 239
268 187 258 22 249
60 262 242 34 188
249 272 95 8 274
26 114 132 205 253
262 254 150 284 192
61 144 265 172 218
78 41 101 222 184
215 152 5 134 288
259 214 105 264 116
226 107 207 162 153
156 98 314 50 258
248 269 105 133 66
278 90 159 17 244
204 69 283 274 264
98 311 115 233 313
170 146 298 96 157
236 189 89 68 77
106 70 172 53 163
122 285 94 244 23
116 18 270 188 113
189 227 131 110 59
254 243 280 119 266
20 313 110 128 320
10000000 10000000 10000000 10000000 10000000
256 94 224 233 137
110 129 121 257 186
226 268 91 83 17
7 113 281 294 308
64 224 224 76 132
138 265 281 124 133
289 89 319 100 6
14 253 317 109 286
30 105 170 318 151
38 229 308 64 168
205 163 279 59 126
238 191 291 47 137
152 208 112 183 205
320 45 189 185 11
84 239 138 6 61
51 192 122 152 11
242 182 174 256 230
270 285 258 112 143
89 22 100 296 140
109 60 36 306 259
116 160 260 81 257
6 84 210 215 226
318 200 275 227 192
315 203 22 159 237
14 119 272 208 304
100 287 63 159 142
14 203 39 191 186
276 306 261 111 274
295 210 174 233 192
11 181 152 87 195
95 171 156 299 228
43 13 283 93 267
224 236 306 81 297
198 196 220 86 298
174 79 189 183 195
208 229 27 250 178
35 35 170 212 64
61 78 255 288 249
261 149 149 237 92
254 77 173 61 160
148 320 43 190 211
116 260 115 293 91
9 173 214 197 302
12 18 242 136 250
156 29 279 163 222
199 262 101 119 175
42 297 320 26 230
210 285 58 268 76
288 277 171 162 301
222 111 214 207 262
105 210 237 93 97
110 213 216 79 125
146 252 104 85 174
242 300 85 129 78
280 134 207 166 90
52 69 161 299 124
103 230 175 271 27
103 98 24 200 134
173 42 44 66 64
196 252 115 179 167
173 75 305 52 143
214 302 11 28 281
252 288 56 113 218
83 30 169 37 58
11 26 238 69 221
313 303 108 85 202
288 292 298 84 64
131 271 11 195 80
132 58 248 124 44
28 244 174 225 315
193 156 119 66 132
222 237 182 281 261
234 301 308 187 261
167 311 35 126 132
201 253 236 253 227
239 12 314 268 9
104 203 214 133 88
48 45 273 41 165
103 283 22 198 47
292 64 227 31 56
169 115 105 70 17
84 153 48 35 161
105 207 71 119 182
122 316 46 189 282
114 296 250 189 224
100 285 79 214 133
143 302 209 264 179
56 213 76 208 155
61 125 197 11 154
291 54 87 120 35
263 23 204 69 176
234 107 30 21 203
10 240 76 197 269
105 261 175 205 157
319 40 261 243 313
8 48 12 163 54
164 119 51 32 44
235 144 151 27 111
175 281 102 15 237
317 135 174 10 110
10000000 10000000 10000000 10000000 10000000
287 260 78 300 62
12 205 189 163 15
282 188 47 188 243
21 57 94 127 298
213 176 263 44 60
172 39 158 304 152
266 251 54 207 289
13 22 116 242 157
131 77 300 81 135
271 98 60 21 192
143 98 238 117 141
6 169 104 257 105
238 196 90 137 75
107 52 134 98 15
209 96 222 189 75
134 41 197 55 186
233 156 318 303 29
234 241 138 182 117
252 83 216 245 237
236 51 303 27 65
32 251 211 124 212
274 48 241 292 255
142 55 230 28 66
38 17 195 165 299
257 26 289 135 301
114 281 118 111 211
113 190 91 241 104
38 206 314 217 220
131 7 203 119 161
66 193 155 102 81
52 57 311 276 111
284 39 146 124 157
289 11 186 60 248
280 149 258 38 62
99 188 152 242 125
126 34 16 238 23
273 229 251 251 30
118 93 282 306 200
227 125 303 15 288
159 112 192 277 157
85 107 143 243 235
68 229 149 162 280
112 182 41 62 150
293 193 80 28 316
115 115 276 29 246
240 111 129 217 304
207 15 300 20 171
221 215 207 234 102
25 274 73 152 114
275 19 249 186 120
125 88 83 263 8
297 301 55 109 61
67 140 92 72 291
175 86 237 53 93
121 179 299 66 11
121 278 125 319 105
213 180 305 178 193
166 283 199 98 40
210 65 163 31 70
62 55 138 191 301
118 36 266 132 209
80 287 206 235 27
139 37 280 46 60
62 16 293 221 250
218 196 55 218 36
124 316 281 245 237
76 296 319 246 21
238 207 116 217 113
235 64 32 77 110
208 319 284 161 229
32 245 129 82 150
11 103 216 26 52
189 155 81 161 133
166 173 184 208 162
275 47 86 162 81
246 197 306 8 110
161 213 214 318 129
61 113 312 189 252
131 8 221 310 280
200 317 211 117 99
192 311 104 66 144
10 23 229 154 88
116 162 231 219 233
64 304 26 213 207
252 221 216 268 62
188 157 166 84 75
14 222 9 57 29
7 81 206 11 142
185 13 310 75 78
80 186 138 159 149
157 120 191 319 149
65 268 41 313 210
74 220 73 175 150
241 64 139 230 82
153 9 178 245 194
96 16 315 15 98
147 192 284 204 290
59 41 14 7 178
213 147 18 240 23
6 80 106 236 111
10000000 10000000 10000000 10000000 10000000
197 223 289 120 266
29 225 76 252 115
67 237 285 293 255
33 165 215 138 194
140 60 152 267 207
102 313 311 266 58
11 140 184 291 53
69 11 289 204 93
187 239 262 55 214
279 18 198 292 242
108 227 243 211 100
121 301 35 201 296
125 211 201 107 108
127 199 148 279 288
162 38 232 61 213
149 29 267 131 215
118 289 149 87 115
13 51 33 11 68
37 131 32 284 271
117 76 310 171 293
220 253 229 80 155
278 7 314 161 245
214 161 51 50 287
298 138 125 165 312
43 204 84 205 24
320 124 237 151 219
284 138 201 44 276
5 6 99 122 228
64 241 256 274 244
39 54 89 201 134
179 159 246 167 219
59 292 33 181 106
91 104 21 137 57
103 174 208 290 189
250 48 175 249 53
58 245 142 60 134
63 283 88 65 211
220 315 233 13 224
243 296 98 248 161
61 279 45 118 98
196 174 130 5 318
301 222 179 146 244
57 129 270 35 209
280 106 224 320 293
290 279 304 43 45
90 195 253 141 269
44 311 265 52 90
314 199 113 191 282
149 184 225 230 36
258 6 231 248 189
247 6 225 320 42
62 141 243 282 123
273 85 248 275 41
82 211 58 10 147
125 288 143 49 45
121 288 171 182 74
118 212 80 47 7
313 227 138 104 286
215 130 276 55 32
182 167 162 86 126
8 69 16 258 114
111 63 297 145 281
72 207 209 282 219
189 55 124 216 139
115 7 108 57 202
266 35 184 162 12
78 13 22 310 310
72 215 185 129 206
180 60 288 240 195
263 246 40 52 179
8 309 67 307 83
104 109 176 62 175
317 138 69 130 197
155 168 151 21 216
64 15 175 280 253
134 317 297 120 264
199 83 181 242 314
262 219 214 218 60
298 226 141 10 43
140 54 174 140 65
253 269 287 129 181
73 7 170 84 320
66 91 315 225 48
259 122 184 27 265
306 226 96 136 193
77 146 178 158 225
312 26 196 89 77
94 75 24 299 299
279 223 123 200 193
241 112 19 27 123
257 182 248 185 135
196 250 25 163 51
138 178 106 108 245
174 69 178 33 129
157 150 185 285 39
227 244 63 106 190
108 26 173 148 235
247 78 22 87 70
214 268 241 126 142
97 190 292 209 95
10000000 10000000 10000000 10000000 10000000
157 8 164 131 42
120 95 272 258 30
163 33 113 15 139
22 104 159 269 108
47 250 17 137 158
55 29 33 44 301
306 97 284 83 310
135 120 130 289 192
206 310 51 7 105
140 53 274 119 39
102 294 41 214 281
28 200 104 57 95
282 86 151 40 49
30 151 320 272 115
302 100 264 171 219
137 66 8 106 227
30 253 46 254 93
290 74 127 243 113
239 130 208 70 146
142 125 9 119 235
185 155 224 234 275
116 186 41 160 50
277 172 104 251 162
212 103 285 229 112
42 189 116 193 271
177 112 67 34 307
279 158 72 126 164
221 95 131 230 123
247 177 10 21 48
51 156 176 260 316
12 218 223 132 291
274 299 259 285 167
277 235 52 44 119
79 146 6 223 200
199 128 234 91 51
31 152 182 139 256
156 290 217 309 207
25 157 75 49 264
231 42 12 16 39
121 80 32 153 290
289 8 81 147 162
260 61 223 136 269
260 62 286 226 110
207 175 126 263 254
274 132 146 66 103
235 319 253 255 272
195 16 90 91 85
45 43 207 92 200
16 317 155 98 66
218 27 179 106 194
295 63 128 69 279
93 225 34 14 265
174 196 293 66 250
122 270 105 299 248
10 280 259 176 244
180 82 62 26 194
295 297 209 250 146
316 205 294 189 216
309 114 64 106 52
308 155 226 128 13
96 61 157 56 191
34 62 107 115 145
227 250 198 212 217
214 195 68 75 73
37 183 156 30 24
236 5 101 312 98
275 152 286 230 188
304 190 272 20 280
134 114 294 160 225
260 204 158 40 179
211 258 40 277 11
281 19 24 49 23
212 64 284 167 155
236 70 66 219 197
260 64 96 251 272
115 90 264 35 240
190 261 256 54 79
208 84 202 54 316
206 203 103 178 318
56 284 301 59 169
113 35 199 35 162
193 113 310 111 175
125 145 250 15 35
308 119 9 232 308
74 244 207 8 229
250 260 153 100 188
317 248 159 314 137
298 274 130 248 135
182 157 54 256 109
233 22 83 108 224
307 259 132 67 70
319 9 66 54 223
254 154 35 297 14
204 283 278 57 114
304 211 199 295 227
129 129 309 262 280
25 230 105 127 117
176 17 186 200 172
292 238 52 213 257
177 11 50 266 148
10000000 10000000 10000000 10000000 10000000
65 117 13 308 110
153 179 310 221 251
57 201 202 185 213
282 34 117 192 131
42 304 14 34 69
193 87 312 97 220
241 141 51 89 193
92 270 158 152 281
244 256 102 8 278
148 102 166 99 227
75 126 97 291 93
72 89 257 125 292
219 258 257 317 143
174 236 145 147 287
180 134 268 75 320
270 155 166 196 286
252 51 98 191 18
93 267 193 94 63
255 31 203 157 190
92 78 196 88 303
207 57 81 16 74
296 275 82 108 42
6 100 134 188 93
266 267 254 76 285
201 292 284 55 207
100 70 168 260 101
167 317 170 316 225
80 216 198 264 133
241 196 183 86 286
78 274 100 54 313
175 25 39 200 105
191 133 114 155 27
7 317 15 141 48
297 78 83 29 63
12 60 121 117 301
90 190 173 135 287
54 123 53 171 249
237 288 145 197 52
220 126 200 243 102
86 210 292 175 220
24 142 47 207 309
103 312 174 284 5
71 65 168 62 229
148 138 110 18 268
315 207 113 291 118
238 278 209 37 286
35 264 94 158 135
291 293 132 29 52
287 30 289 170 226
317 162 243 288 279
268 191 123 21 114
19 137 141 204 36
198 37 28 319 84
237 15 127 71 19
244 137 314 218 82
36 138 230 181 203
182 234 314 273 272
137 75 154 172 129
96 71 179 238 158
287 110 112 154 100
300 208 288 198 47
150 293 47 234 145
142 192 318 106 178
270 199 76 237 312
156 309 121 57 242
123 257 258 313 196
29 93 88 135 210
131 186 288 96 27
183 26 213 318 80
262 286 261 171 252
62 267 206 61 299
141 77 113 142 124
154 136 61 199 284
95 168 22 103 159
301 262 209 54 230
71 276 256 246 30
224 146 251 28 220
217 204 304 138 302
264 290 186 47 186
204 176 219 310 20
26 144 320 76 85
30 173 153 37 65
312 99 171 280 100
239 82 211 188 11
312 144 298 141 164
162 42 108 264 147
185 72 117 243 109
298 10 5 165 250
36 129 211 286 216
301 167 242 144 119
110 131 274 157 43
47 95 284 213 80
279 261 167 93 235
187 220 102 202 279
172 172 190 140 150
188 90 287 135 309
140 114 200 208 19
204 114 85 302 222
11 43 70 296 205
110 312 43 9 264
10000000 10000000 10000000 10000000 10000000
199 35 296 303 86
180 35 98 311 146
271 31 34 15 22
202 239 319 124 105
174 33 253 224 8
259 73 92 210 131
192 264 294 205 98
251 216 35 207 156
82 132 156 266 45
122 63 208 24 102
130 307 107 186 222
17 88 120 242 320
45 240 148 315 298
113 24 25 44 182
261 224 38 211 110
209 18 215 218 76
283 255 110 242 51
294 232 202 286 161
108 209 272 204 95
245 58 48 13 268
222 88 103 158 248
122 56 161 153 240
131 188 37 89 46
162 290 274 101 217
45 215 42 151 30
295 187 288 167 239
126 15 90 222 227
239 141 186 157 258
278 223 174 91 118
183 85 130 239 228
269 34 158 73 298
269 73 23 159 64
165 145 57 103 41
38 190 201 96 243
164 133 193 101 243
6 260 129 297 105
25 307 6 136 280
247 61 249 296 129
116 81 281 264 100
272 271 30 238 123
142 11 147 43 8
33 91 87 51 84
254 128 305 285 151
68 246 245 22 300
160 203 308 85 229
246 185 252 110 119
168 40 96 219 267
300 70 71 65 189
304 58 305 160 47
221 53 160 221 141
294 75 211 25 137
302 201 191 193 303
110 283 267 109 189
162 284 192 121 281
234 105 288 228 152
77 160 140 32 227
242 251 215 259 87
313 95 63 216 192
253 14 206 117 106
6 65 47 313 243
106 146 151 230 235
105 119 129 217 247
223 220 157 259 159
189 303 264 187 169
138 127 86 309 103
93 301 175 13 223
239 78 296 232 102
258 207 288 298 262
288 251 153 252 293
295 122 112 213 6
167 208 302 74 76
70 245 184 202 112
270 112 307 232 8
69 306 177 221 139
80 306 139 38 242
304 58 190 17 14
66 164 67 215 313
86 268 295 38 130
189 247 237 306 91
125 132 25 146 293
292 239 179 85 309
21 204 14 204 145
232 92 25 113 320
309 64 145 8 6
284 31 118 115 300
77 52 301 251 125
29 294 78 189 31
16 208 179 128 319
19 276 294 314 88
298 90 59 123 286
318 88 33 319 269
208 172 76 120 12
276 307 206 72 240
257 206 195 134 153
220 152 11 160 20
264 312 307 278 298
81 220 266 134 204
88 105 12 133 186
114 177 154 247 103
202 254 126 169 37
10000000 10000000 10000000 10000000 10000000
66 158 223 316 225
122 159 318 99 29
178 153 63 221 230
118 250 134 261 254
85 178 258 142 36
49 263 128 89 121
110 119 217 37 54
308 196 189 293 74
155 152 47 311 216
287 148 116 315 46
190 261 93 102 240
37 271 264 134 316
235 252 267 118 209
7 268 120 278 225
169 24 80 120 150
198 219 116 17 162
95 312 56 310 99
237 7 150 165 125
281 88 23 223 198
308 318 255 31 14
254 86 58 45 227
139 67 206 296 256
177 102 110 170 316
255 293 196 318 184
138 185 211 37 28
159 234 5 8 64
40 187 300 259 226
132 147 8 233 22
170 82 210 205 128
7 180 168 166 159
301 218 27 287 23
298 81 293 56 189
169 75 234 93 310
53 234 61 181 149
13 87 89 271 67
268 219 125 259 262
29 114 120 39 214
141 8 222 104 232
126 87 106 26 315
272 66 272 60 87
107 183 48 85 121
45 162 173 30 136
316 213 107 5 319
79 34 108 292 143
227 274 177 270 215
218 237 226 136 128
153 205 78 180 104
142 227 265 304 62
157 166 88 168 63
272 137 210 101 215
296 22 156 274 101
197 139 189 201 270
166 308 167 152 246
224 173 169 298 123
10 208 132 203 282
210 134 83 22 130
176 42 130 81 186
19 48 226 83 84
89 75 137 13 162
155 219 179 203 126
28 48 152 8 271
257 41 300 296 305
227 235 137 215 211
143 53 276 152 204
8 228 187 139 109
7 63 234 314 33
19 17 84 288 293
169 156 39 169 183
51 280 76 51 132
102 11 105 200 67
152 272 157 299 44
105 112 34 227 9
55 50 155 78 154
306 261 104 40 34
103 282 290 126 176
199 236 300 52 172
59 247 121 49 289
272 243 214 37 82
251 156 77 174 122
117 179 7 101 91
106 76 201 46 161
131 105 300 277 81
66 110 233 174 52
293 101 247 140 260
84 166 44 164 315
7 20 164 150 270
155 35 38 18 267
133 230 264 245 73
66 209 241 287 256
55 220 251 258 219
222 196 303 55 261
163 19 72 146 192
268 127 48 158 47
60 319 230 9 191
144 247 276 79 146
163 255 188 270 264
313 87 64 87 66
225 77 128 282 293
75 155 189 198 283
265 303 274 177 233
10000000 10000000 10000000 10000000 10000000
146 242 37 105 221
34 259 146 235 270
74 237 212 44 168
274 57 305 302 130
162 209 256 123 182
282 274 44 201 171
246 46 154 124 147
180 163 93 129 219
194 20 257 314 95
80 110 72 295 299
131 163 293 251 116
275 27 183 236 317
74 259 13 313 171
64 34 158 14 270
106 229 238 111 206
67 82 170 142 270
45 294 20 160 235
206 212 187 260 155
232 107 79 162 129
299 37 32 297 53
101 14 188 60 5
46 275 286 133 132
109 159 110 76 10
173 52 274 103 316
118 186 238 112 260
300 10 61 106 314
110 57 91 51 72
134 272 251 23 227
232 227 209 161 200
181 146 61 203 25
149 298 42 283 236
145 85 92 186 190
205 36 92 281 205
261 121 302 102 172
170 199 41 46 177
44 199 255 22 207
280 256 227 242 33
303 145 205 269 38
117 277 27 81 237
277 154 87 249 66
316 80 52 265 276
251 254 100 125 97
59 20 88 316 27
133 219 207 99 91
221 181 223 47 134
21 18 137 270 66
66 136 187 169 168
148 160 78 34 155
67 168 77 229 139
180 315 127 219 229
53 293 171 233 174
197 153 243 116 118
308 190 269 100 64
91 46 206 12 59
298 207 200 210 188
153 189 184 119 125
214 217 219 203 270
137 10 177 253 34
45 204 152 307 311
215 25 206 115 151
237 83 178 35 114
266 76 195 170 310
101 176 166 247 62
267 45 77 280 149
130 60 138 142 272
274 177 285 212 208
124 179 80 162 286
207 194 90 270 156
209 154 18 169 237
306 248 67 264 160
278 205 81 54 277
57 307 239 32 101
123 44 234 91 228
43 148 90 189 150
174 223 80 309 253
307 201 231 97 162
89 80 200 94 189
133 66 279 284 74
255 312 301 320 120
281 208 293 239 166
244 188 203 150 304
264 228 314 175 115
219 164 165 63 185
14 130 266 233 289
300 124 176 60 34
268 63 59 297 129
8 306 174 109 155
140 289 84 267 55
6 42 304 260 76
110 180 99 223 256
37 253 197 176 196
222 287 232 109 183
41 192 153 61 300
300 278 216 62 72
131 56 77 291 236
89 309 136 187 27
293 48 18 133 120
158 167 5 318 250
200 251 225 86 88
183 193 135 272 12
10000000 10000000 10000000 10000000 10000000
293 196 24 162 213
283 298 265 272 280
20 17 43 89 110
178 156 79 62 167
262 182 295 202 305
274 216 78 134 228
111 105 273 74 201
154 145 71 314 195
213 26 44 27 43
238 232 116 227 257
247 238 266 60 48
164 249 261 171 95
121 263 252 258 153
293 243 171 154 55
33 156 250 181 263
209 315 226 6 254
83 210 128 103 252
103 309 76 250 126
255 260 280 114 204
54 5 29 271 238
13 57 320 45 196
166 150 251 30 167
175 5 23 218 90
48 8 198 92 139
17 215 151 243 317
123 14 190 290 39
206 57 234 275 61
142 82 267 304 68
293 40 300 23 75
268 271 18 74 147
58 28 52 317 234
114 237 33 283 211
64 177 140 54 5
152 132 132 139 253
202 218 185 290 73
127 87 69 98 188
244 96 17 230 35
13 178 99 169 295
101 66 171 206 223
146 108 291 44 243
18 49 280 288 306
252 292 139 229 209
43 315 224 46 231
290 76 166 62 163
119 317 299 128 90
71 241 291 212 130
34 294 153 232 299
297 34 186 233 12
259 275 34 187 241
300 228 188 45 310
287 199 235 204 5
79 288 101 227 76
180 10 21 214 93
116 135 39 123 295
241 90 236 280 133
190 165 173 23 150
121 309 239 177 303
59 26 194 167 218
247 246 230 222 57
305 145 214 61 126
49 82 94 258 199
14 91 282 93 257
258 295 226 123 62
80 245 226 145 200
156 275 287 249 142
6 38 20 293 210
299 207 300 203 74
70 218 198 122 264
309 80 304 153 170
80 129 200 137 44
195 270 320 207 306
33 286 13 100 163
99 192 67 31 249
69 25 146 130 21
220 244 259 260 147
77 37 21 67 10
179 80 49 192 20
19 68 197 297 146
254 159 288 233 200
23 142 133 212 189
287 102 80 214 235
44 305 78 108 55
142 67 117 280 193
259 152 11 63 6
139 174 175 221 200
136 117 210 212 141
278 179 169 263 240
295 274 90 156 210
76 253 38 286 79
59 289 126 251 229
186 243 239 308 45
233 307 78 62 58
56 22 288 36 59
175 196 216 256 241
166 288 217 279 114
82 186 126 211 189
255 248 178 300 38
116 42 264 78 198
225 311 52 95 166
152 63 162 174 266
10000000 10000000 10000000 10000000 10000000
77 64 159 104 35
265 221 21 252 36
258 99 304 150 136
260 125 93 313 132
171 291 88 145 155
281 248 174 25 246
215 317 54 11 164
298 194 109 96 15
280 195 216 28 178
104 220 179 227 275
34 207 182 33 100
107 117 33 173 306
112 271 26 72 241
30 65 223 106 230
199 44 17 243 92
151 278 30 145 254
247 67 18 82 142
241 198 244 261 120
96 119 283 161 133
34 307 78 86 306
241 277 129 303 303
295 269 174 164 257
262 123 76 139 292
303 166 297 218 307
247 99 122 208 59
319 251 108 264 56
36 166 162 188 249
312 118 158 142 101
113 6 235 220 82
22 108 250 114 36
140 188 222 99 13
297 58 186 76 130
240 136 280 79 169
236 174 181 230 274
243 291 241 31 39
195 214 318 162 274
165 93 36 62 125
126 130 57 235 184
90 197 74 179 301
130 145 250 320 43
93 168 314 140 178
285 288 137 50 173
66 56 111 167 199
169 31 177 208 67
21 102 314 199 209
158 17 311 301 285
163 159 7 112 300
133 98 319 30 150
305 254 142 94 221
254 153 303 75 203
53 68 109 261 57
182 135 201 312 270
242 56 169 301 51
178 238 70 42 197
300 123 22 37 189
60 70 214 173 108
178 194 315 295 228
263 286 238 45 95
297 169 223 183 209
20 56 47 251 294
126 181 87 219 134
168 79 197 287 320
25 160 100 135 121
58 280 70 292 236
44 119 63 299 22
96 157 83 152 141
101 13 13 75 310
105 57 318 33 233
197 106 315 178 199
148 59 249 167 259
253 143 291 273 91
131 261 98 212 15
169 255 40 276 173
154 29 152 212 124
309 145 216 130 162
264 207 307 267 256
159 314 314 307 219
125 123 143 82 182
280 94 85 259 73
164 206 187 159 174
102 108 253 299 196
79 220 192 216 52
151 140 20 281 78
199 266 237 50 285
278 213 40 157 271
50 169 17 10 226
42 40 165 83 80
107 224 92 225 112
215 257 12 170 273
144 190 166 156 251
193 148 59 114 209
31 191 95 291 278
81 37 299 88 107
98 287 304 254 68
56 82 246 85 187
217 287 152 284 64
106 59 61 195 248
207 220 213 155 229
269 133 252 110 21
29 201 9 288 80
10000000 10000000 10000000 10000000 10000000
138 300 307 311 139
137 274 295 105 101
197 171 162 160 35
192 144 111 199 242
276 220 181 226 101
143 208 125 176 319
20 140 312 258 30
284 169 259 66 129
238 67 105 248 243
291 15 91 304 64
141 320 291 151 253
198 266 227 183 203
304 242 226 279 309
211 99 120 84 139
185 138 187 260 124
274 276 53 62 281
180 5 141 145 252
156 146 297 221 44
176 144 211 280 219
72 93 8 169 286
55 74 143 300 222
252 96 266 88 40
178 279 213 319 283
159 275 29 248 313
54 174 203 244 19
28 144 234 250 142
101 202 188 53 137
168 156 13 286 270
209 31 200 163 51
264 288 254 297 121
56 114 318 205 217
272 253 197 154 23
296 161 237 60 39
57 27 217 218 215
31 125 142 33 246
167 60 129 214 265
271 307 317 23 93
139 278 155 75 84
213 100 215 67 30
26 142 108 233 168
180 70 159 118 315
299 292 169 303 114
284 69 163 89 247
65 191 87 297 212
245 272 197 62 23
173 287 171 197 28
20 250 39 267 53
215 285 200 255 131
293 46 319 118 197
176 206 33 249 47
10 296 161 24 248
146 138 169 185 286
111 269 22 26 40
182 63 179 271 78
291 302 299 33 64
263 113 134 108 37
311 105 242 268 261
202 210 320 225 270
308 164 76 258 67
156 223 126 208 284
101 49 23 256 180
32 158 23 195 316
309 62 304 68 135
139 79 304 309 33
10 133 174 92 38
218 205 274 15 24
193 231 193 97 270
198 94 176 123 124
30 216 306 73 61
179 20 189 126 297
92 210 157 242 145
169 28 209 208 279
289 199 17 180 319
297 158 300 313 307
93 120 278 100 157
86 222 49 292 223
311 289 43 302 304
152 138 144 19 102
73 23 307 172 134
255 251 103 204 104
226 22 258 99 105
207 285 274 43 101
97 313 59 264 186
157 48 258 286 20
113 53 101 23 151
216 11 106 215 123
249 122 174 82 54
64 309 154 304 238
301 8 51 76 198
30 148 268 31 283
47 134 221 95 291
63 223 43 271 141
136 257 304 296 176
65 317 195 214 90
280 129 312 271 296
258 199 302 180 83
144 259 303 85 26
291 269 217 153 296
21 141 319 249 295
242 301 289 301 46
10000000 10000000 10000000 10000000 10000000
242 123 159 110 122
175 35 65 142 288
32 300 204 305 24
273 16 69 52 248
188 250 290 84 278
216 235 131 197 78
263 253 151 73 101
64 230 160 74 311
183 238 235 6 57
199 139 85 64 266
304 185 98 232 233
216 223 261 53 95
211 262 178 194 97
173 225 156 258 61
55 25 25 127 168
247 47 201 29 55
243 25 202 250 99
143 34 256 107 232
66 300 64 10 245
223 168 311 132 271
5 296 187 19 208
5 90 50 119 239
142 172 207 134 166
150 181 35 127 112
302 71 176 131 64
311 313 37 134 40
64 295 279 303 204
82 244 227 67 284
208 164 79 114 298
307 283 198 246 212
52 162 250 42 109
67 79 319 157 317
153 220 86 222 123
157 182 115 218 211
85 34 210 170 176
256 227 29 39 166
201 225 19 23 143
196 201 227 229 69
203 277 153 159 44
132 47 139 107 143
203 208 181 90 124
144 15 286 8 235
161 64 121 177 170
95 160 230 260 246
292 256 279 210 104
78 169 104 164 258
242 71 277 14 157
245 83 207 26 6
176 239 223 150 232
233 223 110 158 248
170 247 176 293 115
254 22 7 155 8
201 223 139 15 156
244 317 148 30 45
162 241 319 70 288
15 88 147 57 178
224 243 88 265 117
204 166 199 32 34
275 228 78 86 210
244 229 127 320 154
214 247 15 112 243
296 136 244 56 125
125 89 190 132 40
16 90 141 76 256
192 109 129 23 224
306 131 9 318 103
228 274 291 9 8
188 31 174 56 181
6 274 257 223 297
151 241 318 189 35
170 77 238 73 287
188 127 190 245 115
195 284 262 307 319
171 91 174 129 88
296 207 130 38 76
12 45 54 25 37
174 43 10 219 310
161 152 130 183 48
80 17 158 129 284
14 189 33 174 151
138 76 216 265 245
177 38 260 83 150
237 239 312 191 229
98 272 147 99 116
21 147 303 155 57
267 286 130 19 53
237 151 93 86 219
106 104 60 220 9
200 184 13 9 186
33 195 21 80 82
22 255 314 26 40
36 10 13 180 228
243 299 9 127 135
67 96 103 127 219
153 160 99 86 234
225 33 32 168 14
141 220 109 41 117
108 260 301 229 155
224 123 66 205 18
91 86 266 211 316
10000000 10000000 10000000 10000000 10000000
295 126 179 108 28
217 58 83 271 310
138 239 137 131 8
168 309 260 56 249
115 305 171 152 160
107 217 226 22 199
161 184 257 131 85
230 314 265 158 124
263 132 244 181 294
57 58 46 175 135
206 307 17 151 227
249 168 222 308 42
225 198 234 188 123
162 306 88 199 27
229 208 79 196 37
10 296 179 318 68
50 131 25 223 255
38 189 280 164 255
103 34 183 242 68
18 206 201 243 175
165 43 95 117 38
13 272 172 304 198
74 293 262 104 256
18 99 60 130 236
9 22 265 182 38
13 154 225 289 182
144 316 219 97 13
36 316 123 155 261
86 281 144 212 256
35 20 287 179 17
87 142 120 43 176
283 96 33 122 247
267 121 297 80 158
71 44 316 198 180
307 218 302 95 280
198 143 162 93 130
9 47 198 278 81
146 199 217 240 190
178 314 73 209 43
283 297 17 108 69
270 275 123 247 154
143 289 240 147 34
284 262 172 81 257
288 295 201 57 206
201 160 183 169 182
54 32 146 130 59
128 37 141 305 203
87 87 69 28 198
140 158 267 32 64
228 202 244 70 140
6 100 154 48 93
232 260 237 280 80
211 280 194 172 106
142 235 135 155 38
31 7 314 241 73
71 201 135 315 158
150 290 223 258 270
267 175 22 89 260
221 53 220 158 223
186 128 154 284 123
52 304 118 128 249
132 122 94 85 248
312 74 316 140 47
188 58 219 240 311
274 155 123 249 111
135 278 169 298 6
57 129 44 35 303
175 25 145 234 111
110 268 168 44 70
233 31 286 187 311
240 78 75 289 197
255 85 35 284 231
201 170 233 201 268
170 231 37 227 27
283 214 277 157 279
298 142 253 262 220
231 242 263 153 61
157 221 245 93 141
284 262 242 212 204
318 158 256 167 133
62 34 243 148 276
132 169 89 261 210
88 216 188 78 5
190 259 290 23 222
319 278 135 5 282
107 20 13 35 42
93 153 178 251 285
259 159 51 200 48
63 103 38 311 213
88 227 81 137 151
190 281 302 206 267
49 23 17 150 179
307 151 87 238 56
97 173 213 35 208
148 272 148 6 124
105 94 212 138 47
287 18 305 139 84
112 115 115 238 180
240 204 47 188 299
212 303 186 275 89
10000000 10000000 10000000 10000000 10000000
223 198 180 234 320
271 197 312 274 209
55 307 286 33 178
272 218 189 80 297
121 55 160 107 70
112 37 143 201 248
217 226 15 71 182
141 9 70 138 269
127 109 140 300 203
229 226 154 103 141
299 176 40 103 88
316 204 222 24 130
48 52 318 155 172
28 76 18 312 236
238 256 89 167 176
180 68 239 227 30
257 114 308 60 98
65 169 314 19 121
258 257 202 312 255
143 156 154 251 122
208 110 267 280 201
24 15 253 87 191
314 175 307 161 296
192 137 253 233 241
292 294 174 292 82
261 143 301 150 63
215 302 301 54 268
121 222 263 245 196
233 245 232 102 33
220 17 314 206 187
6 300 112 47 195
18 320 116 179 15
287 97 40 216 262
232 312 153 97 61
316 212 150 155 222
213 87 207 16 114
218 118 234 299 305
34 208 283 49 199
103 217 309 116 199
88 153 285 301 243
289 312 67 187 22
223 23 51 217 64
115 305 298 50 21
131 166 222 62 48
237 164 185 246 176
314 63 215 140 276
293 275 217 136 244
117 143 95 44 225
56 94 306 171 173
32 27 188 137 46
186 233 93 310 134
222 271 41 258 93
115 175 132 43 151
153 48 18 34 90
65 253 294 26 287
83 296 40 200 279
191 200 128 64 34
12 99 183 303 253
280 81 154 179 10
57 121 126 224 188
308 186 173 170 167
153 281 87 213 128
301 264 63 31 203
160 224 238 225 122
184 216 131 282 113
280 265 287 46 57
66 95 85 311 187
72 305 73 190 200
260 253 94 223 40
271 301 186 44 254
45 240 152 299 296
171 290 146 18 194
276 252 311 220 280
289 9 188 156 91
24 249 190 111 290
187 251 115 217 94
65 205 47 51 68
142 78 142 77 27
279 177 270 23 168
112 36 246 245 296
19 293 111 114 181
276 234 88 10 13
61 97 133 259 50
303 275 241 87 74
282 60 90 109 222
216 7 33 58 226
104 294 160 189 126
164 153 221 315 71
23 218 268 9 276
259 115 72 13 282
69 252 243 257 190
152 143 240 159 136
138 11 6 95 310
154 186 101 51 277
293 294 93 194 72
5 219 12 148 95
238 115 139 299 243
30 193 241 13 75
55 157 199 104 48
272 195 203 134 165
10000000 10000000 10000000 10000000 10000000
70 10 98 9 219
278 292 145 33 15
138 238 5 35 311
275 49 219 206 278
267 234 276 175 210
91 14 189 218 242
217 274 144 245 251
295 20 11 241 173
75 146 159 277 109
7 218 206 239 216
5 95 66 213 22
272 243 119 168 78
159 286 61 233 290
319 265 160 291 42
87 240 295 109 220
80 33 151 25 58
122 7 318 84 243
209 200 127 94 25
108 75 163 280 63
84 202 86 63 197
320 27 82 222 43
278 194 170 266 128
60 208 277 12 156
243 170 264 147 137
198 45 19 208 239
208 29 154 19 140
228 319 67 8 299
300 26 20 246 309
104 218 226 190 91
119 75 97 305 73
293 303 177 289 255
215 211 218 212 54
244 99 63 182 17
59 284 78 55 160
260 132 175 7 132
188 257 196 89 99
83 306 197 23 179
139 319 252 272 205
310 49 187 179 116
241 21 36 34 279
266 36 289 253 34
94 148 161 315 309
219 319 251 124 93
86 32 227 47 217
186 180 124 202 172
251 119 241 126 190
98 186 252 72 316
10 62 187 79 69
63 320 102 33 202
299 171 214 267 198
50 197 39 261 296
112 279 31 123 122
74 107 32 80 109
83 19 9 36 155
19 28 189 176 260
235 146 311 214 186
73 244 279 90 111
194 114 11 169 76
243 142 58 173 245
151 297 26 319 68
274 303 258 238 128
225 237 96 310 28
175 48 29 11 88
281 73 282 249 317
109 120 235 47 41
249 247 173 66 207
56 173 132 197 193
320 42 236 121 320
37 235 107 117 302
312 71 232 227 195
266 15 298 126 285
28 261 144 280 286
314 89 33 197 293
320 62 275 127 146
267 236 267 132 106
115 79 293 148 203
317 93 229 109 315
54 6 280 75 151
257 213 8 237 221
320 276 7 134 12
187 21 227 164 82
285 223 279 164 318
311 132 113 134 132
59 276 217 110 292
37 131 36 36 238
176 124 80 126 112
114 291 38 18 24
230 252 7 161 44
97 103 60 249 274
114 300 99 285 31
114 107 103 48 50
320 261 251 177 60
242 153 306 134 197
35 306 295 62 30
319 147 257 224 63
26 299 206 182 48
318 234 21 244 83
79 143 109 258 281
58 208 283 18 214
181 34 99 94 118
