10000000 10000000 10000000 10000000 10000000 10000000 10000000 10000000 10000000 10000000 10000000 10000000 10000000 10000000 10000000
150 151 276 207 24 217 309 85 14 242 26 225 306 11 279
296 96 241 319 314 273 92 11 199 53 57 84 158 225 160
94 248 265 345 40 43 323 294 56 292 24 12 59 80 256
265 17 123 222 285 41 334 9 293 34 256 43 78 190 192
282 157 56 213 124 160 208 301 28 292 178 259 154 217 48
342 150 266 89 79 259 54 284 313 73 238 270 109 262 295
335 166 141 284 217 220 279 168 187 233 197 274 139 175 82
46 195 77 336 287 131 203 271 66 112 205 98 307 149 291
39 114 227 106 56 207 209 73 181 150 227 5 344 253 246
86 71 14 33 312 229 52 12 154 222 21 340 324 126 77
99 91 339 245 311 32 238 265 318 58 21 310 325 324 137
145 328 282 226 41 131 52 23 137 125 313 161 165 42 335
6 12 85 262 94 44 302 303 78 264 71 57 258 237 153
245 135 55 148 345 294 309 269 42 163 271 346 255 41 184
140 310 318 214 272 71 104 255 126 7 277 95 212 220 105
323 115 224 89 176 67 53 293 247 213 180 248 347 81 90
66 65 91 301 223 261 161 222 75 132 118 50 133 260 202
91 109 188 182 155 288 182 347 248 10 210 32 218 91 316
58 340 75 238 51 194 232 144 291 113 93 320 7 14 261
25 63 46 112 242 312 230 150 113 60 156 106 89 264 218
35 102 163 14 322 53 286 139 221 54 209 107 233 49 55
16 301 250 220 23 149 148 266 68 210 274 153 246 74 275
16 291 113 305 174 105 5 228 220 58 317 131 105 277 51
77 315 266 171 227 85 98 11 131 263 222 224 136 148 315
268 250 132 272 99 99 337 102 216 40 302 120 206 41 316
48 120 66 211 68 246 34 321 149 123 259 301 273 281 141
193 318 284 302 8 205 11 197 290 64 251 275 55 317 268
238 262 104 343 45 194 60 169 170 35 16 160 131 9 127
315 55 338 29 132 257 231 110 194 51 46 8 304 45 203
99 205 93 100 255 190 282 213 124 79 88 45 16 37 198
238 66 15 331 13 209 142 48 329 51 341 168 123 48 332
169 128 237 55 77 237 191 239 26 136 288 320 302 111 192
62 300 131 242 65 149 220 182 282 126 308 256 346 152 265
227 14 61 225 311 127 123 332 98 220 81 268 14 340 121
210 268 297 282 321 188 27 179 214 199 90 169 205 316 154
106 103 147 212 262 137 332 275 133 321 37 38 176 247 311
184 307 150 142 199 128 158 142 103 6 44 316 33 309 277
25 235 187 204 61 49 239 100 148 38 15 28 10 18 159
96 192 60 252 51 197 131 121 55 100 204 95 90 18 169
120 104 56 312 177 346 344 88 43 85 80 104 98 81 269
79 252 282 93 207 234 240 280 325 97 112 211 285 239 49
6 68 310 308 6 183 93 115 132 64 200 80 67 94 63
337 236 72 161 97 181 98 45 321 273 56 117 189 209 248
59 317 110 155 250 172 303 141 45 176 281 220 153 312 107
177 35 7 198 346 192 44 130 189 41 91 278 337 238 186
303 172 48 12 51 284 162 81 192 85 15 298 253 291 102
256 301 199 261 106 42 175 298 72 189 309 174 143 6 30
77 113 308 79 73 104 346 207 103 243 115 288 255 204 159
207 76 225 267 89 294 215 247 77 291 140 104 181 235 82
274 65 146 179 75 267 50 33 154 206 16 170 197 340 43
346 15 325 140 260 12 162 224 295 154 21 231 307 194 99
344 253 277 284 10 94 245 262 86 63 344 173 90 262 328
316 281 161 226 82 242 335 108 209 44 205 50 168 140 63
126 216 131 160 335 161 326 287 271 224 188 323 201 58 312
196 161 99 211 300 339 103 230 138 217 278 297 131 346 238
176 128 169 317 163 164 109 107 78 194 295 344 201 88 165
278 284 172 54 312 90 204 70 108 263 224 260 27 301 110
201 9 189 77 43 123 347 300 129 247 233 309 25 217 204
237 324 299 227 334 274 246 297 73 138 247 73 171 138 228
161 344 276 122 182 139 68 105 183 75 52 14 199 169 228
59 279 221 142 289 252 93 309 219 152 142 153 53 319 342
270 301 329 96 83 72 196 210 69 346 272 281 64 12 259
143 287 185 285 220 37 308 66 56 260 254 293 33 335 262
143 75 299 69 182 208 277 42 12 295 152 132 76 291 278
10000000 10000000 10000000 10000000 10000000 10000000 10000000 10000000 10000000 10000000 10000000 10000000 10000000 10000000 10000000
137 195 231 59 211 146 263 96 183 36 278 254 198 246 345
227 75 118 50 145 203 315 210 181 97 132 170 238 168 316
14 236 182 164 158 185 89 183 275 283 199 26 23 278 219
49 20 289 319 258 37 6 303 121 256 277 213 182 239 278
87 323 238 145 93 213 43 42 323 48 98 26 66 141 51
218 233 100 150 180 142 21 149 305 251 269 67 110 199 277
75 335 137 120 90 133 171 267 6 95 237 237 172 107 70
10 71 107 232 160 280 87 284 219 250 216 177 241 152 76
160 38 258 197 178 140 177 63 20 144 289 332 104 188 206
23 155 42 179 182 205 129 56 331 139 284 273 288 289 126
50 242 232 285 179 13 212 68 311 77 138 135 322 56 72
227 113 300 171 119 205 267 159 13 85 24 234 63 174 183
175 76 25 316 15 303 287 154 242 124 209 14 258 14 144
274 115 198 256 53 145 225 64 25 304 95 307 17 34 331
136 259 88 142 293 233 314 207 240 241 60 189 160 329 80
286 139 326 146 90 297 235 84 292 320 82 43 221 178 49
217 256 77 71 262 77 221 217 55 270 133 288 178 317 268
203 216 143 78 256 95 67 325 345 96 208 155 325 61 174
22 81 68 68 142 321 249 7 16 292 11 63 320 46 178
275 230 48 230 256 236 232 273 126 212 288 106 72 102 287
97 201 113 21 253 280 89 229 97 339 94 87 125 276 23
271 52 5 294 321 269 325 319 105 255 309 217 99 147 193
112 208 323 17 156 208 286 317 187 138 159 262 38 240 125
144 161 35 60 67 170 181 88 283 284 139 196 278 121 71
243 186 116 299 207 135 170 241 319 252 11 238 266 141 140
270 93 228 188 197 253 129 226 294 70 343 75 104 151 263
191 30 124 335 45 77 252 255 56 7 126 309 316 342 176
275 253 335 280 253 173 317 78 115 151 295 51 84 256 220
247 149 203 163 104 258 219 170 79 119 247 338 32 241 141
336 18 72 207 133 100 123 47 229 338 72 316 319 344 234
298 203 279 30 151 26 205 151 185 181 345 89 52 7 202
22 148 6 320 268 193 136 256 206 139 72 14 283 321 329
341 284 5 296 260 105 325 173 17 331 107 247 331 64 316
211 341 190 118 234 235 330 48 203 51 58 6 117 52 206
6 320 265 297 117 324 282 254 192 334 209 177 46 118 78
30 251 62 319 281 32 66 63 27 39 248 81 125 247 138
326 219 319 73 266 189 99 152 209 88 284 181 155 332 123
339 187 77 325 248 188 49 150 307 59 154 248 253 102 346
305 75 59 77 168 324 102 303 309 315 181 127 182 158 256
142 146 144 247 325 60 156 143 197 154 101 148 186 131 309
208 13 39 47 107 282 342 53 115 302 192 135 175 25 115
266 231 199 235 224 181 76 84 115 232 321 149 331 206 329
270 170 272 250 112 330 168 334 223 21 135 154 337 30 244
304 270 11 30 160 214 211 141 67 234 40 111 89 209 295
227 19 48 274 239 124 127 37 195 119 91 212 211 157 33
61 196 140 316 284 228 113 179 23 225 329 324 114 109 302
201 103 195 248 173 152 284 26 50 186 272 183 301 333 71
35 325 132 116 108 119 149 208 320 231 204 231 49 216 136
289 41 337 277 54 176 136 14 103 37 219 180 18 347 298
94 20 131 176 204 6 151 169 178 170 314 23 145 264 254
172 254 302 217 57 113 333 284 228 187 328 291 185 11 72
105 43 89 136 257 267 259 21 31 50 197 331 138 52 346
181 23 278 254 90 148 164 252 203 343 209 299 150 204 198
88 127 22 272 301 204 105 153 157 291 257 240 44 254 69
218 14 26 205 20 140 205 280 55 169 240 114 166 332 41
9 346 203 159 229 318 54 54 206 175 140 163 51 216 185
69 76 309 292 346 8 248 309 80 90 57 230 257 210 69
107 41 149 82 19 297 192 139 301 268 27 62 155 228 163
57 120 102 302 142 38 206 121 114 242 249 122 257 327 15
282 227 114 293 15 210 203 33 94 93 114 6 30 155 166
212 34 115 73 182 333 186 30 330 278 170 151 41 185 210
74 241 132 341 186 45 301 140 67 108 166 16 324 269 260
280 323 338 245 345 79 115 209 299 203 280 163 97 129 103
302 182 105 188 115 322 271 311 42 253 121 88 185 105 291
10000000 10000000 10000000 10000000 10000000 10000000 10000000 10000000 10000000 10000000 10000000 10000000 10000000 10000000 10000000
107 347 335 111 92 227 245 170 318 306 10 270 323 253 31
225 118 62 311 266 266 231 93 70 255 331 320 295 170 266
68 214 342 215 336 48 43 246 115 324 131 129 299 270 9
325 136 216 108 46 51 43 60 187 138 55 259 152 109 36
251 202 133 302 125 312 250 205 92 8 28 27 184 162 114
67 260 55 337 14 53 191 33 24 24 174 16 203 127 14
68 163 207 171 301 281 65 293 240 153 54 80 169 296 133
75 78 227 330 306 322 179 266 154 226 166 230 140 242 265
338 43 298 143 23 143 153 151 229 45 267 307 211 96 156
283 139 262 304 244 24 48 343 205 296 269 28 37 183 118
312 324 220 158 27 346 144 320 202 332 311 41 52 197 59
280 112 265 188 28 18 56 190 323 118 200 132 174 56 337
80 343 45 37 308 117 339 126 256 159 79 341 87 312 210
185 20 125 22 15 17 327 49 309 144 308 79 34 173 174
339 178 55 273 289 250 116 171 290 168 242 191 296 226 225
272 67 327 340 187 128 52 272 160 232 21 101 265 312 44
288 347 119 161 302 126 9 275 346 109 52 338 295 25 117
99 148 153 49 100 76 274 221 139 274 219 14 276 153 201
133 306 338 167 119 112 268 320 190 150 318 38 6 20 116
329 144 50 11 51 185 85 346 157 270 299 220 340 145 271
302 187 120 75 105 34 285 176 54 340 84 287 300 112 326
288 218 88 312 252 227 330 257 78 79 185 20 198 347 337
270 8 346 331 61 57 27 137 67 97 315 154 247 162 271
96 116 103 253 290 319 140 72 104 28 195 220 102 31 8
14 289 36 268 135 240 36 191 62 201 321 140 133 188 36
272 142 230 234 152 68 167 157 32 233 85 21 82 226 91
56 137 115 300 177 134 142 166 233 333 31 221 8 39 338
38 324 100 225 166 28 99 342 105 93 79 146 38 32 345
337 42 304 263 72 125 130 266 102 267 71 279 104 227 279
21 85 109 329 36 293 163 52 281 84 250 275 79 309 264
278 77 163 67 25 271 130 259 323 229 230 10 329 180 155
126 93 90 172 17 210 53 336 288 205 306 125 122 70 143
35 94 233 329 207 78 94 272 234 188 267 209 66 280 261
329 115 140 256 195 5 312 224 309 253 183 236 80 115 259
158 55 320 121 143 338 110 260 177 130 181 124 202 152 223
307 87 252 209 112 144 71 192 39 298 43 152 181 319 254
116 126 330 182 256 235 98 249 259 121 333 39 317 298 79
151 347 298 47 90 47 193 225 120 21 254 217 55 130 84
292 233 192 11 171 280 145 119 220 91 189 249 291 55 217
152 194 163 220 174 6 139 106 78 180 162 169 310 53 175
91 15 268 237 196 323 109 228 12 289 265 170 227 165 238
339 206 62 297 207 325 237 285 334 22 155 280 269 103 189
255 331 221 329 180 45 277 120 188 260 291 305 229 54 40
171 123 347 136 51 9 27 324 84 276 342 237 301 191 238
181 291 145 308 151 10 65 111 95 323 76 9 81 122 70
316 181 62 129 340 35 174 179 43 15 332 32 308 21 171
59 300 174 238 272 11 330 168 132 33 87 193 37 270 326
186 305 335 282 94 54 153 248 111 102 62 289 99 155 210
70 214 94 32 248 76 186 155 195 211 180 215 121 185 40
122 156 254 29 114 62 58 232 271 171 299 157 225 98 301
339 197 224 169 240 15 154 286 295 173 185 33 191 171 235
102 121 226 341 48 168 319 62 64 183 180 139 34 37 202
295 42 198 325 280 295 13 347 321 224 93 259 278 35 197
98 42 141 130 201 82 259 316 146 187 293 175 171 138 226
190 142 294 245 277 303 278 235 112 226 71 134 145 148 257
194 145 97 326 247 258 37 305 279 223 345 315 46 304 181
321 223 142 325 20 8 280 160 50 299 195 249 229 226 229
191 85 115 104 261 209 91 253 238 19 197 172 169 270 83
23 193 175 305 278 78 135 212 297 322 301 347 256 128 76
22 152 122 147 183 284 98 139 21 77 28 236 175 189 290
76 148 208 20 303 243 220 230 78 177 149 97 104 23 168
193 333 17 176 293 338 27 206 300 245 62 72 293 226 215
142 317 335 244 38 83 142 61 268 254 101 191 259 124 117
97 102 311 264 301 31 107 277 5 277 276 113 243 345 328
10000000 10000000 10000000 10000000 10000000 10000000 10000000 10000000 10000000 10000000 10000000 10000000 10000000 10000000 10000000
215 168 329 203 5 322 198 80 265 85 227 131 22 296 163
206 310 56 9 297 230 197 261 92 295 258 265 250 67 334
6 148 322 276 23 72 31 81 304 42 155 40 32 249 286
319 169 324 25 74 32 250 290 21 57 135 304 327 300 184
6 266 47 94 329 171 225 314 276 83 173 127 159 216 209
337 90 237 175 202 110 327 319 288 309 91 77 167 169 9
168 7 45 101 109 300 194 217 101 306 95 134 134 221 11
321 242 293 215 31 294 95 133 121 71 241 104 314 295 290
109 232 103 287 220 84 196 98 207 58 52 77 237 95 119
147 176 222 54 229 215 322 111 102 38 168 79 181 242 32
321 124 8 254 334 262 9 22 267 125 301 328 183 251 204
322 334 24 307 28 156 206 23 234 162 203 72 161 241 23
322 334 251 162 87 64 241 115 302 221 258 74 49 235 48
243 213 317 292 287 221 120 41 109 56 88 199 56 228 165
343 108 279 45 65 312 296 62 256 195 188 71 143 6 183
202 274 201 177 221 65 143 236 135 324 333 276 323 79 309
39 205 228 292 201 284 39 59 7 337 284 67 266 231 142
181 196 106 34 259 73 236 288 280 97 177 326 182 310 344
65 233 117 90 225 317 90 253 286 242 326 274 327 326 343
344 194 103 120 185 14 66 222 316 22 179 58 323 297 252
122 98 314 338 216 136 300 277 156 181 225 311 82 9 291
167 78 5 294 279 163 168 269 110 111 45 11 210 51 293
316 190 68 96 79 326 116 192 150 211 293 133 172 172 309
209 7 259 283 134 120 299 291 162 273 126 283 24 315 308
104 130 204 8 56 45 76 76 48 38 56 129 22 176 76
80 84 120 264 22 178 5 6 161 89 162 196 246 92 228
72 65 341 241 190 248 309 178 75 40 199 43 45 161 5
121 73 190 83 29 150 342 168 12 255 287 299 319 121 47
284 97 258 224 210 130 69 126 229 241 241 283 40 59 89
37 322 129 129 99 314 10 206 90 255 62 275 119 74 344
207 25 37 265 314 57 323 299 189 273 227 123 287 232 119
155 288 125 312 334 237 254 296 126 102 144 73 239 46 117
147 210 16 9 307 116 250 273 53 201 58 51 220 113 57
322 305 137 22 42 155 252 124 104 41 220 144 324 322 49
252 142 93 312 53 191 277 70 131 254 305 187 325 238 289
219 322 318 140 221 95 104 330 202 110 274 255 143 84 254
136 271 112 131 271 78 119 271 248 224 72 293 86 97 42
52 254 135 7 201 79 35 168 39 53 328 227 112 327 329
337 300 342 100 331 285 313 317 220 155 132 306 41 207 177
239 229 268 205 312 167 309 340 115 151 89 181 108 26 326
64 104 340 303 185 116 157 238 315 204 87 294 165 20 230
117 272 58 225 74 214 268 38 235 103 59 30 309 85 93
99 14 9 268 211 135 94 55 230 183 107 64 134 294 156
326 258 254 122 73 82 332 89 119 266 315 96 224 54 274
208 270 67 228 109 205 66 320 282 142 280 24 274 100 320
202 112 180 306 33 323 19 166 236 223 83 211 335 323 193
271 333 215 190 185 113 47 47 237 81 179 112 128 296 183
292 85 61 39 265 206 264 223 285 269 199 316 306 279 328
12 28 281 45 39 273 271 278 227 193 158 36 43 8 248
35 126 67 44 269 198 317 171 66 347 73 178 28 203 256
302 173 66 53 341 68 210 273 44 303 315 50 189 292 256
346 22 169 109 336 229 238 251 91 156 249 177 224 226 340
337 127 129 98 174 75 200 328 299 191 204 198 275 164 173
335 330 256 279 334 261 314 9 224 141 73 134 248 248 247
145 278 32 105 253 308 125 78 284 102 330 105 277 231 248
112 231 189 28 163 251 94 63 106 229 14 242 315 217 107
112 294 215 131 106 136 70 169 81 241 28 42 274 198 138
298 152 42 77 190 317 100 51 118 9 176 88 273 281 234
69 246 283 53 152 314 191 268 260 250 275 112 145 75 292
166 107 168 168 315 82 252 122 302 231 71 147 254 277 39
221 70 321 82 70 320 258 281 131 158 333 289 72 17 255
291 116 43 168 191 302 69 47 272 10 196 49 64 305 267
74 136 33 179 323 334 212 196 236 153 209 200 162 123 45
203 232 158 103 184 26 278 94 182 108 265 22 98 139 43
10000000 10000000 10000000 10000000 10000000 10000000 10000000 10000000 10000000 10000000 10000000 10000000 10000000 10000000 10000000
70 185 284 221 324 64 216 102 137 43 71 125 274 92 253
182 167 152 75 34 97 39 308 221 5 341 309 7 74 286
241 24 185 258 27 171 286 128 11 128 219 199 37 21 331
170 226 62 128 204 142 181 123 213 327 259 328 108 236 166
48 33 271 333 45 74 145 244 6 12 71 14 280 39 47
105 76 343 268 328 191 312 85 130 14 107 273 285 199 85
126 43 280 59 244 36 176 27 222 201 59 338 48 178 158
203 11 213 19 301 180 134 198 145 264 314 79 329 191 275
249 41 200 95 229 287 28 71 242 95 109 44 137 102 345
207 323 25 214 246 24 304 117 23 181 263 250 135 310 257
325 319 106 303 210 183 346 316 339 204 45 40 267 84 295
262 193 143 24 87 47 321 214 70 82 130 249 27 265 17
237 331 316 193 280 285 226 231 119 160 194 330 80 136 70
245 13 299 346 254 174 87 101 285 162 123 199 183 236 287
273 51 289 138 176 143 59 175 197 105 345 238 252 40 47
80 28 52 130 263 203 6 46 243 185 136 101 158 193 304
131 217 40 109 49 329 215 332 195 334 154 256 283 74 167
283 316 346 264 53 148 12 189 38 152 202 156 319 344 299
179 25 270 175 35 55 346 316 132 91 22 54 339 248 140
70 290 323 21 66 293 167 16 214 327 168 238 334 193 276
276 324 150 18 327 138 90 283 317 219 86 260 229 202 289
305 38 186 59 13 119 318 44 16 102 226 62 48 78 238
164 89 250 210 127 64 166 318 125 73 66 28 161 223 271
282 68 171 42 289 287 335 18 295 32 42 329 300 283 20
208 291 282 200 310 206 250 86 282 257 226 189 245 60 205
178 273 126 250 53 111 90 46 341 215 185 325 14 197 213
166 223 24 143 277 51 143 248 222 275 131 137 304 74 62
76 80 310 322 85 253 147 331 162 123 165 193 287 85 31
206 114 62 129 152 149 76 183 171 280 278 287 170 132 190
284 166 212 224 212 309 162 45 152 18 332 222 68 333 254
108 76 186 221 231 49 114 271 123 236 315 274 61 68 204
258 140 158 315 321 124 189 152 37 82 111 7 158 131 307
140 48 195 120 231 292 289 53 27 95 92 133 45 222 168
48 258 19 296 311 204 174 105 316 109 248 287 198 234 337
78 315 159 338 11 270 100 25 118 287 238 15 269 115 105
164 151 135 304 187 281 171 66 209 168 125 23 58 113 223
13 120 338 116 110 229 72 57 275 304 242 260 39 169 340
11 114 21 189 199 134 212 186 54 37 113 188 329 229 117
147 302 226 136 298 301 178 123 306 125 88 24 284 307 246
342 170 30 170 258 93 119 91 126 9 263 329 93 22 290
13 192 55 246 338 47 202 67 79 184 290 133 295 245 209
211 202 284 257 282 167 303 120 277 261 231 297 51 285 231
306 31 101 328 144 61 321 338 110 88 231 269 338 248 88
305 347 293 273 211 337 343 122 344 314 119 318 341 77 231
242 220 104 91 282 53 264 94 178 157 237 83 52 344 46
343 112 64 114 40 217 129 182 293 227 277 339 125 285 344
345 85 187 80 316 5 84 242 122 15 211 263 263 78 46
250 335 304 165 47 167 330 260 139 139 309 79 156 121 110
173 341 48 177 74 215 238 145 190 282 66 206 50 99 323
76 46 235 127 271 173 33 128 147 174 300 238 314 194 250
105 172 182 293 296 98 230 18 205 139 51 30 177 158 12
252 34 329 265 209 243 220 231 254 118 107 142 144 143 287
68 93 278 26 173 8 217 117 346 323 104 343 179 126 277
275 301 28 124 200 164 176 252 130 330 158 114 237 191 328
193 55 95 182 182 280 128 58 278 42 244 96 162 58 343
331 244 34 233 148 87 69 268 241 323 343 284 256 93 16
159 196 225 274 228 221 139 333 123 327 58 275 106 323 262
61 252 182 232 93 127 201 153 126 256 129 285 17 266 27
340 75 57 341 276 48 33 155 291 136 168 30 315 161 128
83 269 139 120 252 100 244 335 28 187 155 299 148 156 85
93 217 143 41 332 9 312 311 318 279 215 10 35 81 307
33 336 184 314 333 342 266 255 341 228 66 12 269 261 200
168 185 247 179 98 18 223 47 209 314 134 316 23 264 226
143 234 103 283 237 10 196 225 266 188 295 65 188 89 343
10000000 10000000 10000000 10000000 10000000 10000000 10000000 10000000 10000000 10000000 10000000 10000000 10000000 10000000 10000000
77 44 262 346 159 249 273 94 179 188 24 133 190 11 51
123 96 161 91 19 12 116 79 163 178 45 98 241 55 191
50 159 17 267 292 126 146 125 303 334 38 109 107 310 54
23 89 336 159 144 56 42 81 143 292 121 213 270 81 32
144 223 12 7 293 11 109 140 220 99 157 303 239 107 90
337 235 196 140 260 186 228 45 91 23 86 283 346 220 9
285 196 85 82 114 230 155 189 209 281 51 26 113 306 69
264 278 304 7 112 212 132 63 185 132 219 275 61 273 134
145 223 68 106 323 222 253 224 203 280 67 339 335 314 219
47 141 300 103 110 297 109 19 75 307 48 97 117 285 121
314 8 326 332 251 180 28 270 92 14 282 246 210 327 321
59 138 204 65 31 270 272 249 230 242 233 160 21 251 62
287 66 151 61 123 47 341 182 55 88 108 238 245 325 11
327 333 77 136 182 60 345 54 97 166 160 120 51 45 157
58 280 27 289 240 294 271 225 133 88 18 313 75 280 212
157 23 309 21 166 135 10 324 219 144 217 184 78 317 135
148 60 196 235 59 78 253 40 244 104 155 312 329 280 122
201 137 87 117 232 300 126 50 252 137 58 228 82 161 281
215 275 139 341 99 263 218 217 73 206 140 106 30 201 330
248 105 249 109 143 184 133 241 269 347 94 27 286 89 77
294 52 45 5 149 120 82 149 131 231 191 182 277 46 37
118 202 180 139 178 223 294 72 226 261 270 163 11 81 192
296 129 103 297 25 237 115 148 117 137 222 158 314 151 197
150 294 132 278 28 44 20 21 183 314 217 323 236 35 274
111 340 146 280 309 29 196 262 164 203 312 193 204 70 344
217 236 92 41 282 303 79 233 283 75 27 113 340 20 100
68 292 61 107 11 194 338 88 198 224 33 331 15 314 345
24 228 163 83 58 152 77 17 220 7 319 244 184 86 26
87 185 97 129 271 140 244 75 339 341 90 19 146 62 292
178 136 43 178 329 250 93 239 178 41 113 198 157 246 208
193 104 275 278 98 6 293 338 332 282 251 59 301 95 63
40 20 238 252 86 15 45 293 168 25 180 341 74 65 38
274 259 91 232 127 15 314 257 240 256 124 303 63 320 107
125 247 158 174 284 260 166 265 160 141 211 127 107 295 205
328 191 285 257 344 132 57 64 256 92 308 27 45 327 163
309 257 277 253 121 329 111 175 266 112 28 306 151 9 258
279 194 229 74 217 85 129 8 22 71 260 195 259 34 164
17 12 313 292 247 226 273 300 269 35 217 14 280 234 266
146 173 72 53 292 274 213 45 89 225 332 203 214 336 116
29 345 256 287 115 126 300 103 156 39 122 185 99 51 249
247 145 214 40 75 16 195 311 144 141 168 111 138 196 272
158 261 266 129 322 212 173 321 346 67 257 257 299 332 143
8 12 48 77 230 345 128 285 261 171 298 136 176 210 267
78 121 68 16 255 197 195 62 199 202 346 284 135 324 74
245 74 121 299 270 197 283 327 36 138 120 229 201 53 225
129 105 289 249 50 321 264 264 72 197 296 279 203 124 291
64 286 290 293 225 94 35 142 157 181 341 91 138 180 267
183 84 204 131 183 259 16 242 29 14 341 75 27 158 126
289 319 205 72 320 22 185 6 28 128 321 294 235 74 296
232 96 27 212 93 344 101 111 34 136 78 27 69 285 140
88 93 288 25 86 60 49 122 83 317 316 174 273 128 329
23 159 36 186 126 101 204 244 279 307 55 177 112 120 262
102 246 292 300 53 247 318 277 240 234 61 56 160 185 229
326 108 22 343 217 102 314 161 284 100 97 262 55 115 81
310 31 324 345 32 104 141 337 97 261 270 267 23 244 99
92 234 156 206 67 134 178 149 261 232 329 39 114 324 228
281 291 175 38 70 272 212 329 185 129 307 224 24 300 155
165 76 326 264 91 178 327 197 148 13 161 35 86 51 176
330 15 338 132 132 130 204 264 201 117 164 344 51 95 71
32 209 67 31 245 347 240 278 63 250 257 27 101 347 231
229 123 249 112 202 296 258 279 158 283 47 46 187 17 53
222 273 329 55 287 191 213 108 65 342 211 114 208 216 238
300 215 71 300 270 328 133 142 334 224 226 326 84 93 168
7 159 107 310 314 292 208 38 45 163 302 234 277 135 45
10000000 10000000 10000000 10000000 10000000 10000000 10000000 10000000 10000000 10000000 10000000 10000000 10000000 10000000 10000000
303 24 341 291 195 244 239 159 91 283 298 268 329 263 149
283 285 53 216 41 317 49 155 318 206 104 142 210 213 26
265 119 340 11 202 186 246 81 336 279 45 228 317 210 187
244 214 203 240 342 31 92 303 103 81 155 17 116 229 209
238 94 76 89 210 17 274 27 264 318 58 27 71 78 283
41 187 325 243 6 88 73 96 134 175 243 164 152 302 323
237 328 118 258 208 93 127 101 126 30 337 242 99 190 259
297 161 154 14 222 110 39 61 192 114 65 265 110 200 43
74 254 276 129 138 134 181 268 144 252 136 160 56 234 25
259 264 331 107 329 89 205 245 231 32 149 216 316 257 98
70 11 12 282 50 161 21 82 283 132 53 216 275 340 113
104 234 237 77 99 82 156 223 199 56 103 96 302 276 220
85 315 189 188 151 246 272 142 198 162 105 17 201 207 305
306 59 222 51 55 23 56 74 13 38 128 285 165 64 9
9 327 344 132 242 45 292 31 310 110 247 209 26 277 127
65 25 310 272 295 210 313 283 306 105 241 281 17 115 129
285 282 249 226 48 310 93 95 125 335 339 212 104 57 169
309 42 233 128 27 195 181 230 256 259 131 259 301 223 306
313 120 128 203 76 39 264 331 18 138 231 192 174 44 172
92 122 270 141 265 39 71 111 344 290 34 197 297 134 307
258 235 235 338 99 213 203 265 252 254 325 97 164 86 101
326 34 266 285 119 288 211 264 319 308 103 110 294 84 260
266 227 241 327 79 240 133 38 234 342 243 65 117 337 64
65 296 271 292 86 92 72 340 109 221 280 235 98 79 345
135 159 320 332 55 252 116 89 105 347 193 225 106 269 141
49 94 327 92 307 217 178 183 217 333 96 162 251 293 217
124 324 175 8 124 199 23 13 111 28 307 202 315 48 299
37 133 113 36 63 269 208 296 75 161 107 258 52 197 175
286 55 201 5 46 40 111 140 118 107 139 297 29 274 60
41 250 316 59 347 95 187 133 154 217 62 340 257 206 199
66 301 242 179 308 74 36 199 317 259 134 205 199 219 214
69 311 279 45 343 117 303 169 192 163 60 118 346 28 310
240 92 110 247 302 316 163 145 8 173 278 34 245 107 325
187 343 155 238 32 146 100 311 92 63 9 272 158 205 264
322 233 41 26 182 21 76 201 270 290 103 31 26 286 333
333 294 70 235 53 344 206 187 192 26 261 103 40 344 196
120 336 236 217 24 276 329 24 289 131 268 119 55 73 77
145 98 17 137 74 295 317 200 194 331 303 273 34 68 35
338 87 241 301 212 11 242 301 285 207 223 166 130 81 179
8 304 312 313 127 106 312 336 239 292 280 200 130 148 45
150 250 154 89 330 304 241 148 106 168 235 48 123 93 185
295 230 133 25 151 252 250 336 248 109 173 342 90 263 46
341 247 47 131 13 121 347 57 261 192 214 194 217 45 171
177 73 225 133 191 74 117 335 288 263 263 210 123 190 54
249 193 216 80 266 297 203 115 304 333 290 210 190 259 342
190 220 261 230 222 169 80 47 152 238 120 312 211 329 82
189 26 317 230 10 109 31 77 108 149 279 42 209 169 329
216 44 33 55 345 313 176 285 24 292 317 311 213 40 26
193 259 41 88 76 259 97 76 111 253 80 38 112 188 184
290 177 337 132 344 119 187 185 68 278 71 301 92 123 340
89 316 173 335 180 120 205 185 174 140 218 122 206 206 49
268 112 156 124 149 123 225 134 260 29 43 263 162 203 307
296 210 277 261 123 255 216 96 191 95 292 225 313 337 319
341 123 145 190 293 332 30 119 223 151 318 251 190 335 37
206 48 335 210 98 295 335 162 120 97 216 292 106 16 78
207 174 308 269 157 161 109 196 87 282 331 272 261 103 101
221 40 15 37 57 236 198 286 57 124 166 119 277 273 113
62 127 334 176 209 135 98 242 8 72 236 50 21 338 198
12 132 259 41 248 71 66 201 219 156 105 225 335 72 117
189 341 69 267 284 220 212 320 72 258 281 268 260 322 63
66 194 190 184 334 243 155 189 69 44 156 148 51 280 171
254 103 144 78 246 275 93 115 85 272 127 322 97 155 275
43 163 102 47 308 259 177 153 265 332 211 33 312 277 269
148 142 179 73 222 60 340 270 347 326 257 17 260 96 272
10000000 10000000 10000000 10000000 10000000 10000000 10000000 10000000 10000000 10000000 10000000 10000000 10000000 10000000 10000000
215 204 91 197 256 92 276 50 122 48 112 201 343 226 292
105 138 289 208 290 173 83 13 51 123 128 268 275 35 163
11 299 303 325 279 324 57 44 293 119 186 148 196 150 211
89 204 153 107 243 26 259 341 285 155 268 34 280 110 193
294 314 53 90 252 331 238 159 225 166 97 337 321 66 175
254 46 151 303 34 97 110 23 227 294 345 346 168 81 175
301 308 106 282 260 198 187 218 287 72 28 292 225 19 52
239 55 125 324 12 256 301 212 60 108 117 149 135 182 191
132 248 204 283 186 231 6 162 118 162 28 135 68 302 175
271 200 325 275 274 61 277 336 324 104 160 77 10 328 258
297 40 111 157 121 279 216 88 179 245 329 236 123 27 208
329 58 275 55 69 191 174 266 100 325 259 237 78 34 143
188 67 8 157 120 5 226 238 312 312 55 105 187 7 209
146 191 39 128 277 126 324 46 235 83 322 159 69 320 88
139 13 249 252 9 258 125 320 287 198 138 119 312 258 131
250 190 312 142 51 191 278 129 152 145 267 158 105 246 27
332 206 129 300 271 184 240 41 344 335 78 33 246 112 213
332 26 173 49 161 11 327 94 142 119 146 163 119 26 15
119 298 342 305 94 175 35 62 243 201 228 233 260 144 7
185 108 295 50 151 101 24 209 149 263 73 269 38 283 262
219 273 162 131 155 83 160 328 230 87 126 127 108 96 193
166 180 61 318 62 233 260 83 114 171 292 247 111 114 168
61 272 213 47 342 322 327 295 185 279 70 25 347 241 52
91 69 251 274 121 272 239 235 317 241 15 231 339 104 232
159 271 269 202 131 293 44 65 160 262 27 9 39 260 312
78 51 178 154 249 328 77 182 39 59 65 195 325 319 318
332 59 301 256 298 155 104 317 115 91 220 259 191 139 69
28 255 120 241 302 145 235 120 192 337 18 288 106 47 44
6 99 214 132 15 117 29 63 91 143 63 171 197 169 136
238 171 165 64 43 193 264 51 204 154 299 120 211 249 305
59 309 298 277 292 212 84 187 198 96 195 308 204 153 232
316 331 218 300 277 129 39 190 195 111 246 314 168 159 24
108 192 309 341 272 202 61 269 87 308 127 259 172 33 277
246 238 112 304 159 30 190 79 142 202 72 142 257 245 126
308 24 141 47 134 273 175 291 191 91 227 144 238 116 31
127 287 40 288 216 272 71 332 293 43 19 41 263 220 268
116 206 188 209 265 329 183 184 151 343 136 223 95 205 316
66 317 33 127 66 334 170 292 30 9 285 347 43 237 119
312 302 253 275 343 121 183 327 37 27 279 306 52 40 335
123 192 269 191 26 338 72 343 340 12 286 182 102 162 47
148 54 108 179 310 32 174 142 24 222 182 62 150 249 273
297 283 163 254 238 79 265 118 308 70 240 137 247 238 342
158 55 189 27 75 184 94 190 346 198 115 285 239 52 54
166 203 140 213 168 170 270 248 324 197 53 309 112 322 184
299 302 273 301 214 237 247 344 35 54 12 146 286 271 55
55 286 135 16 197 81 323 311 299 151 273 145 138 99 16
280 27 25 157 33 131 201 236 106 140 165 240 202 282 246
266 157 246 21 221 16 111 272 92 105 186 202 267 151 310
136 159 227 208 258 34 97 109 149 36 6 51 84 36 26
93 52 122 102 319 161 193 333 198 171 319 112 53 169 65
211 123 212 68 278 334 307 292 117 224 148 281 106 341 268
237 143 301 242 265 165 92 132 178 157 22 74 224 87 72
135 88 29 302 235 193 288 300 255 344 176 288 24 173 305
229 6 77 254 72 8 291 67 79 6 12 49 266 46 81
151 173 41 48 212 287 93 41 149 152 103 285 110 88 96
225 84 76 9 187 232 311 231 231 6 178 267 144 166 324
256 315 135 277 248 324 307 341 337 134 36 127 171 259 84
294 243 23 170 140 188 93 272 156 193 58 228 222 226 247
305 54 294 90 325 179 232 329 48 122 160 23 285 21 131
7 210 80 292 293 19 265 282 104 237 54 326 70 174 88
39 301 87 180 322 145 213 223 103 322 162 177 276 136 332
22 332 36 26 168 305 52 321 103 237 64 265 254 104 247
325 146 66 252 319 147 298 33 21 242 133 29 232 6 198
8 220 345 75 339 70 21 338 324 115 220 161 300 113 273
10000000 10000000 10000000 10000000 10000000 10000000 10000000 10000000 10000000 10000000 10000000 10000000 10000000 10000000 10000000
134 257 76 95 45 59 233 86 326 302 254 84 105 210 278
237 167 230 60 80 5 81 7 320 107 9 6 109 102 278
166 39 208 49 36 42 276 309 246 93 347 21 317 140 163
121 97 143 58 241 334 245 127 198 288 226 167 221 102 120
329 51 13 186 229 174 148 201 69 153 171 125 99 179 289
24 245 143 90 271 159 30 252 92 139 54 153 82 230 136
58 148 346 141 24 256 181 114 279 198 86 203 214 11 146
318 29 142 93 219 92 285 244 347 316 333 201 239 199 117
28 67 330 185 135 182 76 95 346 151 77 54 53 119 160
94 347 250 171 331 344 291 98 51 265 165 318 204 88 276
211 191 286 277 142 53 295 309 68 74 347 292 59 173 77
38 312 231 269 27 308 218 155 185 67 30 335 63 98 22
87 181 138 77 196 125 322 36 275 164 86 341 106 129 187
5 225 156 47 293 26 293 76 29 201 286 9 292 265 305
47 162 142 77 266 52 112 142 85 81 101 279 173 238 141
199 115 16 77 71 165 109 247 105 94 27 247 245 104 79
220 106 10 174 72 287 122 141 110 193 147 98 184 77 152
319 136 133 138 26 335 302 319 157 159 85 333 198 170 215
264 342 206 8 308 341 57 226 71 330 44 87 313 165 186
22 241 110 10 219 97 280 209 239 284 116 56 280 213 217
143 96 114 249 166 82 284 159 128 159 243 233 266 112 251
76 235 51 343 99 247 41 334 107 299 105 246 75 340 58
90 255 12 142 246 205 102 52 240 63 147 230 178 111 88
191 338 320 13 307 201 41 35 307 72 341 289 149 161 180
245 306 282 283 207 73 42 99 198 195 295 46 194 199 199
212 211 26 91 299 326 260 138 34 78 58 217 140 42 75
318 314 142 141 85 286 330 251 280 289 81 336 5 24 66
163 324 119 241 291 58 95 78 130 300 334 144 155 278 94
249 147 266 28 347 167 127 178 73 129 184 20 270 113 252
109 333 14 241 198 105 210 31 335 179 7 239 241 41 85
206 159 329 321 55 207 168 270 264 60 328 298 282 301 259
265 92 150 290 255 215 114 129 70 247 27 259 304 169 226
96 255 151 75 145 125 261 101 167 84 298 228 340 41 183
279 16 171 152 296 67 327 309 75 104 342 75 77 139 196
321 230 127 183 299 88 105 152 39 32 180 225 119 243 329
20 252 297 347 76 46 321 234 267 183 146 61 270 276 168
265 104 212 222 336 341 153 293 304 182 176 229 343 184 129
71 293 10 227 70 25 39 166 236 143 65 92 334 28 340
134 314 262 104 187 277 217 272 131 193 183 202 142 221 284
294 257 344 174 297 233 343 73 145 324 265 106 236 303 340
294 212 216 58 61 270 241 301 133 337 148 319 65 180 300
233 94 178 309 338 25 42 253 157 273 310 184 137 270 325
308 322 343 126 138 291 118 223 327 273 42 250 172 116 93
308 317 134 5 58 113 284 320 33 145 179 343 44 230 303
125 83 233 300 117 138 92 113 236 189 140 165 25 225 22
29 302 216 102 58 273 332 324 145 132 125 299 99 70 146
102 159 221 171 327 78 242 336 337 322 143 227 100 267 192
137 176 122 19 313 283 190 196 18 135 291 344 119 318 271
229 158 48 138 193 346 158 340 154 221 159 184 134 251 71
172 263 34 222 296 300 269 99 41 79 213 106 288 57 332
138 135 260 106 291 13 330 113 138 146 256 165 305 309 333
103 184 344 172 241 275 265 11 237 239 98 347 100 74 63
308 24 173 221 95 136 273 21 10 197 264 86 191 157 255
72 294 255 253 216 6 151 347 178 19 153 209 190 293 285
258 229 147 155 151 209 207 332 151 178 330 31 24 306 10
318 95 247 219 340 142 77 226 303 235 180 128 320 154 223
301 34 303 113 302 259 114 166 244 344 249 176 122 218 303
20 310 197 335 144 225 321 63 9 98 331 61 48 296 154
137 294 165 177 15 225 15 44 205 302 143 120 37 247 98
284 106 307 293 298 142 48 295 142 218 205 205 291 53 245
272 92 200 181 256 59 296 205 118 305 288 155 291 98 343
153 284 306 292 210 83 42 14 282 160 220 332 335 203 70
35 306 230 191 14 280 38 79 144 318 5 5 249 189 254
342 228 169 311 15 10 69 310 100 293 327 209 334 328 248
10000000 10000000 10000000 10000000 10000000 10000000 10000000 10000000 10000000 10000000 10000000 10000000 10000000 10000000 10000000
146 74 85 289 157 295 52 114 146 71 176 218 73 262 128
101 75 341 302 160 299 62 322 303 34 321 161 271 301 131
336 251 58 234 240 314 126 261 328 288 319 100 124 172 291
118 111 227 304 344 206 167 172 266 151 224 137 321 51 171
164 151 309 117 345 137 222 339 59 157 108 5 170 33 334
242 280 293 297 228 286 79 257 63 283 228 46 182 44 167
36 116 268 167 278 90 229 199 90 304 97 308 212 335 280
152 82 252 193 277 27 287 102 29 266 130 229 174 60 118
190 140 336 17 206 169 133 40 206 121 31 230 322 116 211
197 133 243 9 86 32 136 148 167 216 202 304 168 293 270
108 17 118 85 331 282 89 129 324 102 75 160 238 239 319
151 159 57 92 305 25 107 188 154 312 153 214 15 295 248
277 254 188 84 95 148 191 346 133 314 51 68 179 60 97
285 344 101 179 13 69 226 30 262 265 96 260 96 143 266
234 12 307 161 53 177 94 262 236 165 105 214 74 219 212
116 72 91 45 125 307 309 46 21 34 137 215 189 148 293
283 326 326 71 20 210 239 247 5 252 107 54 310 277 314
181 337 61 36 197 201 219 321 343 276 77 186 256 75 241
32 309 180 57 125 175 133 155 168 242 154 110 314 129 67
21 233 100 197 32 100 53 14 275 315 335 118 123 65 225
49 92 266 76 254 145 297 184 182 191 79 296 118 96 82
137 278 29 130 90 136 5 223 37 80 170 257 340 79 185
81 295 285 77 169 251 27 30 84 195 268 125 19 16 202
46 184 233 213 35 293 128 179 238 129 53 124 230 69 72
143 96 99 273 258 242 55 23 223 125 180 286 340 184 151
243 12 117 29 36 86 123 323 128 195 168 346 31 117 84
251 332 162 217 132 210 219 330 58 91 13 149 289 329 40
197 223 162 138 223 6 68 296 151 261 107 60 34 232 255
267 279 100 64 152 227 154 222 85 257 337 312 195 202 47
257 16 193 81 122 173 168 74 165 270 197 194 314 298 53
66 226 128 22 78 28 323 116 9 302 292 60 272 283 302
289 251 153 278 247 84 147 282 27 244 245 297 68 112 251
18 172 74 225 316 14 259 236 303 20 307 249 268 116 162
11 66 142 276 220 139 133 346 219 95 280 97 347 158 25
245 142 79 186 163 236 247 235 274 45 96 121 308 38 317
214 284 20 28 179 346 62 307 209 36 173 314 309 271 222
188 295 23 277 256 334 227 69 247 5 197 120 308 93 314
235 178 337 12 138 166 149 205 144 152 341 307 152 60 104
150 53 280 123 63 61 233 272 64 59 228 281 38 243 122
243 104 337 157 155 109 108 125 286 290 146 128 132 152 255
180 234 110 37 287 343 138 344 303 126 171 258 153 149 236
67 311 88 240 292 99 188 216 128 258 153 125 103 261 29
136 292 242 86 339 134 239 46 202 95 179 142 78 118 341
183 65 211 157 311 210 301 299 112 183 25 17 341 274 329
29 313 233 188 291 138 146 106 281 85 313 52 332 128 47
66 74 246 284 95 75 317 10 347 227 163 132 319 308 200
172 49 310 99 327 250 17 289 85 344 236 313 81 291 66
183 217 309 96 250 208 237 166 58 296 322 34 174 72 119
282 335 135 181 125 164 108 185 20 229 155 195 251 314 194
333 314 125 299 45 48 341 110 236 203 124 323 37 16 202
186 49 34 279 79 278 123 43 241 54 153 35 221 8 206
101 216 322 305 87 54 37 216 67 279 80 293 235 85 136
18 70 302 285 188 269 269 133 111 104 239 153 343 74 199
198 30 165 26 264 105 141 112 318 243 32 304 293 189 224
45 230 223 50 246 28 11 248 196 73 56 167 5 67 27
160 144 59 160 196 222 246 228 147 33 163 93 172 127 150
280 82 328 274 148 62 194 50 11 152 295 175 131 257 150
324 108 180 35 230 186 189 20 224 129 219 88 163 262 188
69 191 195 214 196 64 233 296 313 336 39 208 71 49 184
299 42 32 158 12 122 314 324 71 260 280 49 148 80 300
179 267 279 140 143 282 139 344 116 56 30 145 333 340 50
121 279 112 315 101 190 32 225 163 51 34 126 244 164 303
35 216 128 15 56 111 36 325 84 346 139 297 315 304 210
344 93 158 112 189 326 284 164 253 329 52 250 280 63 317
10000000 10000000 10000000 10000000 10000000 10000000 10000000 10000000 10000000 10000000 10000000 10000000 10000000 10000000 10000000
203 278 34 326 304 118 160 271 87 290 134 202 266 40 307
233 216 285 133 164 169 150 76 319 101 81 31 64 49 59
64 272 296 69 307 309 130 35 171 277 192 226 186 106 120
14 23 154 223 258 157 177 347 293 43 214 321 188 8 289
197 103 255 267 339 112 16 82 52 87 157 75 219 187 200
20 224 289 336 155 212 182 137 294 45 126 14 134 338 6
182 101 252 320 316 81 186 136 88 40 219 284 85 45 339
223 65 124 279 149 68 152 315 28 320 280 68 256 318 214
115 155 198 122 25 181 43 291 226 260 80 264 192 29 271
125 242 156 344 257 33 226 71 342 297 8 103 190 169 333
48 203 33 22 186 281 37 6 290 312 117 113 68 221 236
280 259 212 14 211 94 186 205 128 130 252 244 195 94 120
118 36 169 324 259 55 191 157 307 266 133 296 245 84 301
28 295 225 199 198 94 8 126 109 200 176 28 170 215 268
81 138 95 210 152 257 209 136 146 51 293 227 331 326 175
314 321 14 153 112 98 193 273 104 97 167 281 16 167 83
268 281 103 327 335 80 309 127 61 207 73 250 296 278 272
308 260 230 199 163 43 200 146 141 168 230 139 320 187 91
271 282 56 275 164 28 26 85 246 166 228 5 100 296 87
298 265 141 227 153 216 6 328 64 321 219 267 281 78 290
38 344 240 325 112 215 211 41 65 193 98 346 163 291 52
154 277 186 108 67 139 188 88 336 300 180 203 47 8 244
300 132 226 282 98 5 219 123 69 289 82 169 253 299 294
310 221 258 323 41 132 283 26 247 51 59 256 320 295 209
272 264 36 72 75 98 255 172 339 109 178 82 215 277 305
114 262 303 125 300 61 18 162 222 300 72 268 73 202 98
310 140 305 311 312 126 209 326 59 139 226 82 28 190 85
61 321 280 72 94 292 38 54 244 123 172 247 100 71 345
282 100 247 63 178 317 309 83 210 14 286 165 59 269 197
220 115 117 124 337 119 225 332 249 326 346 246 260 302 171
77 170 307 84 237 297 122 113 67 58 80 30 312 74 240
261 43 167 117 46 121 317 256 60 185 239 328 252 330 191
235 18 53 253 26 235 165 233 79 24 21 135 111 139 18
208 297 261 190 149 83 297 196 56 337 147 193 309 38 186
57 310 181 262 130 333 169 261 266 299 171 336 324 291 206
248 263 99 24 244 211 97 236 107 219 197 244 188 275 211
276 297 187 221 168 329 37 96 277 319 37 78 311 212 217
284 298 236 344 140 173 316 106 35 222 85 174 254 257 38
161 50 311 124 294 190 183 271 48 281 257 125 68 101 31
285 30 251 153 248 23 209 159 338 93 203 315 156 333 65
177 251 166 144 200 19 230 300 41 221 87 151 109 276 246
116 225 208 63 54 128 268 197 151 58 121 310 46 243 204
261 323 173 197 290 267 183 204 132 49 149 31 311 310 105
7 106 286 264 100 91 306 181 130 190 226 100 155 229 225
226 114 211 12 213 205 203 118 213 312 295 99 122 211 215
220 300 298 28 8 217 113 252 42 342 104 126 246 43 215
208 184 124 298 283 347 259 326 314 37 143 45 126 14 117
195 49 118 93 244 192 185 275 233 137 164 320 70 26 284
242 93 146 239 125 57 155 262 252 117 95 139 42 43 210
203 293 342 35 86 164 38 9 320 39 318 196 145 191 92
227 307 306 65 247 33 123 93 212 318 6 240 199 253 108
111 107 33 179 236 170 43 140 202 85 98 151 324 121 258
123 177 174 193 333 62 237 296 148 24 296 277 186 171 161
41 97 11 193 73 87 220 337 22 148 35 338 271 279 36
274 183 134 114 41 295 186 180 9 111 234 140 166 70 337
153 207 186 260 75 250 89 332 347 24 214 174 75 234 46
226 148 285 164 169 332 197 293 106 247 308 115 229 104 144
110 43 260 32 183 287 265 128 112 32 77 52 100 346 136
248 124 216 31 219 219 121 139 109 11 146 7 34 234 226
120 90 94 116 231 194 171 7 144 39 22 267 284 319 338
50 137 244 188 281 193 312 243 56 325 66 262 201 324 131
55 10 319 290 308 21 158 11 304 26 265 288 306 318 337
322 70 19 323 129 102 324 74 286 276 341 143 260 176 262
82 154 279 177 287 175 214 64 11 330 29 298 164 45 29
10000000 10000000 10000000 10000000 10000000 10000000 10000000 10000000 10000000 10000000 10000000 10000000 10000000 10000000 10000000
132 205 161 320 290 304 56 264 51 219 230 75 286 245 15
229 167 98 301 314 261 35 318 192 149 277 169 22 198 279
217 163 210 295 89 268 263 31 37 29 319 228 243 133 90
137 286 69 226 120 90 15 115 18 38 111 94 275 323 239
255 257 12 311 108 296 6 74 177 73 154 102 260 275 226
165 89 66 68 222 26 169 230 105 56 251 221 293 65 50
220 97 236 163 285 29 70 63 118 169 288 8 13 197 270
295 154 170 102 290 225 115 103 94 310 237 332 166 40 265
319 197 206 74 221 36 232 276 209 153 43 97 110 207 220
138 136 63 60 130 335 322 142 240 136 149 23 186 50 244
91 204 79 41 340 255 94 152 9 244 258 253 204 143 194
318 340 145 133 23 260 24 273 6 201 288 346 288 171 79
94 205 323 51 74 111 104 206 130 53 216 54 108 124 172
324 112 19 166 167 33 223 218 181 16 240 338 176 24 310
263 234 115 111 60 260 37 292 182 195 278 21 72 264 118
242 341 48 148 252 130 347 260 266 271 297 17 17 212 66
93 223 187 61 314 46 91 83 13 48 265 229 336 286 262
86 221 269 281 245 158 90 42 48 315 339 291 101 235 329
50 190 49 251 202 171 68 293 106 121 6 188 90 181 275
31 279 95 303 183 252 65 59 183 84 116 194 67 31 292
304 297 295 201 104 69 226 59 186 218 96 65 257 75 20
292 67 137 74 184 266 346 338 216 242 208 112 336 326 16
109 56 132 109 185 163 46 247 256 199 188 8 52 159 226
223 146 82 152 331 64 64 174 150 133 346 296 163 192 151
266 292 306 280 337 126 72 317 29 311 64 271 323 189 321
134 214 102 170 198 127 95 296 275 33 87 186 146 43 93
34 320 181 49 332 230 67 347 104 300 20 30 36 45 134
166 13 16 294 22 63 151 136 86 323 316 343 288 31 311
114 344 171 262 166 190 49 331 215 131 90 36 229 26 14
17 116 62 37 92 203 322 255 329 139 87 182 185 308 63
208 192 112 238 179 133 51 183 104 48 173 215 208 197 126
155 56 148 122 46 132 122 330 222 51 180 174 221 120 114
175 204 83 221 100 324 141 341 343 324 197 284 67 225 283
304 273 213 49 88 171 133 95 295 202 280 67 285 168 122
131 317 216 265 300 136 278 346 209 311 55 260 217 153 92
213 54 232 210 238 8 272 39 157 140 250 184 174 30 237
33 119 307 187 344 340 265 273 224 241 125 67 240 246 139
99 137 66 31 261 72 22 112 60 181 47 226 90 206 191
276 146 39 110 301 48 105 74 206 121 142 28 233 17 172
201 229 258 12 133 31 322 211 324 215 146 35 94 325 129
53 277 46 78 156 155 175 336 171 162 286 224 282 178 224
246 129 69 302 191 290 170 39 304 135 15 201 253 151 132
74 6 74 41 213 209 159 153 170 186 324 129 116 243 23
143 317 138 72 291 199 225 218 87 306 165 218 42 116 109
110 310 169 316 198 287 259 143 117 136 137 274 248 209 282
310 301 16 144 103 225 15 64 181 93 186 343 212 29 63
343 153 88 274 248 51 240 245 73 160 48 118 127 91 234
107 5 129 133 129 174 199 11 244 225 204 148 195 31 10
103 131 132 215 136 239 222 149 194 78 130 289 322 95 179
139 138 275 332 273 328 254 122 74 147 299 307 287 265 294
255 300 32 73 73 49 166 5 225 331 111 228 222 226 99
67 233 244 232 311 200 282 262 196 95 173 78 252 98 200
86 189 272 244 205 32 307 66 59 94 344 117 291 294 205
113 192 53 263 31 292 344 229 51 80 130 127 32 250 292
50 119 184 203 127 192 182 93 203 269 147 173 43 15 35
197 322 115 326 137 217 59 228 192 339 51 9 177 138 37
83 277 316 341 210 327 179 278 314 262 135 237 72 100 153
42 164 150 273 297 250 25 222 132 168 298 265 154 223 81
96 285 303 167 305 129 73 238 82 204 188 344 111 67 192
95 315 98 180 217 6 151 254 96 26 198 100 278 295 209
207 303 77 168 162 76 195 107 310 213 291 150 109 17 264
162 342 117 270 7 88 8 11 78 128 102 308 66 133 61
93 245 28 245 134 128 93 59 127 126 227 175 211 17 57
272 33 82 197 67 148 145 221 115 335 133 164 148 97 85
10000000 10000000 10000000 10000000 10000000 10000000 10000000 10000000 10000000 10000000 10000000 10000000 10000000 10000000 10000000
282 23 188 178 141 56 69 83 156 195 234 274 286 133 240
201 255 109 153 22 81 84 134 45 99 72 253 230 192 112
333 299 88 276 321 245 107 183 34 61 234 232 152 11 124
92 46 182 202 282 269 195 55 261 275 161 96 272 43 126
214 55 28 159 258 98 188 300 137 275 19 261 282 333 287
52 200 69 193 178 47 216 225 268 73 60 45 281 180 43
263 264 135 275 210 70 25 331 71 197 111 338 5 176 320
255 258 288 120 204 343 333 103 50 186 292 313 215 280 164
257 63 28 228 119 46 179 182 108 117 296 97 120 105 80
110 298 212 93 194 292 14 228 153 280 39 310 331 62 75
36 137 163 59 188 204 39 129 297 103 173 161 248 279 180
246 323 252 329 173 13 14 183 285 31 184 291 90 33 153
142 33 149 260 189 194 129 276 97 288 289 178 103 81 197
215 24 96 291 74 101 232 337 220 73 95 173 25 323 310
267 264 106 143 203 60 166 11 308 8 166 74 57 74 201
27 344 159 235 224 278 80 59 232 59 344 77 47 331 8
188 218 213 240 28 8 310 340 301 101 281 315 285 129 129
256 73 118 286 39 220 197 12 264 78 120 106 142 162 54
219 98 241 203 167 12 204 136 87 33 233 32 295 123 293
210 184 304 242 127 307 297 5 105 234 323 26 61 336 308
153 119 243 77 22 314 326 26 276 126 264 244 203 92 236
233 335 321 92 338 75 322 119 42 294 181 313 143 212 124
179 26 332 110 88 211 245 319 188 23 88 339 300 23 177
96 69 70 346 48 313 315 178 86 164 187 317 294 62 212
327 98 154 296 50 77 323 140 174 136 151 100 232 227 304
336 321 10 34 237 305 204 288 135 27 13 303 204 81 323
17 247 242 171 36 160 158 321 247 324 5 233 318 122 152
108 241 43 309 219 214 199 209 71 172 239 45 180 203 205
69 319 136 116 241 26 301 240 260 155 152 241 7 302 240
123 331 61 276 29 161 267 325 8 313 345 166 270 328 345
17 54 141 88 111 236 196 314 218 316 106 88 110 160 33
8 90 233 53 13 212 108 176 309 188 247 275 189 134 86
39 330 87 98 236 248 275 270 318 226 243 14 99 78 62
266 216 112 227 280 78 191 25 36 241 59 241 168 344 347
116 23 61 119 277 322 46 142 114 52 306 149 336 336 223
133 311 52 296 300 20 30 320 49 247 137 147 131 227 170
135 44 62 117 116 291 182 30 64 22 266 139 225 284 131
91 332 76 191 325 65 44 109 287 344 325 80 164 268 284
63 156 147 291 211 275 223 241 218 215 231 116 115 42 256
91 20 280 336 334 260 108 127 51 214 342 137 41 33 243
323 263 213 92 200 199 215 55 111 282 25 240 144 94 110
207 114 69 101 41 38 168 329 40 317 145 340 37 145 324
290 202 31 114 38 46 323 316 10 296 294 195 333 136 48
305 250 111 183 337 294 52 93 47 347 288 166 279 17 310
281 327 203 342 118 211 129 37 204 227 250 66 50 18 329
305 60 139 330 270 225 214 151 83 138 72 331 220 29 332
139 231 338 153 103 282 63 307 166 155 202 343 255 291 268
274 249 300 205 216 73 252 24 157 158 52 23 125 260 147
132 292 122 193 93 268 44 341 207 35 147 253 191 263 275
158 163 92 245 160 128 140 165 243 165 235 21 52 29 124
52 161 331 19 122 136 157 97 124 345 32 263 165 259 244
292 135 175 72 228 98 191 116 76 209 245 96 217 256 171
209 37 341 235 26 265 167 13 176 201 196 337 93 319 30
276 25 169 102 239 335 286 145 190 294 305 333 157 323 225
43 227 169 218 25 70 347 43 12 269 207 56 249 338 36
343 271 261 48 168 59 327 341 238 325 179 148 325 14 51
8 41 243 177 174 303 214 146 133 83 306 145 318 284 22
160 271 60 159 41 29 51 213 253 197 26 48 312 101 38
72 299 66 38 275 208 347 237 218 204 60 258 69 81 181
203 303 281 246 147 6 63 264 317 326 80 127 294 257 93
110 147 183 15 85 157 252 72 256 168 9 263 251 173 64
280 322 157 290 73 167 301 311 247 322 153 183 216 70 155
308 169 265 314 173 150 345 15 173 6 18 57 70 57 28
71 276 321 274 186 206 114 218 155 202 147 141 320 333 237
10000000 10000000 10000000 10000000 10000000 10000000 10000000 10000000 10000000 10000000 10000000 10000000 10000000 10000000 10000000
106 156 125 296 176 107 128 33 118 135 265 317 330 96 318
60 309 323 148 18 193 74 157 139 316 242 229 73 286 162
233 46 102 247 289 316 144 140 275 175 300 137 238 251 47
266 330 151 34 253 251 192 175 206 100 148 36 222 288 190
120 31 106 70 61 145 191 238 93 153 149 208 23 310 154
121 20 169 113 286 24 220 88 30 115 317 247 276 285 274
168 331 226 164 317 148 78 244 300 89 170 102 240 342 136
182 49 205 25 28 336 167 105 223 56 214 21 347 150 123
276 53 302 123 256 78 321 189 32 126 107 148 118 206 199
235 247 204 295 173 230 312 69 229 60 39 309 134 324 108
54 5 45 251 82 87 200 71 344 244 288 118 305 118 262
96 335 166 314 141 225 257 122 135 284 213 12 268 60 169
272 242 38 297 113 17 323 136 196 10 166 198 62 114 79
321 5 257 222 172 262 274 29 304 208 96 102 16 233 325
235 228 72 157 326 85 19 273 144 102 161 140 112 92 220
103 84 206 90 331 82 21 82 316 91 267 238 74 267 272
191 312 321 104 330 98 245 125 61 281 160 188 32 161 198
265 25 133 240 340 162 28 113 114 260 320 23 251 241 299
191 218 90 79 109 269 177 297 7 291 242 166 147 174 203
159 133 283 335 134 107 318 138 322 29 209 323 243 37 47
31 112 219 111 127 177 200 231 284 224 224 280 295 153 272
167 295 296 54 214 337 138 176 268 105 263 148 234 346 10
86 96 293 124 80 128 317 271 310 186 29 97 306 339 149
319 61 8 147 182 250 228 209 296 168 65 257 102 282 20
86 70 239 15 254 291 222 78 219 281 115 119 93 81 272
300 48 215 220 183 28 178 343 153 216 81 21 9 36 247
57 157 159 116 24 231 106 147 302 177 307 342 117 335 79
166 176 221 291 264 170 299 21 41 298 202 43 344 93 153
227 8 283 196 266 6 200 77 280 300 34 219 243 320 38
143 243 60 157 332 33 67 72 314 99 62 174 127 93 314
125 79 244 130 185 253 138 86 157 117 96 205 333 303 76
19 345 191 204 232 103 343 204 292 201 94 200 224 167 273
310 34 75 154 246 209 302 244 309 259 306 264 263 143 81
235 222 262 220 215 98 83 101 275 126 251 180 295 112 214
8 322 332 6 133 78 56 227 88 253 139 318 328 331 264
328 199 270 258 248 277 323 96 209 18 281 199 65 274 105
88 321 218 191 183 195 155 249 135 283 185 163 196 88 164
53 250 5 267 157 308 105 242 60 337 289 191 268 114 243
134 52 69 324 159 166 180 243 173 215 279 331 345 318 158
244 197 197 252 42 40 137 43 93 145 194 130 140 106 267
303 263 328 246 277 233 42 118 330 77 37 205 297 205 64
313 108 128 275 255 29 99 57 70 100 153 231 73 108 134
142 113 159 192 190 336 53 120 217 24 82 149 122 275 170
292 124 42 136 28 297 277 72 330 41 248 218 159 49 277
201 79 49 293 102 181 45 146 295 11 53 33 303 47 332
191 247 132 23 10 89 302 187 6 345 226 72 31 119 76
255 231 309 169 120 251 166 189 109 339 239 211 312 135 235
140 150 103 284 252 11 268 172 202 159 76 342 91 198 66
296 42 283 175 207 343 249 87 328 99 133 96 315 184 319
296 142 170 139 330 87 295 120 250 67 275 293 226 7 12
282 283 37 187 241 341 89 240 27 116 83 282 198 167 51
207 283 106 73 289 160 292 131 175 320 218 76 98 84 117
254 241 221 195 7 251 5 84 327 164 346 206 88 327 41
121 99 206 210 260 89 24 258 35 163 200 79 95 261 98
227 288 317 298 257 85 183 75 347 88 175 315 312 40 54
86 123 183 179 204 102 293 344 19 69 212 48 303 164 154
209 305 211 204 216 103 99 295 192 205 322 35 165 156 16
294 176 281 122 321 228 182 151 100 124 279 66 144 272 198
88 31 269 227 141 339 110 77 333 279 110 260 169 292 69
20 295 335 29 177 69 338 126 267 46 164 187 109 82 98
161 217 346 147 31 198 116 303 22 152 144 109 317 117 239
226 80 136 273 27 338 279 107 85 291 94 79 342 186 87
248 290 129 192 341 305 267 218 60 310 317 30 194 177 120
223 51 316 187 301 160 341 301 61 122 97 323 341 305 284
10000000 10000000 10000000 10000000 10000000 10000000 10000000 10000000 10000000 10000000 10000000 10000000 10000000 10000000 10000000
26 187 293 176 327 257 11 141 52 278 224 131 181 203 91
259 305 119 270 121 94 334 10 88 194 192 14 298 254 91
158 216 230 143 264 168 209 147 239 204 67 184 333 11 8
307 59 86 159 156 296 219 59 69 299 231 171 46 279 115
112 188 85 282 317 318 51 40 185 212 286 260 203 209 50
334 226 16 60 26 182 144 89 109 221 326 108 116 40 14
129 55 240 304 87 74 114 231 69 332 76 344 329 9 310
246 278 96 58 223 47 172 109 89 55 18 232 262 284 110
225 187 146 262 281 111 17 280 313 139 8 173 111 23 322
239 155 277 75 217 267 48 219 298 345 164 223 95 315 251
149 16 322 109 71 261 93 156 156 170 98 327 257 18 337
323 219 229 66 18 230 124 255 60 65 13 346 65 66 135
339 175 53 246 218 220 30 185 11 38 75 66 209 257 287
304 17 162 125 275 212 219 246 70 277 253 247 102 262 321
155 94 73 53 233 52 230 10 38 343 156 109 286 240 17
221 311 23 194 294 255 12 39 177 121 59 204 339 132 229
90 307 243 172 123 209 325 155 340 149 293 275 29 185 41
154 27 203 70 322 116 11 267 219 237 87 251 7 100 257
198 128 111 296 95 196 343 249 174 57 238 264 221 158 243
311 165 72 220 259 168 30 138 331 60 328 258 290 78 97
203 45 194 304 25 220 255 340 98 178 144 204 64 121 205
13 338 259 222 108 26 17 192 223 242 236 332 334 9 316
27 167 29 117 228 114 233 237 116 20 288 173 309 224 167
271 222 235 80 201 288 87 21 170 85 343 74 102 214 314
63 248 103 17 198 27 44 40 149 39 15 208 6 230 306
202 155 157 141 223 226 246 172 25 38 66 329 152 47 220
117 174 230 211 293 153 338 270 262 84 185 194 122 257 173
342 196 52 80 174 267 253 136 161 74 330 79 10 214 62
206 66 77 248 213 327 241 341 98 40 224 148 201 129 150
75 20 61 318 342 260 99 109 209 204 72 197 95 278 254
327 200 343 19 342 328 225 67 124 290 148 200 254 154 217
59 272 298 325 117 143 152 299 106 202 169 173 137 280 151
338 171 250 37 158 341 191 13 255 255 134 135 266 27 347
320 148 209 178 269 140 150 78 6 34 97 255 35 107 39
213 287 183 232 76 50 102 192 270 158 57 171 25 335 251
272 217 189 285 309 197 292 190 256 246 305 120 96 339 26
340 269 154 269 334 131 341 293 277 318 278 263 35 104 223
27 19 246 264 189 258 218 18 344 260 51 140 51 61 340
210 261 214 262 191 23 336 16 214 25 281 64 167 116 48
12 196 337 129 213 83 37 247 159 196 238 311 290 246 274
231 62 141 286 114 221 50 203 43 301 165 327 284 62 35
107 164 190 185 142 264 289 157 43 78 115 50 340 69 61
241 107 95 239 40 179 82 25 273 344 259 295 72 295 19
14 311 31 90 219 271 101 222 272 182 42 82 172 306 251
215 133 203 208 227 177 44 61 335 129 79 23 167 322 250
230 240 306 69 171 141 311 261 46 236 182 242 22 91 101
79 79 245 210 7 33 181 83 249 171 247 77 36 85 304
184 144 316 38 54 158 80 338 72 251 278 275 111 72 206
229 191 245 304 347 12 182 135 128 121 237 309 320 94 305
339 189 157 279 185 130 201 281 321 132 241 153 133 33 153
60 6 193 164 153 254 273 143 305 133 49 267 331 51 241
59 143 149 282 198 244 199 18 41 207 257 112 138 57 142
290 326 114 6 89 284 121 10 171 248 269 143 19 282 161
122 332 73 299 132 299 231 224 338 50 337 316 312 218 48
132 13 117 39 171 20 234 222 342 289 101 266 320 263 76
185 66 221 43 144 142 201 48 160 149 341 29 144 243 20
173 216 107 45 20 324 294 227 344 253 281 347 257 90 111
272 282 302 174 275 43 26 242 322 112 28 210 69 177 39
253 323 85 299 147 129 310 179 28 325 77 105 159 159 142
168 146 219 87 84 294 344 289 141 92 36 335 204 46 319
312 230 303 307 277 175 87 183 337 69 31 305 164 18 189
24 288 21 73 270 324 163 78 114 136 128 40 99 104 213
229 109 70 201 244 258 296 174 250 93 201 226 343 27 247
57 91 309 243 109 122 154 222 175 262 144 255 47 245 210
10000000 10000000 10000000 10000000 10000000 10000000 10000000 10000000 10000000 10000000 10000000 10000000 10000000 10000000 10000000
157 273 165 30 312 68 77 196 325 187 322 201 16 29 50
134 137 261 163 251 158 35 158 282 247 344 201 34 256 172
224 264 236 50 71 21 254 118 86 115 60 70 242 279 270
73 344 339 302 150 116 212 174 288 23 21 259 36 120 26
228 147 148 284 216 141 295 200 80 112 272 124 284 58 110
37 32 319 143 248 95 190 85 73 156 35 176 103 266 57
279 59 173 92 92 50 302 296 332 16 261 103 299 126 96
195 41 77 131 113 126 346 119 160 316 85 71 272 181 113
53 249 75 67 280 90 199 225 58 86 210 182 232 311 156
96 289 298 286 145 43 262 222 243 230 322 211 336 223 286
294 309 330 152 263 183 292 277 136 245 338 120 229 243 120
198 330 17 169 15 171 175 91 99 232 89 99 290 44 316
47 124 166 107 299 229 98 143 171 40 71 267 135 14 174
169 293 304 252 253 131 229 141 206 177 196 157 109 6 129
252 269 195 84 180 253 51 31 292 195 301 180 328 151 38
317 298 326 279 103 216 116 324 50 328 312 218 215 280 244
114 162 330 288 125 334 317 321 62 335 265 138 168 323 144
260 282 184 131 248 191 78 130 22 206 276 30 276 272 15
273 42 160 208 20 182 161 306 150 126 95 284 242 195 315
69 210 254 83 251 182 70 339 65 229 169 124 13 29 40
49 196 27 54 252 83 195 117 167 276 284 8 309 203 180
295 69 183 295 121 110 212 226 152 226 248 247 167 59 330
74 161 205 134 301 25 174 69 159 262 344 320 303 118 107
114 101 165 249 76 30 43 317 39 24 136 345 130 303 36
91 324 316 251 139 320 163 332 17 164 312 16 31 126 211
322 135 146 100 274 309 173 181 29 196 175 239 306 233 167
179 200 203 40 12 338 37 233 261 290 331 128 281 37 269
343 252 229 291 291 99 223 247 101 336 204 130 304 22 58
158 250 56 5 214 88 168 285 71 132 236 141 337 12 247
224 215 124 302 24 282 138 102 154 338 78 208 309 228 119
83 85 5 29 107 76 90 134 292 58 225 256 278 194 123
258 200 74 47 63 278 188 205 279 258 49 343 220 266 284
77 107 251 79 347 103 120 133 285 228 238 345 19 336 294
167 70 295 261 246 59 64 107 121 6 341 80 340 286 211
74 314 76 307 113 129 54 225 139 15 24 182 299 227 222
292 147 28 120 253 279 193 234 286 283 273 7 323 310 120
123 13 104 9 11 127 306 125 107 94 84 160 147 323 72
54 187 256 279 306 75 201 5 241 204 297 45 259 344 252
29 106 274 69 330 278 95 309 44 126 43 262 226 132 280
259 92 100 33 50 128 280 79 272 36 138 209 327 203 75
224 296 51 99 134 96 171 328 60 49 189 72 26 163 306
342 153 115 120 298 92 101 346 76 241 249 32 176 37 229
312 346 26 109 309 172 327 87 143 265 181 112 315 295 77
79 190 304 254 94 106 114 97 166 336 277 244 58 253 198
42 29 110 153 158 165 245 199 176 167 133 115 53 329 213
75 92 214 248 129 59 283 247 31 159 312 139 57 241 175
15 262 50 156 86 28 148 6 298 77 96 251 231 252 150
197 184 5 179 17 328 72 69 178 110 220 141 138 241 25
163 264 26 221 26 206 290 24 170 38 293 193 70 55 344
282 179 10 124 261 196 59 294 202 145 218 188 275 225 22
115 179 6 217 254 177 108 137 204 155 285 76 210 60 160
195 5 133 263 69 270 43 337 53 259 130 239 139 60 291
327 127 139 223 199 323 301 243 164 154 79 163 192 200 339
134 154 70 8 36 204 244 306 135 158 247 218 199 282 234
315 37 151 301 329 282 304 201 273 287 206 337 234 212 41
234 95 212 188 133 111 76 23 318 75 159 50 251 287 109
15 259 139 140 124 237 43 155 81 288 147 298 43 231 294
56 332 20 181 231 228 235 81 19 23 26 90 76 11 200
229 159 54 191 88 197 214 149 172 107 91 235 310 100 205
91 237 324 271 273 23 319 237 76 333 318 90 71 21 53
262 135 345 98 330 8 164 39 200 299 98 216 121 332 328
272 314 185 125 320 226 92 96 9 322 199 37 157 180 248
176 43 39 216 85 52 162 111 256 333 182 209 75 300 283
118 275 180 55 226 340 154 197 6 21 237 188 222 105 43
10000000 10000000 10000000 10000000 10000000 10000000 10000000 10000000 10000000 10000000 10000000 10000000 10000000 10000000 10000000
104 305 58 270 320 159 70 200 143 188 73 176 204 257 114
219 66 72 235 102 106 80 126 93 23 162 263 266 290 12
24 323 55 59 139 120 17 205 270 226 227 23 260 153 247
88 236 62 80 347 65 6 46 312 326 67 186 95 318 71
252 52 333 79 15 103 195 122 16 207 135 204 281 208 107
105 101 93 151 46 120 136 284 132 182 237 255 345 9 151
116 55 237 212 193 177 138 174 161 279 237 89 172 182 215
193 138 32 61 288 223 298 179 285 215 196 192 43 138 196
74 345 37 231 85 279 171 137 279 262 204 301 116 247 38
129 104 42 296 121 302 238 5 12 197 330 28 200 144 209
57 73 240 110 333 309 124 334 22 270 65 153 125 188 307
311 44 37 165 292 53 283 12 91 40 18 225 9 205 78
80 198 77 222 191 320 204 72 270 163 320 335 284 163 250
139 221 116 7 251 220 81 302 185 60 171 260 216 50 152
301 312 100 258 251 317 171 239 181 280 202 66 329 85 106
190 171 227 197 56 72 58 45 241 313 236 315 256 267 281
248 167 218 17 126 307 346 241 43 300 213 49 84 185 324
57 174 305 40 131 241 71 160 266 103 35 275 344 174 181
325 90 280 108 250 176 100 212 193 244 220 65 130 146 215
205 133 81 5 238 144 213 228 252 77 155 276 35 103 138
104 27 6 143 76 331 174 42 221 103 99 11 257 268 247
184 157 75 10 161 311 162 335 91 311 319 91 39 70 248
255 162 247 104 131 39 277 36 222 189 113 276 256 39 257
188 49 113 312 314 239 327 213 211 116 60 143 138 152 94
194 195 283 210 148 34 212 19 299 18 39 172 266 162 283
72 79 305 199 225 179 322 141 128 57 92 184 152 16 242
56 234 111 170 139 231 178 66 84 263 134 238 215 250 71
269 21 284 177 64 288 68 176 58 224 77 191 235 61 10
126 342 188 208 200 88 18 142 10 347 235 301 142 66 92
52 336 202 247 37 9 100 154 126 136 40 334 204 150 258
274 165 150 281 90 58 98 227 132 309 238 142 10 104 230
66 48 338 290 105 308 25 343 219 21 155 169 235 54 41
340 93 199 283 25 140 169 98 198 213 144 75 229 141 194
105 207 48 201 338 42 79 326 302 54 221 213 309 122 61
110 202 340 83 335 213 267 336 48 292 124 269 205 109 47
177 287 308 192 12 153 188 327 116 91 77 322 147 181 309
242 79 324 186 264 230 24 282 236 65 85 123 236 128 337
57 69 127 124 195 263 124 295 59 190 228 84 29 255 19
262 278 79 53 212 280 256 211 268 173 130 79 147 236 237
157 218 274 289 72 181 271 15 234 149 123 72 200 173 231
229 250 87 334 259 270 141 45 207 219 105 67 224 268 40
145 276 130 210 56 38 62 270 184 138 117 116 301 20 140
114 251 173 6 215 282 16 255 323 156 24 63 179 243 256
105 61 338 159 275 267 27 100 30 294 232 227 18 279 8
339 106 246 132 321 49 186 290 86 22 150 327 298 95 165
128 269 220 96 116 132 270 324 145 26 213 57 251 301 301
37 237 297 15 30 30 54 250 285 266 196 88 32 175 7
338 197 178 165 122 7 340 280 94 94 35 68 66 309 272
311 101 88 32 209 241 282 293 209 247 166 101 181 115 21
93 237 329 49 146 251 120 264 343 200 115 285 342 26 102
39 205 197 256 207 225 39 247 305 164 216 286 310 72 17
52 213 34 33 94 115 149 99 48 148 32 323 338 97 98
203 254 287 298 306 67 188 72 201 48 14 233 269 277 301
69 133 15 164 61 277 227 329 127 184 139 319 319 145 96
218 200 183 108 323 264 168 148 159 207 49 45 139 344 228
181 215 58 170 221 327 100 205 189 7 273 292 318 268 117
74 178 175 228 82 87 165 50 43 322 271 36 8 60 332
239 119 5 289 172 302 331 97 215 312 293 94 137 134 278
213 172 265 91 328 316 273 23 289 230 71 130 30 79 120
274 98 288 305 134 49 98 191 97 298 324 171 236 151 160
309 341 164 6 286 105 101 307 206 287 279 123 226 118 94
85 106 34 196 272 137 101 162 248 222 5 209 101 63 190
331 262 329 296 174 334 62 126 272 44 40 143 206 122 21
283 51 316 326 65 297 253 136 111 307 19 243 150 45 134
10000000 10000000 10000000 10000000 10000000 10000000 10000000 10000000 10000000 10000000 10000000 10000000 10000000 10000000 10000000
147 329 70 256 211 251 123 214 53 20 161 29 204 215 13
74 268 273 292 154 304 338 323 244 225 184 84 91 193 29
213 114 222 179 211 304 174 80 5 51 30 314 155 125 135
80 84 269 312 181 122 100 191 172 67 107 279 65 87 237
331 141 332 258 115 263 14 54 299 304 74 165 65 98 289
126 280 164 328 135 64 117 23 319 232 220 287 22 252 223
253 44 246 232 312 304 46 272 318 159 140 223 308 242 203
228 329 138 124 10 113 116 173 161 226 169 176 91 165 290
12 99 208 185 100 191 122 7 162 311 113 312 84 285 169
122 178 186 140 69 291 45 320 227 152 347 25 212 8 312
14 152 261 78 118 195 180 292 164 140 203 319 166 14 335
149 278 30 61 89 151 261 174 22 331 203 161 345 93 153
287 95 195 70 251 49 131 122 44 202 239 23 250 197 34
84 339 179 83 275 68 135 300 167 25 254 215 201 320 133
59 318 60 273 115 285 256 146 208 341 223 94 266 152 254
166 261 51 50 21 176 340 347 243 235 275 38 41 107 200
134 51 47 238 236 83 197 207 140 281 8 321 299 105 56
110 40 134 294 158 36 224 169 260 216 97 73 327 78 15
283 48 75 269 189 338 14 173 308 294 20 107 214 141 215
46 142 23 259 38 63 336 123 122 303 133 305 249 342 238
251 197 282 238 254 105 341 243 210 265 151 199 58 191 299
321 256 253 334 126 166 189 248 316 23 227 80 223 347 129
240 135 9 227 16 298 69 144 73 219 286 211 261 198 250
217 64 154 57 300 99 252 79 49 262 69 308 129 167 144
193 120 109 79 7 51 92 224 69 324 333 315 161 191 165
159 288 298 85 22 273 158 213 59 317 191 219 71 340 113
141 15 323 6 128 21 35 290 96 163 53 290 301 123 305
319 275 73 19 147 95 172 284 206 259 8 124 282 146 327
325 194 242 111 231 246 170 260 95 197 5 288 316 94 155
112 163 193 53 223 20 194 184 219 161 262 105 196 250 125
288 301 254 309 112 174 307 64 75 169 118 116 328 226 236
214 23 217 41 129 270 235 116 238 50 125 149 172 239 243
166 89 324 25 141 198 24 28 187 256 107 28 69 316 80
199 187 333 271 214 80 119 118 206 258 121 340 268 90 141
87 51 15 184 168 329 342 25 322 104 262 316 164 39 345
52 47 45 340 79 271 315 39 117 179 202 131 290 285 27
243 10 46 305 260 192 288 259 105 137 171 237 42 191 93
130 283 100 126 15 342 263 33 189 162 337 131 39 100 158
75 79 259 70 167 339 108 42 23 87 324 144 52 210 123
318 96 301 254 128 218 39 133 165 157 137 340 287 336 276
41 101 66 172 260 182 200 286 259 89 329 282 135 308 112
172 21 41 303 311 234 289 89 270 118 231 92 115 186 153
258 44 10 134 76 126 257 172 69 148 259 326 294 246 156
290 15 62 258 44 232 128 259 7 39 146 243 164 12 345
25 32 249 180 173 107 252 165 334 222 57 89 252 332 178
270 160 102 330 245 187 298 324 290 282 162 159 65 170 82
341 15 56 318 25 157 136 284 132 143 206 61 114 196 6
19 165 50 156 136 125 281 19 236 57 123 148 146 150 238
15 198 51 216 61 104 103 335 344 6 26 225 66 252 169
28 104 177 211 180 83 179 13 208 249 320 179 289 129 200
99 347 208 81 138 181 76 177 195 307 155 47 54 172 168
31 219 300 319 238 181 170 159 20 136 238 241 314 196 323
277 234 286 210 224 144 167 221 49 201 212 144 88 169 277
47 340 148 221 198 108 10 51 308 283 325 9 292 230 156
33 256 93 131 136 118 242 316 43 149 24 84 133 176 93
230 255 176 187 343 256 37 84 237 242 252 239 130 20 24
59 313 177 204 313 35 142 321 245 244 287 195 318 271 103
157 95 195 197 266 136 104 230 199 293 331 283 77 82 116
239 75 340 199 216 331 299 184 114 257 114 304 277 60 281
240 42 67 192 169 50 80 286 22 129 108 334 288 26 268
11 271 25 244 179 51 164 258 100 276 271 105 180 317 338
251 327 102 297 39 95 287 32 35 81 128 271 321 318 224
219 333 70 231 42 237 199 82 314 183 164 325 209 40 180
288 303 303 98 116 72 140 43 38 32 298 136 146 176 238
10000000 10000000 10000000 10000000 10000000 10000000 10000000 10000000 10000000 10000000 10000000 10000000 10000000 10000000 10000000
184 318 248 101 204 82 137 105 194 332 138 182 75 189 243
37 157 223 182 54 213 240 332 88 303 15 281 218 283 20
91 128 169 87 72 245 175 24 33 179 262 238 309 122 193
290 74 152 26 276 148 71 107 26 125 170 57 93 49 194
284 9 340 77 223 165 198 213 212 147 187 109 111 206 248
126 272 320 145 260 302 316 316 107 187 240 178 137 74 146
141 195 31 289 264 134 135 21 16 118 272 181 124 143 338
242 234 278 79 196 118 122 104 66 279 318 133 56 211 168
107 319 74 81 334 255 56 7 147 250 54 153 152 193 47
215 308 299 142 137 157 288 120 152 230 96 179 277 157 232
335 153 217 158 26 180 199 131 289 272 8 99 235 47 327
318 70 152 166 211 59 176 160 340 215 88 339 191 11 150
78 344 197 287 223 263 259 157 233 24 327 331 200 114 259
169 161 136 294 334 46 159 166 67 75 207 178 218 290 254
155 211 217 31 296 165 307 328 7 146 156 71 98 77 197
42 44 112 193 34 246 312 175 179 281 266 124 189 195 277
86 278 174 122 152 39 18 186 259 156 69 323 43 25 269
102 11 206 39 244 151 82 14 267 22 305 294 211 130 160
145 82 45 76 232 51 93 224 230 16 287 209 50 241 144
98 271 276 289 110 96 85 162 149 71 67 331 181 185 145
20 274 201 177 68 82 44 7 142 259 347 305 132 260 53
115 197 32 280 186 68 11 319 345 187 74 324 126 140 301
295 130 49 170 185 336 279 221 241 280 278 211 342 265 203
95 347 12 290 128 206 23 251 64 18 107 285 125 93 7
17 220 135 127 132 35 206 33 220 159 235 6 104 297 159
283 68 145 193 81 192 307 104 31 342 246 204 221 74 307
250 199 94 203 141 130 249 12 82 157 93 103 39 257 314
156 119 202 319 56 321 74 308 244 286 225 79 207 336 190
162 146 176 85 239 188 328 184 225 162 107 249 287 32 211
247 325 94 44 161 44 251 180 97 216 202 280 229 98 215
329 230 90 162 304 22 218 174 235 225 150 346 244 8 287
263 290 137 175 144 342 141 185 13 117 136 132 338 27 163
255 146 98 122 7 63 272 224 310 31 202 284 340 49 135
53 138 193 297 300 71 283 181 326 123 346 194 282 138 172
41 62 276 322 119 15 231 29 227 189 286 22 88 55 216
325 12 50 35 311 207 49 253 274 42 237 69 68 105 59
332 170 206 124 328 321 209 186 118 202 339 211 176 337 259
145 196 347 173 92 328 332 153 18 228 45 226 45 336 237
173 66 187 253 114 158 207 85 326 173 46 253 135 190 305
212 199 274 59 162 44 191 10 7 290 162 286 60 202 314
165 315 162 133 49 229 110 228 174 232 78 242 140 218 209
119 231 100 145 262 25 90 305 222 150 300 122 142 78 98
337 158 64 86 168 276 309 75 165 315 249 315 99 142 207
29 131 322 115 14 130 32 308 204 23 215 103 94 288 197
291 275 284 102 341 272 332 170 40 89 346 124 208 344 307
135 154 276 233 34 21 340 115 107 161 122 207 261 326 329
26 156 90 76 344 26 262 47 29 270 234 322 229 98 159
16 239 226 269 189 150 132 302 38 8 289 135 275 127 67
251 237 333 255 178 117 327 123 92 13 178 149 168 207 260
306 330 56 79 163 318 322 347 150 323 214 299 275 57 10
188 105 87 231 19 234 265 213 237 65 271 311 47 177 253
238 213 227 80 232 12 148 89 224 298 342 303 260 14 40
335 97 221 295 289 335 279 30 120 209 278 61 259 41 274
220 51 228 237 197 8 188 247 333 202 206 259 182 176 120
221 320 257 7 170 80 156 232 101 21 119 273 323 168 270
81 12 325 176 221 142 269 148 168 98 194 167 239 23 33
52 31 106 69 283 114 248 230 297 162 134 334 95 145 204
76 277 211 231 47 179 229 333 263 27 27 129 139 24 345
228 121 135 189 47 11 149 256 231 98 278 257 132 95 285
337 129 312 39 190 265 87 339 233 136 284 217 244 82 215
7 314 173 31 48 188 283 232 93 22 320 271 48 340 35
345 202 319 333 344 287 267 138 98 113 224 274 341 54 153
120 134 165 246 93 146 222 149 320 67 294 134 92 214 68
328 286 92 176 181 278 148 175 61 30 132 207 41 120 86
