10000000 10000000 10000000 10000000 10000000 10000000 10000000 10000000 10000000 10000000
65 13 6 21 39 33 54 48 63 4
52 40 34 51 49 22 56 4 66 28
28 47 63 34 35 72 1 38 70 16
4 32 31 45 29 29 68 73 63 40
70 17 64 21 34 9 27 24 8 60
70 56 48 64 36 64 31 63 25 54
66 45 67 20 18 24 19 26 27 10
17 23 47 34 65 64 71 20 1 45
14 10 5 39 67 72 45 20 42 25
40 28 15 30 33 30 48 31 31 27
49 48 32 67 41 30 42 28 39 14
55 56 2 11 16 25 66 57 11 61
47 17 17 25 55 55 14 27 4 32
4 68 51 8 53 42 40 20 43 45
10 54 19 2 51 14 73 20 20 45
21 16 16 36 23 31 60 24 26 5
10000000 10000000 10000000 10000000 10000000 10000000 10000000 10000000 10000000 10000000
46 4 36 71 1 46 68 70 72 23
53 1 31 48 19 7 49 69 52 40
33 38 34 37 27 37 38 64 29 48
68 72 3 67 52 11 45 4 17 30
22 15 21 49 66 32 45 67 60 69
50 54 37 30 18 50 22 45 72 64
44 8 25 48 1 12 24 26 2 2
1 58 73 1 12 22 57 13 30 55
22 14 64 43 65 47 9 9 65 42
17 72 34 69 47 17 27 11 47 57
15 56 58 30 30 33 35 28 53 55
22 45 22 17 70 6 30 56 15 16
9 6 47 52 1 49 36 27 35 51
49 45 47 17 39 9 3 34 48 14
5 72 71 42 5 30 46 3 14 66
14 41 38 11 35 46 21 22 57 49
10000000 10000000 10000000 10000000 10000000 10000000 10000000 10000000 10000000 10000000
38 20 71 5 45 66 49 9 49 54
22 44 26 28 21 3 67 24 40 29
10 1 12 24 17 4 24 15 11 73
9 20 43 63 16 14 54 43 68 24
68 29 22 68 18 31 7 38 71 42
59 4 18 27 70 27 9 1 23 36
38 35 31 52 62 4 7 61 63 27
27 40 58 69 29 9 62 60 18 63
63 3 3 9 44 12 21 54 25 1
14 48 27 12 45 21 36 12 45 32
73 5 28 51 48 61 54 4 67 61
39 15 45 18 23 9 14 35 19 50
70 27 4 10 35 59 32 55 17 52
51 62 28 61 9 21 68 2 8 66
39 63 70 43 57 39 61 26 55 59
2 3 56 27 7 40 33 67 19 34
10000000 10000000 10000000 10000000 10000000 10000000 10000000 10000000 10000000 10000000
63 21 43 30 1 71 61 63 31 46
14 17 53 25 38 67 31 39 72 62
14 21 29 53 68 51 73 32 18 22
1 67 43 46 61 31 55 67 16 44
72 53 38 21 48 50 67 20 61 52
53 41 53 64 37 39 44 48 30 20
11 1 58 14 31 13 28 16 35 4
13 6 5 73 25 5 27 12 6 36
65 59 18 7 60 53 52 47 27 66
48 72 9 20 72 68 29 29 68 8
55 23 20 65 68 70 36 28 48 20
16 34 45 46 41 48 28 61 42 19
68 16 34 32 35 70 11 1 61 71
2 13 38 38 24 68 8 52 41 38
14 10 11 69 9 42 25 18 38 55
43 22 27 15 10 54 40 71 51 15
10000000 10000000 10000000 10000000 10000000 10000000 10000000 10000000 10000000 10000000
10 43 6 35 34 33 26 4 68 12
12 18 73 23 5 33 36 30 42 45
5 58 25 54 24 24 34 33 68 58
28 30 63 4 1 50 15 52 71 1
11 14 58 29 47 53 47 36 28 7
56 40 70 16 19 24 12 49 27 42
10 45 39 28 34 44 43 26 52 68
22 35 27 30 15 31 17 28 60 1
35 32 47 4 35 6 51 20 52 19
27 44 65 1 11 69 46 50 40 6
26 39 56 12 4 73 36 5 40 8
14 6 23 32 4 54 5 49 10 62
30 59 35 27 23 42 2 52 46 16
57 7 39 70 65 3 2 12 38 44
61 47 22 52 37 5 53 20 46 15
4 55 25 17 35 21 58 54 14 19
