10000000 10000000 10000000 10000000 10000000 10000000 10000000 10000000 10000000 10000000
344 131 326 235 20 70 144 246 151 171
116 212 105 308 136 344 73 140 109 77
335 145 292 244 172 161 315 134 302 337
173 253 268 136 271 73 86 129 168 138
208 168 15 172 127 32 62 130 56 257
158 57 115 102 202 80 170 24 235 241
34 339 101 80 259 310 126 85 203 8
39 216 93 184 264 83 74 80 27 290
207 109 283 102 87 309 92 320 14 138
48 77 181 286 124 129 217 16 205 323
196 209 186 234 189 212 102 217 40 71
301 136 214 234 253 206 98 23 59 192
40 186 43 320 109 244 235 171 15 250
299 66 135 121 10 156 81 215 195 202
138 295 315 10 210 67 144 177 114 217
297 243 176 156 265 312 308 284 181 287
84 33 304 176 313 259 327 212 253 103
154 99 148 101 25 229 266 318 288 205
61 125 21 213 316 10 341 263 127 106
197 179 104 282 220 24 307 58 60 323
339 232 170 219 141 166 332 281 81 321
117 291 203 210 251 96 168 248 175 222
316 216 153 330 133 280 135 195 277 173
29 32 343 335 93 170 55 56 52 199
199 205 198 128 59 215 219 36 178 256
123 331 206 65 201 97 113 22 329 67
342 316 108 197 122 95 182 108 107 282
20 112 280 266 10 280 312 300 346 110
20 238 127 133 13 112 80 214 92 347
137 83 173 7 301 171 305 58 336 87
78 346 115 156 56 64 40 224 186 219
246 248 42 254 159 166 329 212 264 147
63 36 258 265 215 51 283 9 195 273
223 193 144 53 267 97 257 118 286 128
17 232 56 329 194 72 38 189 80 253
308 264 344 136 140 335 327 264 53 214
204 218 150 288 222 166 319 64 160 91
317 272 319 240 199 234 74 57 35 75
9 82 273 188 96 279 228 117 99 288
171 199 226 190 145 70 298 256 189 253
94 30 61 16 149 205 57 127 78 321
81 282 180 299 320 95 281 322 311 294
175 212 206 57 341 284 211 24 242 119
305 91 144 319 150 48 72 212 195 112
142 314 77 43 51 262 188 130 84 26
223 299 221 202 78 198 33 195 34 18
296 139 24 233 314 272 57 218 35 45
10000000 10000000 10000000 10000000 10000000 10000000 10000000 10000000 10000000 10000000
311 134 314 175 201 106 48 101 182 296
216 214 181 51 133 290 228 204 157 220
269 185 174 39 268 224 275 313 305 194
84 229 48 120 113 272 341 179 45 9
199 36 277 176 162 59 192 22 159 44
324 326 55 60 96 18 153 289 346 248
314 148 259 93 302 257 347 213 340 322
233 220 245 243 138 317 174 245 278 279
75 201 224 113 218 77 134 188 37 327
38 116 253 117 174 35 220 191 183 159
92 42 28 313 193 79 86 77 198 194
269 241 114 209 131 23 100 190 303 170
136 85 133 245 59 244 66 334 84 286
184 169 140 34 330 58 211 232 346 218
227 286 49 277 266 196 185 344 236 275
321 116 309 201 307 313 153 228 254 135
278 260 38 334 263 204 284 142 86 37
174 105 236 266 304 186 152 23 67 156
286 335 56 139 51 28 325 163 125 32
85 41 127 166 217 101 52 211 101 52
30 339 209 327 35 159 25 103 75 307
336 131 284 293 257 229 142 93 291 273
64 173 122 220 49 314 337 161 342 44
210 268 194 312 149 297 306 213 14 173
113 144 65 127 205 329 335 191 104 345
175 125 184 286 50 219 33 169 206 232
25 174 139 97 312 133 235 288 319 289
337 208 52 268 229 137 294 276 302 141
160 25 83 133 84 219 295 205 238 345
282 184 21 8 321 76 190 321 139 154
31 105 188 157 19 113 106 45 89 111
170 214 255 49 18 77 20 230 285 262
187 265 232 202 22 262 196 273 108 30
255 323 120 81 216 33 181 333 265 34
274 111 163 89 114 331 328 188 184 185
284 13 24 25 151 158 37 28 36 14
251 114 277 331 105 339 173 252 175 35
281 45 336 195 58 238 197 194 67 282
213 104 81 153 29 52 310 331 40 148
204 335 30 219 346 178 311 73 38 240
294 253 303 24 311 243 11 119 59 208
64 154 177 111 274 242 262 113 257 57
182 166 139 58 72 333 219 139 253 284
42 181 57 30 18 121 274 141 140 86
271 137 347 238 250 239 165 336 94 204
272 169 320 302 38 108 81 91 233 163
291 249 284 295 158 59 197 249 19 144
10000000 10000000 10000000 10000000 10000000 10000000 10000000 10000000 10000000 10000000
135 71 92 315 337 57 317 154 172 86
68 59 271 160 9 70 127 309 336 76
186 294 114 97 205 248 340 76 198 24
173 204 102 119 111 73 246 135 37 316
11 130 216 154 169 202 27 60 9 243
119 140 142 102 346 121 306 289 73 79
147 253 195 119 59 346 77 82 77 310
70 310 262 50 311 170 282 71 197 275
145 164 269 157 69 9 65 42 149 102
108 319 313 159 90 47 208 216 233 112
41 52 193 201 138 180 23 242 51 163
40 344 277 134 282 304 127 68 138 339
273 241 106 337 254 329 261 199 24 200
107 332 110 51 232 271 273 312 57 115
292 208 146 26 22 70 22 78 75 7
108 223 181 149 171 337 51 120 283 314
286 57 277 250 201 39 142 142 46 204
175 15 292 304 261 145 323 18 312 266
177 142 121 173 328 149 223 160 29 24
66 174 248 328 178 325 80 216 273 92
24 115 13 345 260 57 168 337 162 180
117 154 227 114 39 267 258 210 249 160
324 135 107 325 169 222 171 23 102 191
252 307 57 116 253 74 137 186 21 63
202 345 69 310 99 228 188 271 197 252
328 88 59 64 247 139 110 317 326 145
280 337 269 126 148 157 44 84 338 272
226 252 265 318 243 52 39 130 8 25
155 170 206 173 20 326 222 285 300 141
221 73 58 285 43 84 106 15 130 10
79 325 146 143 226 179 79 181 192 205
95 246 117 53 143 276 121 55 18 244
114 182 340 313 258 9 219 217 281 169
231 111 255 58 41 92 103 30 247 88
49 89 117 13 175 297 164 79 142 110
116 87 258 121 280 342 58 323 339 288
282 198 212 106 309 44 136 256 52 248
145 193 334 83 341 258 327 50 272 248
204 181 214 346 121 27 332 171 238 51
164 109 12 206 289 244 31 190 40 21
254 332 312 236 158 116 311 131 160 270
194 35 229 39 283 12 226 123 292 180
219 336 335 190 182 94 347 12 328 11
229 322 323 221 240 15 20 36 58 121
156 184 100 104 77 169 326 172 67 224
64 325 167 159 180 71 40 209 186 179
298 124 87 294 248 115 188 34 347 177
10000000 10000000 10000000 10000000 10000000 10000000 10000000 10000000 10000000 10000000
98 26 228 239 336 95 82 30 207 267
13 212 272 263 237 314 347 161 42 63
26 162 170 21 265 249 214 281 229 157
286 327 129 277 24 117 213 137 141 67
172 56 178 115 346 152 164 324 318 24
140 161 99 11 277 318 205 235 27 347
261 140 338 271 92 62 271 190 15 218
331 137 250 324 130 20 269 119 282 40
86 313 198 113 184 221 56 47 42 207
130 45 292 92 108 103 315 321 297 249
247 133 190 223 111 63 285 68 334 212
278 142 320 102 128 222 217 28 59 192
267 52 337 271 253 71 37 326 319 173
84 63 37 246 100 131 247 276 111 140
51 116 224 98 296 318 259 275 305 344
156 285 160 263 218 168 28 185 167 115
159 301 315 204 302 220 202 191 256 313
121 298 265 141 300 16 222 131 139 245
183 52 196 64 231 199 167 216 43 115
72 26 65 58 254 172 247 339 42 237
310 209 249 347 344 325 76 342 42 294
308 330 47 82 308 138 170 327 315 200
289 87 50 242 272 333 213 291 186 58
212 294 56 27 185 97 218 172 220 327
308 167 36 302 94 278 28 203 155 172
95 20 324 293 190 79 266 314 230 141
249 85 89 70 109 78 255 42 145 21
148 242 259 25 166 154 189 279 18 144
258 307 77 13 334 29 187 269 157 320
30 56 199 117 11 96 300 329 129 26
137 214 335 232 81 77 250 117 251 313
226 36 173 114 182 218 21 200 229 199
169 313 292 238 283 138 107 155 220 231
183 322 302 261 286 106 126 259 59 153
96 290 38 293 109 296 286 203 56 29
43 234 59 124 164 144 219 325 202 255
205 342 49 173 255 178 334 276 121 229
97 334 142 18 275 183 42 198 342 314
236 222 245 130 176 112 160 102 162 139
95 47 51 311 65 235 46 340 67 138
347 330 132 192 29 23 101 68 148 150
195 328 58 198 295 57 169 94 195 11
35 182 61 248 136 159 331 71 99 166
122 16 107 76 123 43 340 231 322 35
127 186 267 276 177 272 67 8 267 90
38 102 179 279 17 139 181 43 248 202
145 332 242 29 92 307 129 24 62 267
10000000 10000000 10000000 10000000 10000000 10000000 10000000 10000000 10000000 10000000
310 12 21 305 169 175 345 11 195 219
270 84 159 245 272 99 229 55 159 343
325 326 27 278 242 116 82 290 34 289
65 9 276 306 8 134 63 237 19 245
303 172 209 62 67 94 70 54 166 217
121 144 253 296 50 49 179 58 347 259
332 282 179 40 347 181 59 113 165 193
68 309 316 209 179 182 268 126 36 136
270 179 293 118 324 161 24 297 285 295
74 111 9 101 310 287 181 102 264 119
212 325 297 45 53 50 204 288 155 95
130 81 216 32 260 223 122 148 340 314
38 281 296 328 255 11 100 162 72 309
91 181 326 294 343 59 108 33 320 66
13 268 112 273 27 297 248 237 127 174
129 141 286 232 229 333 81 327 87 121
341 344 333 282 153 254 315 167 284 176
31 59 296 87 160 143 196 194 298 59
333 126 173 137 148 340 58 97 215 340
301 203 54 254 25 254 129 229 200 25
152 199 269 177 227 252 308 168 127 8
41 69 11 111 283 191 190 286 242 9
30 138 257 210 313 284 161 31 71 54
310 182 324 187 217 340 83 136 137 118
276 18 264 307 269 124 115 165 342 215
240 91 212 118 113 326 343 286 86 247
70 174 64 241 210 327 319 258 65 144
154 59 53 227 39 315 189 48 333 56
151 166 41 23 262 121 137 44 133 320
177 193 66 200 161 152 216 58 317 130
56 138 208 225 306 267 266 200 317 229
248 43 40 228 92 171 322 206 269 92
229 280 117 326 86 330 332 93 223 36
27 63 267 332 269 271 47 93 113 198
151 74 172 304 321 228 220 221 191 329
269 320 247 198 235 202 265 48 342 145
263 60 155 221 247 68 56 332 46 11
300 186 340 263 153 272 80 178 92 267
302 167 99 122 175 146 172 79 188 119
122 152 67 267 35 286 200 336 135 213
104 94 292 103 289 205 285 173 275 46
282 198 281 326 128 312 335 227 150 298
321 337 114 215 45 172 107 311 34 327
218 327 105 52 268 44 125 131 148 153
173 36 26 96 243 288 36 19 81 309
302 23 184 150 273 200 144 311 49 178
283 11 90 206 154 185 339 254 225 17
10000000 10000000 10000000 10000000 10000000 10000000 10000000 10000000 10000000 10000000
147 59 163 165 172 15 206 276 33 301
287 338 162 236 24 53 306 177 187 50
153 325 129 315 331 90 81 33 199 285
238 342 343 115 274 326 37 343 165 188
116 276 213 337 182 179 319 298 271 308
113 216 317 240 148 211 108 184 337 218
224 48 252 224 210 301 61 284 46 124
54 33 192 128 267 54 279 268 179 207
296 11 316 86 340 176 60 106 117 114
301 119 68 137 28 61 89 55 303 201
102 185 119 64 330 264 166 256 327 280
179 9 189 13 259 308 197 18 119 311
34 93 293 288 49 110 191 109 205 186
344 162 297 159 152 276 262 78 152 153
109 331 131 203 170 91 300 33 184 157
288 21 79 338 302 143 141 135 90 234
218 339 108 10 137 12 107 46 157 202
290 232 316 75 250 34 314 88 195 273
122 72 145 343 104 200 52 190 337 189
281 42 157 51 338 182 172 236 98 200
223 232 123 345 33 226 304 66 233 89
49 265 339 15 288 336 42 227 140 223
44 42 271 289 301 88 267 317 23 74
206 59 212 209 318 176 184 204 26 332
245 205 94 51 95 246 81 183 250 233
64 137 105 112 314 331 33 226 59 144
107 186 235 344 204 327 332 326 289 115
8 138 30 308 336 192 220 342 59 19
164 333 26 289 266 294 190 330 186 151
68 196 254 340 7 111 185 300 267 106
272 205 229 90 254 154 113 347 264 238
184 176 76 209 240 129 150 340 120 190
302 122 45 241 314 92 11 37 33 282
124 236 316 31 332 164 177 131 296 130
346 327 45 188 165 95 127 43 285 44
197 193 340 314 295 69 81 79 108 231
139 177 136 315 81 206 124 310 68 136
245 182 253 92 337 223 136 301 191 224
166 164 14 315 255 285 84 300 11 322
127 266 207 115 215 279 211 300 263 51
276 272 164 143 321 95 169 163 251 339
326 197 142 196 102 280 77 40 329 30
323 203 322 243 174 113 344 75 10 205
239 172 88 313 286 243 286 40 141 94
50 201 98 268 323 295 112 309 310 128
99 314 157 168 270 114 276 187 235 132
171 110 262 68 35 163 287 173 179 282
10000000 10000000 10000000 10000000 10000000 10000000 10000000 10000000 10000000 10000000
204 290 208 97 124 254 83 286 198 67
135 148 158 66 263 27 217 105 166 95
73 126 15 124 237 272 319 200 276 201
154 134 26 58 81 280 343 302 54 189
320 107 151 174 246 298 100 250 49 270
34 309 139 268 143 210 190 43 98 275
26 217 27 337 75 13 263 217 215 296
292 9 91 161 195 221 49 155 235 259
280 125 221 258 276 91 193 303 244 71
233 317 24 236 204 137 56 171 86 13
309 270 94 8 309 264 94 308 58 300
174 257 203 55 131 18 344 50 145 153
81 214 121 110 50 330 112 294 141 204
232 126 170 271 311 260 236 243 10 117
326 212 208 342 286 149 128 336 18 76
282 125 122 88 104 34 236 295 240 225
22 303 238 221 238 198 110 67 174 142
293 13 52 190 229 53 292 318 307 251
280 190 35 174 108 313 196 338 149 278
121 251 118 322 228 152 167 206 281 40
328 319 149 252 262 281 276 184 27 242
220 88 27 203 163 10 38 176 279 279
140 17 164 126 181 233 216 250 114 21
198 88 55 341 124 73 126 131 105 220
327 57 246 204 96 312 115 182 256 17
15 42 53 80 231 332 152 324 242 92
128 108 126 93 167 280 210 204 293 258
230 187 101 341 183 94 232 171 140 346
277 261 33 13 44 191 41 173 236 197
133 294 138 176 21 262 343 305 244 116
178 183 54 244 149 265 47 254 43 158
38 198 154 45 310 120 141 54 180 157
65 47 124 314 331 317 246 24 172 265
227 297 32 93 314 164 140 327 269 96
38 314 298 283 321 59 9 94 254 252
200 13 193 243 163 338 38 209 136 177
296 343 256 218 275 198 75 197 44 236
206 293 261 77 241 78 274 274 53 137
255 186 45 27 173 74 146 94 126 197
266 283 82 18 229 14 130 131 162 60
84 336 93 194 134 238 216 174 270 223
256 117 189 147 146 91 141 314 274 323
67 308 337 229 96 105 80 99 219 161
72 58 347 176 230 85 143 34 162 141
39 332 288 105 272 92 128 269 239 106
174 100 148 257 244 23 219 298 19 110
270 345 145 98 21 132 163 122 244 93
10000000 10000000 10000000 10000000 10000000 10000000 10000000 10000000 10000000 10000000
230 237 34 122 153 148 96 329 134 76
163 198 185 304 319 46 334 226 44 258
163 88 305 328 297 267 163 344 249 213
232 28 276 243 286 285 332 17 21 40
268 134 314 150 8 85 84 235 242 196
190 230 197 144 215 318 295 12 248 301
267 232 75 94 173 237 114 268 185 52
102 336 239 210 197 52 70 44 91 19
122 26 111 63 241 148 146 165 10 8
305 51 147 51 176 155 249 92 338 29
17 215 311 215 102 259 16 89 335 131
304 32 266 222 319 187 37 72 158 147
85 295 282 166 191 284 162 40 134 315
23 111 220 344 169 309 230 161 89 268
92 38 270 29 274 109 166 273 211 291
83 80 189 27 95 136 73 72 305 162
345 179 27 119 264 22 327 309 322 48
198 190 127 201 217 77 128 267 95 210
192 11 201 77 7 217 176 63 82 334
322 26 103 136 308 139 299 345 347 279
318 231 228 296 201 239 261 99 230 314
245 58 339 221 110 208 123 48 30 235
13 91 260 313 84 225 187 250 252 166
116 219 294 137 324 109 343 47 181 239
57 14 12 190 54 176 159 200 314 307
324 108 269 183 239 305 40 208 130 99
251 154 335 329 50 54 227 253 219 70
271 185 187 169 225 144 18 31 176 339
322 332 148 169 294 35 126 323 198 40
215 62 262 71 301 196 52 298 10 241
318 194 288 54 213 165 209 157 66 157
133 177 188 241 224 275 119 72 332 245
291 80 8 188 159 40 323 129 111 345
182 33 133 247 238 131 176 76 15 176
272 94 22 243 181 343 276 78 321 72
287 148 121 234 170 109 64 328 331 201
176 110 174 38 182 248 307 338 129 311
23 250 158 322 250 177 11 159 71 266
281 100 93 18 347 312 167 163 344 145
202 124 70 335 41 296 69 98 179 223
31 118 235 117 329 122 19 210 85 295
15 90 328 188 242 189 73 16 99 20
302 16 240 322 60 299 103 341 253 254
151 186 342 240 270 323 330 131 219 176
126 331 127 218 247 259 185 54 57 316
74 86 48 347 333 116 311 161 236 72
184 330 234 142 249 248 317 228 85 43
10000000 10000000 10000000 10000000 10000000 10000000 10000000 10000000 10000000 10000000
66 236 292 155 186 277 112 281 245 168
49 95 25 20 46 237 63 287 243 223
223 347 13 232 170 186 227 205 330 190
229 85 24 25 323 319 334 46 309 241
66 262 214 247 113 208 158 331 139 76
64 324 93 248 197 109 335 269 94 22
254 29 60 19 95 243 293 50 300 12
315 274 103 147 286 50 302 297 21 300
173 127 86 222 237 237 210 92 115 198
45 104 93 7 103 227 276 103 83 28
102 308 200 212 70 293 299 83 162 197
195 267 138 217 231 164 87 281 89 319
150 98 181 185 63 54 267 332 190 271
295 110 112 132 12 270 104 32 238 112
68 36 320 37 57 306 315 169 53 253
310 331 237 32 294 73 116 215 225 332
122 84 216 14 14 171 87 251 182 110
224 80 145 187 89 314 45 136 61 260
302 153 208 302 127 137 227 296 299 192
240 207 96 126 85 214 137 224 126 281
95 333 223 53 167 78 343 56 98 215
34 26 327 214 244 116 131 279 199 338
77 278 280 256 290 343 191 225 270 212
172 142 329 103 153 67 145 149 345 215
39 251 263 240 183 83 201 225 216 152
249 193 108 277 320 96 89 240 115 180
261 111 345 10 249 276 205 208 332 57
168 294 223 174 322 331 244 35 324 57
14 213 302 295 140 34 80 91 311 209
61 12 22 99 41 152 154 141 75 49
40 327 108 164 146 28 22 123 310 147
26 177 232 321 154 330 296 126 9 17
49 48 55 276 308 218 227 275 75 176
285 238 242 220 180 32 49 96 261 40
137 14 214 122 285 282 199 9 67 188
347 148 33 205 192 85 334 213 61 284
246 322 14 148 13 194 345 53 132 58
309 296 283 199 326 151 114 94 245 217
31 198 38 70 68 305 131 32 39 7
137 157 119 191 37 237 41 194 336 207
38 257 164 283 235 203 240 12 160 315
102 40 241 119 201 29 340 310 294 23
322 57 89 111 28 116 298 341 79 339
300 28 18 31 320 259 191 87 268 40
222 121 338 53 207 178 215 55 285 232
191 99 187 131 300 151 133 258 93 271
165 118 258 179 299 184 172 231 146 53
10000000 10000000 10000000 10000000 10000000 10000000 10000000 10000000 10000000 10000000
284 87 97 92 187 341 153 188 99 199
162 253 269 88 107 78 183 346 43 61
329 347 287 39 258 173 262 38 268 196
253 333 31 69 186 107 326 192 134 67
208 248 277 251 181 325 329 121 169 14
86 249 41 20 131 180 87 79 41 232
284 266 295 218 209 166 319 74 333 196
126 122 108 311 310 335 28 10 158 119
160 331 328 295 200 65 323 283 157 16
247 267 186 234 277 18 161 334 24 179
93 47 295 12 180 176 223 37 57 145
300 106 48 48 149 148 109 119 219 89
338 205 29 37 112 121 72 321 238 319
344 128 243 85 144 222 198 262 296 50
19 124 36 104 248 176 215 273 55 79
217 51 15 37 201 76 257 99 258 147
55 46 114 185 334 239 324 49 232 67
316 264 52 10 162 77 39 152 321 261
335 93 138 116 225 78 213 195 11 180
217 72 278 139 346 179 162 66 13 344
51 279 294 126 347 227 201 234 339 129
215 267 225 204 300 121 103 106 139 39
297 104 220 129 56 200 228 223 89 269
227 165 33 142 122 169 196 184 89 113
102 125 56 14 61 275 90 109 24 41
36 79 187 191 314 346 119 74 254 182
304 321 62 189 264 39 197 90 177 324
260 152 135 58 272 321 43 246 225 219
38 202 52 247 73 116 301 230 252 15
36 131 84 320 314 21 97 228 138 64
83 32 109 276 125 154 242 240 135 13
202 118 33 47 335 273 238 249 318 238
252 184 65 127 326 276 340 53 149 46
180 83 327 338 41 14 46 143 233 190
34 41 170 316 334 230 138 123 339 147
138 83 253 61 245 345 63 255 105 308
29 21 334 73 55 289 43 160 275 85
323 68 56 24 220 279 72 98 209 96
276 70 133 19 252 11 98 162 256 141
241 305 295 28 60 46 297 265 44 77
236 160 183 102 259 276 322 143 45 295
27 109 147 311 61 333 259 93 341 281
71 61 171 318 296 153 39 57 89 176
249 172 198 13 40 104 102 241 191 32
291 202 213 61 82 249 191 215 275 12
260 183 77 133 258 109 26 166 186 204
189 138 80 208 150 66 37 195 161 242
10000000 10000000 10000000 10000000 10000000 10000000 10000000 10000000 10000000 10000000
51 332 346 304 165 51 200 313 20 294
341 179 155 340 236 255 7 306 55 181
97 237 320 152 75 216 339 32 213 8
100 268 20 197 161 219 277 267 314 44
34 310 77 110 222 119 126 273 283 247
84 247 35 223 29 297 216 45 344 253
67 338 161 97 278 15 75 76 12 222
219 316 50 256 46 275 64 14 190 225
43 56 137 58 182 299 245 264 201 115
337 34 264 161 305 115 106 62 218 210
167 294 315 20 171 145 179 296 250 66
98 301 134 257 130 148 313 40 208 247
41 123 67 223 338 123 71 81 285 106
341 301 235 310 52 150 189 67 79 88
309 272 189 201 77 341 107 200 261 172
204 23 162 258 140 83 51 67 176 20
144 318 279 289 184 203 150 68 313 103
24 62 147 89 266 151 151 230 118 332
137 69 83 172 28 116 109 239 86 257
314 225 189 171 142 152 303 172 285 102
102 211 50 42 27 154 256 234 90 309
206 105 37 294 229 192 255 322 152 30
184 324 210 39 338 11 255 188 220 96
231 37 24 126 179 37 146 59 217 255
157 138 46 98 125 238 236 141 107 256
214 252 157 200 286 26 168 219 313 223
95 188 210 287 114 102 295 264 251 212
41 193 101 204 87 10 191 249 300 240
168 279 55 216 156 122 69 27 186 100
111 188 45 27 148 104 73 267 262 182
200 87 20 87 313 306 323 42 97 21
97 223 179 272 34 69 27 30 176 47
339 227 256 144 251 342 47 109 73 298
78 135 27 300 296 338 198 40 231 330
32 341 192 116 296 67 15 196 243 287
326 229 172 78 83 287 156 306 241 49
72 315 210 108 118 252 85 272 267 299
56 123 283 230 329 81 304 181 83 319
84 170 56 189 276 221 8 344 336 33
209 207 146 35 71 51 334 159 201 281
107 139 68 337 222 307 187 56 30 62
43 291 110 34 94 158 232 277 205 11
343 136 124 17 255 208 128 261 250 95
326 201 297 64 223 126 60 198 251 202
22 310 269 81 297 122 241 292 274 224
269 239 221 125 85 263 158 40 44 281
243 87 162 321 148 226 96 162 112 18
10000000 10000000 10000000 10000000 10000000 10000000 10000000 10000000 10000000 10000000
142 280 145 51 262 31 167 88 121 53
226 112 240 9 178 50 170 72 227 231
117 268 332 101 14 305 277 347 46 130
184 83 42 221 339 43 84 275 259 208
335 326 259 120 180 300 311 163 336 277
211 37 282 183 242 235 326 277 83 339
287 240 118 198 236 79 299 236 181 198
73 61 129 33 96 211 95 64 333 342
325 297 272 91 130 175 256 253 266 90
254 169 312 280 113 233 78 251 334 60
181 117 230 230 289 199 104 120 39 264
318 96 76 207 21 251 298 329 152 304
66 234 171 258 135 165 210 205 201 243
60 60 323 74 146 189 25 191 188 58
47 297 97 79 329 328 155 299 16 209
27 296 282 192 27 264 323 230 218 232
286 332 240 204 183 86 19 339 64 176
254 9 206 237 307 17 179 100 94 27
73 250 57 322 143 291 307 120 24 81
277 43 231 18 228 202 58 268 297 127
344 27 224 347 164 323 42 7 185 327
254 301 340 127 199 197 239 44 225 310
16 299 218 199 16 227 47 224 330 295
137 226 88 221 208 284 180 271 269 173
128 222 8 104 45 105 49 85 309 182
233 30 123 260 83 213 167 176 8 254
116 90 264 57 288 301 14 219 64 252
129 164 194 282 242 249 189 300 10 280
212 287 50 157 322 176 263 213 89 106
177 90 212 26 64 275 124 18 144 307
230 163 113 49 298 287 29 277 77 176
261 283 11 16 260 36 271 305 26 186
340 94 284 45 122 206 108 26 13 336
189 317 242 262 204 270 187 101 331 76
124 138 291 194 90 314 307 103 202 249
133 39 173 283 217 275 141 173 42 44
168 194 58 336 171 26 112 249 323 340
290 80 208 255 273 243 220 215 72 183
157 255 241 286 221 342 29 172 272 169
87 185 63 328 166 87 150 47 98 180
175 206 123 235 212 242 338 340 256 165
236 333 163 121 11 48 178 14 247 306
103 120 260 216 158 108 329 122 335 294
342 117 181 17 31 40 347 114 268 279
91 238 72 111 175 193 202 181 82 257
248 202 16 144 304 159 12 94 140 19
310 16 338 97 136 138 61 64 205 31
10000000 10000000 10000000 10000000 10000000 10000000 10000000 10000000 10000000 10000000
271 299 262 154 82 104 215 244 313 223
184 302 108 29 234 163 92 196 105 175
305 226 105 193 158 226 98 331 224 172
256 122 15 264 264 70 291 216 293 304
223 133 103 74 15 52 201 265 307 146
32 245 183 118 93 7 61 229 144 100
170 61 213 9 310 148 88 308 195 274
28 318 241 137 239 228 92 148 325 36
53 210 79 102 194 266 205 63 258 289
172 233 325 324 254 160 21 86 125 72
339 54 284 104 294 135 229 136 323 69
75 43 171 200 240 310 261 184 116 225
13 179 154 57 258 274 299 129 169 240
191 57 112 294 247 177 139 347 292 11
212 270 308 78 259 247 121 335 105 346
261 45 267 317 336 244 223 235 85 169
255 196 188 147 340 83 164 336 20 135
17 238 117 314 151 219 66 153 184 298
209 70 161 316 43 314 90 236 266 172
196 331 84 141 312 186 44 121 69 285
324 288 142 183 220 34 327 168 63 286
196 20 99 121 102 198 226 274 66 127
37 276 340 133 249 73 280 24 227 289
284 238 142 36 311 48 241 145 317 251
67 153 279 58 109 159 195 314 232 250
192 322 233 132 231 27 206 97 59 298
82 180 258 12 148 280 316 274 347 227
115 206 58 347 46 244 181 141 46 247
317 289 274 54 183 127 322 247 183 152
326 324 82 316 34 285 347 108 245 13
248 24 221 77 170 244 170 255 297 194
245 319 267 64 291 177 23 10 291 137
180 56 340 186 269 165 26 245 194 291
306 41 210 309 300 222 160 181 163 196
72 165 89 269 316 263 228 207 86 212
21 140 154 33 102 101 104 131 278 104
114 255 301 139 285 328 132 67 31 140
121 92 51 271 76 235 146 312 64 153
157 165 216 40 314 91 210 12 264 126
67 172 171 150 55 116 342 198 136 222
296 235 205 224 270 69 51 314 185 123
66 325 146 253 112 79 41 27 85 191
259 156 244 239 211 340 180 209 13 45
339 15 65 79 140 59 216 292 65 346
162 324 243 332 47 303 115 126 21 162
209 254 140 47 217 206 278 177 320 287
38 48 315 156 66 268 255 25 338 34
10000000 10000000 10000000 10000000 10000000 10000000 10000000 10000000 10000000 10000000
270 195 172 120 330 237 30 12 192 183
93 167 90 195 205 261 231 60 202 264
91 216 97 153 15 330 247 61 90 267
314 346 181 99 316 256 269 308 59 266
97 78 68 102 248 223 131 59 69 296
291 84 43 175 115 18 331 329 102 248
75 60 115 292 250 254 101 336 71 129
53 200 336 61 132 133 245 37 174 187
189 265 58 125 46 289 267 220 229 327
248 46 282 191 118 160 230 119 293 204
192 186 28 318 90 85 143 155 338 61
260 39 345 139 29 314 28 163 187 342
162 304 284 229 224 147 51 76 249 108
160 46 192 205 278 268 218 171 83 334
346 339 196 123 169 176 76 256 71 172
28 101 78 71 277 214 20 76 243 298
181 310 314 155 257 95 9 31 18 168
307 130 97 267 41 152 66 200 307 318
13 21 313 109 343 7 110 184 264 16
180 240 54 120 204 220 99 299 154 45
243 183 293 180 177 228 215 108 228 249
233 195 96 122 208 40 345 284 266 214
327 123 12 295 189 161 341 216 236 260
98 50 164 197 59 282 164 153 27 166
130 117 278 154 70 299 316 87 245 136
82 214 61 19 236 252 206 118 176 81
98 156 302 222 54 332 237 309 247 137
43 160 183 307 307 168 261 72 317 110
269 30 30 313 19 99 257 53 267 96
314 216 122 198 60 77 112 120 190 204
53 7 155 299 270 169 26 139 303 192
126 215 103 11 182 171 242 330 133 219
251 66 90 346 70 140 280 274 183 16
98 128 195 217 49 291 314 221 222 64
103 145 176 252 67 131 187 288 23 14
215 330 254 106 285 26 99 278 211 92
84 168 119 48 59 347 299 216 254 170
105 179 276 270 134 26 8 292 90 216
294 233 333 80 303 254 119 250 345 36
156 96 284 21 317 260 317 293 164 141
274 212 275 305 67 98 269 126 75 282
135 263 339 310 149 15 151 194 185 346
242 13 303 87 86 52 171 148 130 199
187 226 284 139 329 31 282 29 225 121
62 39 298 265 105 105 12 158 245 50
64 66 28 276 126 29 86 195 243 293
305 318 254 57 346 218 195 230 193 155
